/*--------------------------------*- C++ -*----------------------------------*\
  =========                 |
  \\      /  F ield         | OpenFOAM: The Open Source CFD Toolbox
   \\    /   O peration     | Website:  https://openfoam.org
    \\  /    A nd           | Version:  6
     \\/     M anipulation  |
\*---------------------------------------------------------------------------*/
FoamFile
{
    version     2.0;
    format      ascii;
    class       volScalarField;
    location    "0";
    object      TRec;
}
// * * * * * * * * * * * * * * * * * * * * * * * * * * * * * * * * * * * * * //

dimensions      [0 0 0 1 0 0 0];

internalField   nonuniform List<scalar> 
10000
(
298.763
298.788
298.813
298.836
298.859
298.881
298.901
298.92
298.937
298.954
298.969
298.983
298.996
299.009
299.02
299.031
299.041
299.05
299.059
299.067
299.075
299.083
299.09
299.097
299.104
299.11
299.117
299.123
299.129
299.134
299.14
299.145
299.151
299.156
299.161
299.166
299.171
299.176
299.181
299.186
299.19
299.195
299.199
299.204
299.208
299.212
299.215
299.219
299.222
299.225
299.228
299.231
299.234
299.236
299.238
299.24
299.242
299.243
299.245
299.246
299.248
299.249
299.251
299.252
299.254
299.255
299.257
299.259
299.26
299.262
299.264
299.266
299.268
299.271
299.273
299.276
299.279
299.283
299.287
299.291
299.296
299.302
299.309
299.317
299.327
299.34
299.356
299.377
299.404
299.438
299.483
299.542
299.619
299.718
299.846
300.005
300.2
300.429
300.686
300.96
298.763
298.789
298.814
298.838
298.861
298.883
298.903
298.922
298.94
298.956
298.972
298.986
298.999
299.011
299.023
299.033
299.043
299.052
299.061
299.069
299.077
299.084
299.091
299.098
299.105
299.111
299.117
299.123
299.129
299.134
299.14
299.145
299.15
299.156
299.161
299.166
299.171
299.175
299.18
299.185
299.19
299.194
299.199
299.203
299.207
299.211
299.215
299.219
299.222
299.225
299.228
299.231
299.233
299.236
299.238
299.24
299.242
299.244
299.245
299.247
299.248
299.25
299.251
299.252
299.254
299.256
299.257
299.259
299.261
299.262
299.264
299.266
299.269
299.271
299.274
299.276
299.279
299.283
299.286
299.291
299.295
299.301
299.308
299.316
299.325
299.338
299.353
299.372
299.398
299.431
299.474
299.53
299.605
299.702
299.827
299.986
300.182
300.415
300.677
300.957
298.763
298.79
298.816
298.841
298.865
298.888
298.909
298.929
298.947
298.964
298.98
298.995
299.008
299.02
299.031
299.041
299.051
299.059
299.067
299.075
299.082
299.089
299.096
299.102
299.108
299.114
299.12
299.125
299.13
299.136
299.141
299.146
299.151
299.156
299.16
299.165
299.17
299.175
299.179
299.184
299.189
299.193
299.198
299.202
299.206
299.21
299.214
299.218
299.221
299.225
299.228
299.231
299.233
299.236
299.238
299.24
299.242
299.244
299.246
299.247
299.249
299.25
299.252
299.253
299.255
299.256
299.258
299.26
299.261
299.263
299.265
299.267
299.269
299.271
299.274
299.277
299.279
299.283
299.286
299.29
299.295
299.3
299.306
299.313
299.323
299.334
299.348
299.366
299.39
299.421
299.461
299.515
299.587
299.681
299.805
299.964
300.162
300.399
300.668
300.954
298.764
298.793
298.82
298.847
298.872
298.896
298.919
298.94
298.96
298.978
298.994
299.01
299.023
299.035
299.046
299.056
299.065
299.073
299.08
299.087
299.093
299.099
299.105
299.11
299.115
299.12
299.125
299.13
299.134
299.139
299.143
299.148
299.152
299.157
299.161
299.165
299.17
299.174
299.179
299.183
299.188
299.192
299.196
299.201
299.205
299.209
299.213
299.217
299.221
299.224
299.227
299.231
299.233
299.236
299.239
299.241
299.243
299.245
299.247
299.248
299.25
299.252
299.253
299.255
299.256
299.258
299.259
299.261
299.263
299.264
299.266
299.268
299.27
299.273
299.275
299.277
299.28
299.283
299.286
299.29
299.294
299.299
299.305
299.312
299.32
299.33
299.343
299.36
299.382
299.411
299.449
299.501
299.57
299.663
299.786
299.946
300.147
300.387
300.66
300.951
298.765
298.796
298.826
298.854
298.882
298.908
298.933
298.956
298.978
298.997
299.015
299.031
299.045
299.057
299.068
299.077
299.086
299.093
299.099
299.104
299.11
299.115
299.119
299.123
299.127
299.131
299.134
299.138
299.141
299.145
299.148
299.152
299.156
299.159
299.163
299.167
299.171
299.175
299.179
299.183
299.187
299.192
299.196
299.2
299.204
299.208
299.212
299.216
299.22
299.224
299.227
299.231
299.234
299.237
299.239
299.242
299.244
299.246
299.248
299.25
299.252
299.253
299.255
299.257
299.258
299.26
299.262
299.263
299.265
299.267
299.268
299.27
299.272
299.274
299.277
299.279
299.281
299.284
299.287
299.291
299.295
299.299
299.304
299.31
299.318
299.327
299.339
299.355
299.375
299.403
299.439
299.489
299.558
299.65
299.773
299.934
300.137
300.38
300.656
300.95
298.767
298.8
298.832
298.864
298.894
298.923
298.951
298.976
299
299.021
299.04
299.057
299.072
299.084
299.095
299.104
299.112
299.118
299.124
299.128
299.132
299.135
299.138
299.14
299.143
299.145
299.147
299.149
299.152
299.154
299.156
299.159
299.161
299.164
299.167
299.17
299.174
299.177
299.181
299.184
299.188
299.192
299.196
299.2
299.204
299.208
299.212
299.216
299.22
299.224
299.227
299.231
299.234
299.237
299.24
299.243
299.246
299.248
299.25
299.252
299.254
299.256
299.258
299.259
299.261
299.263
299.264
299.266
299.268
299.269
299.271
299.273
299.275
299.277
299.279
299.281
299.283
299.286
299.289
299.292
299.295
299.3
299.304
299.31
299.317
299.326
299.337
299.351
299.371
299.397
299.432
299.482
299.549
299.641
299.765
299.927
300.132
300.377
300.654
300.95
298.768
298.805
298.84
298.875
298.909
298.941
298.971
298.999
299.025
299.048
299.069
299.087
299.103
299.116
299.127
299.136
299.143
299.149
299.153
299.156
299.157
299.16
299.161
299.162
299.163
299.163
299.164
299.164
299.165
299.166
299.167
299.168
299.169
299.171
299.173
299.175
299.178
299.181
299.183
299.187
299.19
299.194
299.197
299.201
299.205
299.209
299.213
299.217
299.221
299.225
299.228
299.232
299.235
299.239
299.242
299.245
299.247
299.25
299.253
299.255
299.257
299.259
299.261
299.263
299.264
299.266
299.268
299.269
299.271
299.273
299.275
299.276
299.278
299.28
299.282
299.284
299.286
299.289
299.291
299.294
299.297
299.301
299.305
299.311
299.317
299.325
299.335
299.349
299.368
299.393
299.428
299.477
299.545
299.637
299.762
299.926
300.132
300.378
300.655
300.95
298.77
298.81
298.849
298.888
298.925
298.96
298.994
299.024
299.053
299.078
299.1
299.12
299.136
299.15
299.162
299.171
299.177
299.182
299.185
299.187
299.186
299.189
299.188
299.187
299.186
299.185
299.184
299.182
299.181
299.18
299.18
299.18
299.18
299.18
299.181
299.182
299.184
299.186
299.188
299.19
299.193
299.196
299.2
299.203
299.207
299.21
299.214
299.218
299.222
299.226
299.23
299.233
299.237
299.241
299.244
299.247
299.25
299.253
299.255
299.258
299.26
299.262
299.264
299.266
299.268
299.27
299.272
299.274
299.275
299.277
299.279
299.28
299.282
299.284
299.286
299.288
299.29
299.292
299.294
299.297
299.3
299.303
299.307
299.312
299.318
299.326
299.336
299.349
299.367
299.392
299.427
299.476
299.544
299.637
299.763
299.928
300.135
300.381
300.658
300.951
298.772
298.816
298.859
298.901
298.942
298.98
299.017
299.051
299.081
299.109
299.133
299.154
299.172
299.187
299.198
299.207
299.214
299.218
299.221
299.222
299.222
299.22
299.218
299.216
299.213
299.209
299.206
299.203
299.2
299.198
299.195
299.194
299.192
299.191
299.191
299.191
299.192
299.193
299.194
299.196
299.198
299.2
299.203
299.206
299.21
299.213
299.217
299.22
299.224
299.228
299.232
299.236
299.239
299.243
299.247
299.25
299.253
299.256
299.259
299.262
299.264
299.266
299.269
299.271
299.273
299.275
299.276
299.278
299.28
299.282
299.284
299.285
299.287
299.289
299.29
299.292
299.294
299.296
299.298
299.301
299.304
299.307
299.31
299.315
299.32
299.328
299.337
299.35
299.368
299.393
299.428
299.477
299.545
299.64
299.767
299.933
300.14
300.386
300.661
300.952
298.774
298.821
298.868
298.914
298.959
299.001
299.041
299.078
299.111
299.141
299.167
299.19
299.208
299.224
299.236
299.245
299.251
299.255
299.257
299.257
299.255
299.251
299.251
299.246
299.241
299.236
299.231
299.226
299.221
299.217
299.213
299.21
299.207
299.205
299.203
299.202
299.201
299.201
299.202
299.203
299.204
299.206
299.208
299.211
299.214
299.217
299.22
299.224
299.228
299.231
299.235
299.239
299.243
299.246
299.25
299.253
299.257
299.26
299.263
299.266
299.269
299.271
299.273
299.276
299.278
299.28
299.282
299.283
299.285
299.287
299.289
299.291
299.292
299.294
299.296
299.297
299.299
299.301
299.303
299.305
299.308
299.311
299.314
299.318
299.324
299.331
299.34
299.352
299.37
299.395
299.43
299.48
299.549
299.645
299.773
299.94
300.147
300.392
300.666
300.954
298.776
298.827
298.878
298.928
298.976
299.022
299.065
299.105
299.141
299.173
299.201
299.225
299.245
299.261
299.274
299.283
299.289
299.293
299.294
299.293
299.29
299.284
299.282
299.276
299.27
299.264
299.257
299.25
299.244
299.238
299.232
299.227
299.223
299.219
299.216
299.214
299.212
299.211
299.211
299.211
299.212
299.213
299.215
299.217
299.219
299.222
299.225
299.228
299.232
299.235
299.239
299.243
299.247
299.25
299.254
299.258
299.261
299.264
299.268
299.271
299.273
299.276
299.279
299.281
299.283
299.285
299.287
299.289
299.291
299.293
299.295
299.296
299.298
299.3
299.301
299.303
299.305
299.306
299.308
299.31
299.313
299.315
299.319
299.323
299.328
299.334
299.343
299.356
299.374
299.399
299.434
299.485
299.555
299.652
299.781
299.948
300.156
300.4
300.671
300.956
298.778
298.833
298.888
298.941
298.993
299.042
299.089
299.131
299.17
299.204
299.234
299.26
299.281
299.298
299.311
299.321
299.327
299.33
299.331
299.329
299.325
299.319
299.313
299.307
299.3
299.292
299.284
299.276
299.268
299.26
299.253
299.247
299.241
299.236
299.231
299.228
299.225
299.223
299.222
299.221
299.221
299.221
299.222
299.224
299.226
299.228
299.231
299.234
299.237
299.241
299.244
299.248
299.252
299.255
299.259
299.262
299.266
299.269
299.273
299.276
299.279
299.282
299.284
299.287
299.289
299.291
299.293
299.295
299.297
299.299
299.301
299.303
299.304
299.306
299.307
299.309
299.311
299.312
299.314
299.316
299.318
299.321
299.324
299.328
299.333
299.339
299.348
299.361
299.378
299.404
299.44
299.491
299.562
299.66
299.79
299.958
300.165
300.408
300.676
300.957
298.78
298.839
298.897
298.955
299.01
299.062
299.112
299.157
299.198
299.235
299.267
299.294
299.316
299.334
299.348
299.358
299.364
299.367
299.367
299.365
299.36
299.354
299.347
299.339
299.33
299.321
299.311
299.302
299.292
299.283
299.275
299.267
299.26
299.253
299.248
299.243
299.239
299.236
299.234
299.232
299.231
299.231
299.232
299.233
299.234
299.236
299.238
299.241
299.244
299.247
299.25
299.254
299.257
299.261
299.265
299.268
299.272
299.275
299.278
299.282
299.285
299.288
299.29
299.293
299.295
299.298
299.3
299.302
299.304
299.305
299.307
299.309
299.311
299.313
299.314
299.316
299.317
299.319
299.32
299.322
299.324
299.327
299.33
299.333
299.338
299.344
299.353
299.366
299.384
299.409
299.446
299.498
299.57
299.669
299.8
299.968
300.175
300.416
300.681
300.959
298.782
298.844
298.907
298.968
299.026
299.082
299.134
299.183
299.226
299.265
299.298
299.327
299.35
299.369
299.383
299.393
299.399
299.402
299.402
299.399
299.394
299.388
299.379
299.37
299.36
299.349
299.338
299.328
299.317
299.307
299.297
299.288
299.28
299.272
299.265
299.26
299.255
299.251
299.247
299.245
299.243
299.242
299.242
299.242
299.243
299.245
299.247
299.249
299.251
299.254
299.257
299.261
299.264
299.268
299.271
299.275
299.278
299.281
299.285
299.288
299.291
299.294
299.297
299.3
299.302
299.304
299.307
299.309
299.311
299.312
299.314
299.316
299.318
299.32
299.321
299.323
299.324
299.326
299.327
299.329
299.331
299.333
299.336
299.339
299.344
299.35
299.359
299.372
299.39
299.416
299.453
299.506
299.579
299.678
299.81
299.979
300.185
300.424
300.687
300.961
298.783
298.85
298.916
298.98
299.042
299.101
299.156
299.207
299.253
299.294
299.329
299.358
299.383
299.402
299.417
299.427
299.433
299.435
299.435
299.431
299.426
299.419
299.409
299.4
299.388
299.377
299.365
299.353
299.341
299.33
299.319
299.309
299.3
299.291
299.284
299.277
299.271
299.266
299.262
299.259
299.256
299.255
299.254
299.254
299.254
299.255
299.256
299.258
299.26
299.263
299.265
299.268
299.272
299.275
299.278
299.282
299.285
299.288
299.292
299.295
299.298
299.301
299.304
299.307
299.309
299.312
299.314
299.316
299.318
299.32
299.321
299.323
299.325
299.327
299.328
299.33
299.331
299.333
299.334
299.336
299.338
299.34
299.343
299.346
299.351
299.357
299.366
299.378
299.397
299.423
299.461
299.514
299.588
299.689
299.821
299.99
300.195
300.432
300.692
300.963
298.785
298.855
298.925
298.992
299.058
299.12
299.178
299.231
299.279
299.321
299.358
299.389
299.414
299.434
299.449
299.459
299.465
299.467
299.466
299.462
299.456
299.448
299.437
299.427
299.415
299.402
299.39
299.377
299.365
299.353
299.341
299.33
299.32
299.311
299.302
299.295
299.288
299.282
299.278
299.274
299.27
299.268
299.266
299.266
299.265
299.266
299.267
299.268
299.27
299.272
299.274
299.277
299.28
299.283
299.286
299.289
299.293
299.296
299.299
299.302
299.305
299.308
299.311
299.314
299.317
299.319
299.321
299.323
299.325
299.327
299.329
299.331
299.332
299.334
299.336
299.338
299.339
299.34
299.342
299.343
299.345
299.347
299.35
299.353
299.358
299.364
299.373
299.386
299.404
299.431
299.469
299.523
299.598
299.699
299.833
300.001
300.206
300.441
300.697
300.965
298.787
298.861
298.933
299.004
299.073
299.138
299.198
299.254
299.304
299.348
299.386
299.418
299.444
299.464
299.479
299.489
299.494
299.496
299.494
299.49
299.483
299.474
299.463
299.452
299.44
299.427
299.413
299.4
299.387
299.375
299.363
299.351
299.34
299.331
299.321
299.313
299.306
299.299
299.294
299.289
299.285
299.282
299.28
299.279
299.278
299.278
299.278
299.279
299.28
299.282
299.284
299.286
299.289
299.292
299.295
299.298
299.301
299.304
299.307
299.31
299.313
299.316
299.319
299.322
299.324
299.327
299.329
299.331
299.333
299.335
299.337
299.339
299.34
299.342
299.344
299.346
299.347
299.348
299.35
299.351
299.353
299.355
299.358
299.361
299.365
299.371
299.38
299.393
299.412
299.439
299.478
299.533
299.608
299.711
299.844
300.013
300.216
300.449
300.703
300.967
298.789
298.866
298.942
299.016
299.087
299.155
299.219
299.276
299.328
299.374
299.413
299.445
299.472
299.492
299.507
299.517
299.522
299.523
299.521
299.516
299.508
299.499
299.487
299.475
299.462
299.449
299.435
299.422
299.409
299.396
299.383
299.371
299.36
299.35
299.34
299.331
299.323
299.316
299.31
299.305
299.301
299.297
299.294
299.292
299.291
299.29
299.29
299.29
299.291
299.293
299.294
299.296
299.299
299.301
299.304
299.307
299.31
299.313
299.316
299.319
299.321
299.324
299.327
299.33
299.332
299.335
299.337
299.34
299.342
299.343
299.345
299.347
299.349
299.35
299.352
299.354
299.355
299.357
299.358
299.36
299.361
299.363
299.366
299.369
299.373
299.379
299.388
299.402
299.421
299.448
299.487
299.543
299.619
299.722
299.856
300.024
300.226
300.457
300.708
300.969
298.79
298.871
298.95
299.027
299.102
299.172
299.238
299.298
299.351
299.398
299.438
299.472
299.498
299.519
299.533
299.542
299.547
299.548
299.545
299.539
299.531
299.521
299.509
299.496
299.483
299.469
299.456
299.442
299.429
299.415
299.403
299.391
299.379
299.369
299.359
299.349
299.341
299.334
299.327
299.321
299.316
299.312
299.309
299.306
299.304
299.303
299.303
299.303
299.303
299.304
299.305
299.307
299.309
299.311
299.314
299.316
299.319
299.322
299.324
299.327
299.33
299.333
299.336
299.338
299.341
299.343
299.346
299.348
299.35
299.352
299.354
299.355
299.357
299.359
299.36
299.362
299.364
299.366
299.367
299.369
299.37
299.372
299.374
299.377
299.382
299.388
299.397
299.41
299.429
299.457
299.497
299.553
299.63
299.733
299.867
300.035
300.236
300.465
300.713
300.97
298.792
298.875
298.958
299.038
299.116
299.189
299.257
299.319
299.374
299.422
299.462
299.496
299.523
299.543
299.557
299.566
299.57
299.57
299.566
299.559
299.551
299.54
299.528
299.515
299.501
299.488
299.474
299.46
299.447
299.434
299.421
299.409
299.397
299.386
299.376
299.367
299.358
299.35
299.343
299.337
299.332
299.327
299.324
299.321
299.318
299.317
299.316
299.315
299.315
299.316
299.317
299.318
299.32
299.322
299.324
299.326
299.329
299.331
299.334
299.337
299.339
299.342
299.345
299.347
299.35
299.352
299.355
299.357
299.359
299.361
299.363
299.365
299.367
299.368
299.369
299.371
299.373
299.375
299.377
299.378
299.38
299.381
299.384
299.387
299.391
299.397
299.406
299.419
299.439
299.467
299.507
299.563
299.641
299.745
299.879
300.047
300.247
300.473
300.718
300.972
298.793
298.88
298.966
299.049
299.129
299.205
299.275
299.338
299.395
299.444
299.485
299.519
299.546
299.566
299.579
299.587
299.59
299.589
299.585
299.577
299.568
299.557
299.544
299.531
299.518
299.504
299.49
299.477
299.463
299.45
299.438
299.426
299.414
299.403
299.393
299.383
299.375
299.367
299.359
299.353
299.347
299.342
299.338
299.335
299.332
299.33
299.329
299.328
299.328
299.328
299.328
299.329
299.331
299.332
299.334
299.336
299.339
299.341
299.344
299.346
299.349
299.352
299.354
299.357
299.359
299.362
299.364
299.367
299.369
299.371
299.373
299.375
299.377
299.378
299.379
299.381
299.383
299.385
299.387
299.388
299.39
299.391
299.394
299.397
299.401
299.407
299.416
299.429
299.448
299.477
299.517
299.574
299.652
299.756
299.891
300.058
300.257
300.481
300.723
300.974
298.795
298.885
298.973
299.059
299.142
299.22
299.292
299.358
299.415
299.465
299.507
299.541
299.567
299.586
299.599
299.606
299.608
299.606
299.601
299.593
299.583
299.572
299.559
299.545
299.532
299.519
299.505
299.491
299.478
299.465
299.453
299.441
299.429
299.419
299.409
299.399
299.39
299.382
299.375
299.368
299.362
299.357
299.353
299.349
299.346
299.344
299.342
299.341
299.34
299.34
299.34
299.341
299.342
299.344
299.345
299.347
299.349
299.352
299.354
299.356
299.359
299.362
299.364
299.367
299.369
299.372
299.374
299.377
299.379
299.381
299.383
299.385
299.387
299.389
299.391
299.392
299.393
299.395
299.397
299.399
299.401
299.402
299.404
299.407
299.411
299.417
299.426
299.439
299.459
299.487
299.528
299.585
299.664
299.768
299.903
300.069
300.266
300.489
300.728
300.975
298.796
298.889
298.98
299.069
299.155
299.235
299.309
299.376
299.434
299.485
299.527
299.56
299.586
299.605
299.617
299.623
299.624
299.621
299.615
299.606
299.596
299.584
299.571
299.558
299.545
299.532
299.518
299.504
299.491
299.479
299.467
299.455
299.444
299.433
299.423
299.413
299.405
299.397
299.389
299.383
299.377
299.371
299.367
299.363
299.36
299.357
299.355
299.354
299.353
299.353
299.353
299.353
299.354
299.355
299.357
299.358
299.36
299.362
299.365
299.367
299.37
299.372
299.375
299.377
299.38
299.383
299.385
299.388
299.39
299.392
299.395
299.397
299.399
299.401
299.403
299.404
299.405
299.407
299.408
299.41
299.412
299.414
299.416
299.418
299.421
299.428
299.437
299.45
299.469
299.498
299.539
299.597
299.675
299.78
299.915
300.081
300.276
300.496
300.733
300.977
298.798
298.893
298.987
299.079
299.167
299.249
299.325
299.393
299.452
299.503
299.545
299.579
299.604
299.622
299.633
299.638
299.638
299.634
299.627
299.618
299.607
299.595
299.582
299.569
299.556
299.543
299.529
299.516
299.503
299.491
299.479
299.467
299.456
299.446
299.436
299.427
299.418
299.41
299.403
299.396
299.39
299.385
299.38
299.376
299.373
299.37
299.368
299.367
299.366
299.365
299.365
299.365
299.366
299.367
299.368
299.37
299.372
299.374
299.376
299.378
299.381
299.383
299.386
299.389
299.391
299.394
299.397
299.399
299.402
299.405
299.407
299.41
299.412
299.414
299.416
299.417
299.418
299.419
299.421
299.422
299.424
299.425
299.427
299.429
299.433
299.439
299.448
299.461
299.481
299.509
299.551
299.608
299.687
299.792
299.927
300.092
300.286
300.504
300.738
300.979
298.799
298.897
298.994
299.088
299.179
299.263
299.34
299.409
299.47
299.521
299.562
299.595
299.621
299.638
299.647
299.651
299.65
299.645
299.638
299.628
299.617
299.605
299.592
299.579
299.566
299.553
299.54
299.527
299.514
299.501
299.49
299.479
299.468
299.458
299.448
299.439
299.431
299.423
299.416
299.409
299.403
299.398
299.393
299.389
299.386
299.383
299.381
299.38
299.378
299.378
299.378
299.378
299.378
299.379
299.381
299.382
299.384
299.386
299.388
299.391
299.393
299.396
299.398
299.401
299.404
299.407
299.409
299.412
299.415
299.418
299.421
299.423
299.426
299.428
299.43
299.431
299.432
299.433
299.434
299.436
299.437
299.438
299.44
299.442
299.446
299.452
299.461
299.474
299.493
299.521
299.563
299.621
299.7
299.805
299.939
300.103
300.296
300.511
300.742
300.98
298.8
298.901
299.001
299.097
299.19
299.276
299.355
299.425
299.486
299.537
299.578
299.611
299.635
299.652
299.66
299.663
299.661
299.655
299.647
299.638
299.627
299.614
299.601
299.588
299.574
299.561
299.548
299.535
299.523
299.511
299.499
299.489
299.479
299.469
299.459
299.451
299.442
299.435
299.428
299.421
299.416
299.41
299.406
299.402
299.399
299.396
299.394
299.392
299.391
299.391
299.39
299.391
299.391
299.392
299.393
299.395
299.397
299.399
299.401
299.403
299.406
299.409
299.411
299.414
299.417
299.42
299.423
299.426
299.429
299.432
299.436
299.439
299.441
299.443
299.445
299.446
299.448
299.449
299.45
299.451
299.452
299.453
299.454
299.456
299.46
299.466
299.474
299.486
299.505
299.534
299.575
299.633
299.712
299.817
299.951
300.114
300.305
300.519
300.747
300.982
298.802
298.905
299.007
299.106
299.201
299.289
299.369
299.44
299.501
299.552
299.593
299.625
299.649
299.664
299.671
299.673
299.67
299.665
299.656
299.646
299.635
299.622
299.609
299.595
299.582
299.569
299.556
299.543
299.531
299.52
299.508
299.498
299.488
299.479
299.469
299.461
299.454
299.446
299.439
299.433
299.428
299.423
299.418
299.415
299.411
299.409
299.407
299.405
299.404
299.404
299.403
299.404
299.404
299.405
299.407
299.408
299.41
299.412
299.415
299.417
299.42
299.423
299.426
299.429
299.432
299.435
299.438
299.442
299.445
299.449
299.452
299.455
299.457
299.459
299.461
299.463
299.464
299.466
299.466
299.467
299.468
299.469
299.47
299.472
299.475
299.48
299.488
299.5
299.519
299.547
299.588
299.646
299.725
299.83
299.963
300.125
300.315
300.526
300.752
300.983
298.803
298.909
299.013
299.115
299.211
299.301
299.382
299.454
299.515
299.566
299.607
299.639
299.661
299.675
299.681
299.682
299.68
299.673
299.664
299.654
299.642
299.63
299.616
299.602
299.589
299.576
299.563
299.551
299.539
299.528
299.517
299.507
299.497
299.488
299.479
299.471
299.464
299.457
299.45
299.445
299.439
299.435
299.43
299.427
299.424
299.422
299.42
299.418
299.418
299.417
299.417
299.418
299.418
299.419
299.421
299.423
299.425
299.427
299.43
299.432
299.435
299.438
299.441
299.445
299.448
299.452
299.455
299.459
299.463
299.467
299.47
299.473
299.475
299.477
299.478
299.48
299.482
299.484
299.485
299.485
299.486
299.486
299.487
299.489
299.491
299.495
299.502
299.514
299.532
299.56
299.601
299.659
299.738
299.843
299.975
300.137
300.325
300.534
300.756
300.985
298.804
298.912
299.019
299.123
299.221
299.313
299.395
299.467
299.528
299.579
299.62
299.65
299.672
299.684
299.69
299.691
299.688
299.681
299.672
299.661
299.649
299.636
299.623
299.609
299.596
299.583
299.57
299.558
299.546
299.535
299.525
299.515
299.505
299.497
299.488
299.481
299.474
299.467
299.461
299.456
299.451
299.446
299.443
299.439
299.437
299.435
299.433
299.432
299.431
299.431
299.431
299.432
299.433
299.434
299.436
299.438
299.44
299.443
299.445
299.448
299.452
299.455
299.458
299.462
299.466
299.469
299.473
299.478
299.482
299.486
299.489
299.491
299.493
299.495
299.497
299.5
299.502
299.504
299.505
299.505
299.505
299.505
299.505
299.506
299.508
299.511
299.518
299.529
299.547
299.574
299.615
299.673
299.752
299.856
299.988
300.148
300.334
300.541
300.761
300.986
298.805
298.916
299.025
299.131
299.231
299.324
299.407
299.479
299.542
299.591
299.632
299.662
299.681
299.694
299.7
299.7
299.696
299.689
299.679
299.668
299.656
299.643
299.629
299.616
299.602
299.589
299.577
299.565
299.554
299.543
299.533
299.523
299.514
299.506
299.498
299.491
299.484
299.478
299.472
299.467
299.463
299.459
299.455
299.452
299.45
299.448
299.447
299.446
299.446
299.446
299.446
299.447
299.449
299.45
299.452
299.454
299.457
299.46
299.463
299.466
299.469
299.473
299.477
299.481
299.485
299.489
299.493
299.498
299.503
299.506
299.508
299.51
299.512
299.515
299.518
299.521
299.524
299.525
299.526
299.526
299.526
299.525
299.524
299.524
299.525
299.528
299.534
299.544
299.562
299.589
299.629
299.687
299.765
299.869
300
300.159
300.344
300.548
300.765
300.988
298.806
298.919
299.03
299.138
299.24
299.334
299.418
299.491
299.553
299.603
299.642
299.67
299.691
299.703
299.708
299.708
299.704
299.696
299.687
299.676
299.664
299.65
299.636
299.623
299.609
299.596
299.584
299.572
299.561
299.551
299.541
299.532
299.523
299.515
299.508
299.501
299.495
299.489
299.484
299.479
299.475
299.472
299.469
299.466
299.464
299.463
299.462
299.461
299.461
299.462
299.462
299.463
299.465
299.467
299.469
299.472
299.475
299.478
299.481
299.484
299.488
299.492
299.496
299.501
299.505
299.51
299.515
299.52
299.523
299.525
299.527
299.53
299.533
299.537
299.541
299.544
299.546
299.547
299.548
299.548
299.547
299.546
299.544
299.543
299.543
299.545
299.55
299.56
299.577
299.604
299.644
299.701
299.779
299.883
300.013
300.171
300.354
300.555
300.77
300.989
298.807
298.922
299.036
299.146
299.249
299.345
299.43
299.503
299.564
299.613
299.652
299.68
299.7
299.712
299.717
299.716
299.712
299.704
299.694
299.683
299.671
299.657
299.643
299.63
299.617
299.604
299.592
299.581
299.57
299.56
299.55
299.541
299.533
299.525
299.518
299.512
299.506
299.501
299.496
299.492
299.488
299.485
299.483
299.481
299.479
299.478
299.477
299.477
299.477
299.478
299.479
299.481
299.483
299.485
299.487
299.49
299.493
299.497
299.5
299.504
299.508
299.513
299.517
299.522
299.527
299.532
299.537
299.54
299.542
299.545
299.548
299.552
299.557
299.561
299.565
299.567
299.569
299.57
299.571
299.57
299.569
299.567
299.565
299.563
299.562
299.563
299.568
299.577
299.593
299.619
299.659
299.716
299.794
299.896
300.026
300.182
300.363
300.563
300.774
300.991
298.809
298.926
299.041
299.153
299.258
299.355
299.441
299.512
299.574
299.623
299.661
299.69
299.71
299.721
299.725
299.725
299.72
299.712
299.703
299.692
299.679
299.665
299.651
299.638
299.625
299.613
299.601
299.59
299.579
299.569
299.56
299.552
299.544
299.537
299.53
299.524
299.519
299.514
299.51
299.506
299.503
299.5
299.498
299.496
299.495
299.494
299.494
299.494
299.495
299.496
299.497
299.499
299.502
299.504
299.507
299.51
299.514
299.517
299.521
299.525
299.53
299.535
299.54
299.545
299.55
299.554
299.557
299.559
299.562
299.566
299.571
299.576
299.581
299.585
299.589
299.591
299.593
299.594
299.594
299.593
299.592
299.59
299.587
299.584
299.582
299.582
299.586
299.594
299.609
299.635
299.674
299.73
299.808
299.91
300.039
300.194
300.373
300.57
300.779
300.992
298.81
298.929
299.046
299.16
299.267
299.365
299.451
299.522
299.583
299.633
299.672
299.7
299.719
299.73
299.734
299.733
299.728
299.72
299.711
299.7
299.687
299.673
299.66
299.647
299.634
299.622
299.611
299.6
299.59
299.58
299.572
299.564
299.556
299.55
299.543
299.538
299.533
299.529
299.525
299.521
299.519
299.516
299.515
299.513
299.512
299.512
299.512
299.513
299.514
299.515
299.517
299.519
299.521
299.524
299.527
299.531
299.535
299.539
299.543
299.548
299.552
299.558
299.563
299.567
299.571
299.573
299.576
299.58
299.585
299.59
299.596
299.601
299.606
299.609
299.612
299.615
299.616
299.617
299.617
299.616
299.615
299.612
299.609
299.605
299.602
299.602
299.604
299.612
299.626
299.651
299.69
299.746
299.823
299.924
300.052
300.206
300.383
300.578
300.783
300.994
298.811
298.932
299.051
299.167
299.276
299.374
299.459
299.533
299.592
299.643
299.682
299.71
299.728
299.739
299.743
299.741
299.737
299.729
299.721
299.709
299.696
299.683
299.67
299.657
299.644
299.633
299.622
299.611
299.602
299.593
299.585
299.577
299.57
299.564
299.558
299.553
299.549
299.545
299.541
299.538
299.536
299.534
299.532
299.531
299.531
299.531
299.531
299.532
299.533
299.535
299.537
299.539
299.542
299.545
299.549
299.553
299.557
299.561
299.566
299.57
299.576
299.58
299.584
299.587
299.589
299.593
299.597
299.603
299.609
299.615
299.62
299.625
299.629
299.632
299.635
299.637
299.639
299.64
299.64
299.639
299.638
299.635
299.631
299.627
299.623
299.621
299.623
299.63
299.644
299.668
299.706
299.761
299.838
299.939
300.065
300.218
300.393
300.585
300.787
300.995
298.812
298.935
299.057
299.174
299.284
299.384
299.467
299.544
299.602
299.653
299.692
299.719
299.738
299.748
299.752
299.75
299.746
299.74
299.73
299.718
299.705
299.693
299.68
299.668
299.656
299.644
299.634
299.624
299.615
299.606
299.599
299.592
299.585
299.58
299.574
299.57
299.566
299.562
299.559
299.556
299.554
299.553
299.552
299.551
299.551
299.551
299.552
299.553
299.554
299.556
299.558
299.561
299.564
299.567
299.571
299.575
299.579
299.584
299.589
299.593
299.597
299.599
299.602
299.605
299.609
299.615
299.621
299.627
299.633
299.638
299.643
299.647
299.651
299.655
299.657
299.659
299.661
299.662
299.662
299.662
299.66
299.658
299.654
299.649
299.644
299.641
299.642
299.648
299.661
299.685
299.722
299.777
299.853
299.953
300.079
300.23
300.403
300.593
300.791
300.997
298.813
298.938
299.062
299.181
299.293
299.392
299.478
299.552
299.613
299.664
299.702
299.729
299.747
299.757
299.761
299.76
299.755
299.749
299.74
299.728
299.716
299.703
299.691
299.679
299.668
299.657
299.647
299.638
299.629
299.621
299.614
299.608
299.602
299.597
299.592
299.588
299.584
299.581
299.578
299.576
299.574
299.573
299.572
299.572
299.572
299.572
299.573
299.574
299.576
299.578
299.58
299.583
299.586
299.59
299.594
299.598
299.602
299.606
299.61
299.612
299.614
299.617
299.621
299.626
299.632
299.638
299.644
299.65
299.655
299.66
299.664
299.669
299.673
299.676
299.679
299.682
299.684
299.685
299.685
299.684
299.683
299.68
299.676
299.671
299.665
299.662
299.662
299.667
299.679
299.702
299.739
299.793
299.868
299.968
300.092
300.242
300.414
300.6
300.795
300.998
298.814
298.941
299.067
299.188
299.302
299.399
299.49
299.562
299.624
299.674
299.712
299.739
299.757
299.767
299.77
299.769
299.765
299.76
299.751
299.739
299.727
299.715
299.703
299.692
299.681
299.671
299.662
299.653
299.645
299.638
299.631
299.625
299.62
299.615
299.611
299.607
299.604
299.601
299.599
299.597
299.596
299.595
299.594
299.594
299.594
299.595
299.596
299.597
299.599
299.601
299.603
299.606
299.609
299.613
299.616
299.62
299.622
299.625
299.627
299.629
299.633
299.638
299.644
299.65
299.656
299.661
299.667
299.671
299.676
299.681
299.686
299.691
299.695
299.699
299.702
299.705
299.707
299.708
299.708
299.707
299.705
299.702
299.698
299.693
299.687
299.682
299.681
299.686
299.697
299.72
299.756
299.81
299.884
299.983
300.106
300.255
300.425
300.606
300.799
301
298.815
298.944
299.072
299.196
299.31
299.409
299.502
299.572
299.634
299.684
299.722
299.749
299.767
299.777
299.781
299.78
299.777
299.771
299.761
299.75
299.739
299.727
299.716
299.705
299.695
299.686
299.677
299.669
299.662
299.655
299.649
299.644
299.639
299.635
299.632
299.628
299.626
299.623
299.621
299.62
299.618
299.617
299.617
299.617
299.617
299.618
299.619
299.62
299.622
299.624
299.627
299.629
299.632
299.634
299.636
299.638
299.64
299.642
299.646
299.651
299.656
299.661
299.667
299.673
299.678
299.683
299.687
299.691
299.696
299.702
299.707
299.712
299.717
299.722
299.726
299.729
299.731
299.732
299.731
299.729
299.727
299.724
299.72
299.714
299.708
299.703
299.701
299.705
299.716
299.738
299.773
299.826
299.9
299.998
300.121
300.267
300.435
300.612
300.804
301.001
298.816
298.948
299.077
299.203
299.318
299.419
299.514
299.584
299.644
299.695
299.733
299.76
299.777
299.787
299.791
299.79
299.788
299.782
299.772
299.762
299.751
299.74
299.729
299.719
299.71
299.701
299.693
299.686
299.679
299.674
299.669
299.664
299.66
299.656
299.653
299.65
299.648
299.646
299.644
299.643
299.642
299.641
299.641
299.641
299.641
299.642
299.643
299.644
299.646
299.648
299.649
299.651
299.652
299.653
299.654
299.657
299.66
299.664
299.669
299.674
299.679
299.685
299.69
299.694
299.698
299.702
299.707
299.712
299.718
299.724
299.729
299.735
299.74
299.745
299.749
299.752
299.754
299.755
299.754
299.752
299.749
299.746
299.741
299.736
299.728
299.723
299.721
299.724
299.735
299.756
299.791
299.843
299.917
300.014
300.135
300.281
300.444
300.618
300.808
301.003
298.817
298.951
299.083
299.211
299.326
299.43
299.525
299.596
299.655
299.706
299.744
299.771
299.788
299.798
299.801
299.801
299.799
299.793
299.783
299.774
299.764
299.753
299.743
299.734
299.725
299.717
299.71
299.704
299.698
299.693
299.688
299.685
299.681
299.678
299.676
299.673
299.671
299.67
299.668
299.667
299.666
299.666
299.666
299.666
299.666
299.667
299.668
299.668
299.669
299.669
299.67
299.67
299.672
299.674
299.677
299.68
299.684
299.688
299.693
299.697
299.702
299.706
299.71
299.714
299.718
299.723
299.728
299.734
299.74
299.746
299.752
299.758
299.763
299.768
299.772
299.775
299.777
299.778
299.777
299.775
299.771
299.767
299.762
299.756
299.749
299.744
299.741
299.744
299.754
299.774
299.809
299.861
299.933
300.03
300.151
300.296
300.452
300.624
300.813
301.004
298.818
298.954
299.088
299.218
299.335
299.441
299.536
299.609
299.667
299.718
299.756
299.783
299.8
299.809
299.812
299.811
299.81
299.804
299.795
299.786
299.777
299.767
299.758
299.749
299.741
299.734
299.728
299.722
299.717
299.713
299.709
299.706
299.703
299.701
299.699
299.697
299.696
299.694
299.693
299.692
299.692
299.691
299.691
299.691
299.692
299.692
299.692
299.691
299.691
299.691
299.692
299.694
299.696
299.699
299.701
299.705
299.708
299.712
299.715
299.719
299.722
299.726
299.73
299.734
299.739
299.745
299.751
299.758
299.763
299.769
299.775
299.78
299.786
299.79
299.794
299.798
299.799
299.8
299.799
299.796
299.793
299.788
299.783
299.777
299.769
299.764
299.761
299.763
299.773
299.793
299.827
299.878
299.95
300.046
300.167
300.308
300.46
300.631
300.817
301.005
298.819
298.958
299.094
299.226
299.346
299.451
299.548
299.623
299.679
299.73
299.768
299.795
299.812
299.821
299.824
299.823
299.822
299.816
299.808
299.799
299.79
299.781
299.773
299.765
299.758
299.751
299.746
299.741
299.737
299.733
299.73
299.728
299.726
299.724
299.723
299.721
299.72
299.719
299.719
299.718
299.718
299.717
299.717
299.717
299.717
299.716
299.715
299.715
299.716
299.717
299.718
299.72
299.722
299.724
299.726
299.729
299.732
299.734
299.737
299.74
299.743
299.746
299.75
299.756
299.762
299.768
299.775
299.78
299.786
299.792
299.797
299.803
299.808
299.812
299.816
299.819
299.821
299.821
299.82
299.818
299.814
299.808
299.803
299.797
299.79
299.783
299.781
299.782
299.792
299.811
299.845
299.896
299.968
300.063
300.183
300.319
300.468
300.638
300.821
301.007
298.821
298.961
299.1
299.233
299.357
299.462
299.56
299.636
299.693
299.742
299.781
299.808
299.825
299.834
299.837
299.836
299.834
299.828
299.821
299.813
299.804
299.796
299.788
299.781
299.774
299.769
299.764
299.76
299.757
299.754
299.752
299.75
299.749
299.748
299.747
299.746
299.746
299.745
299.745
299.744
299.744
299.744
299.744
299.743
299.742
299.741
299.741
299.742
299.742
299.743
299.745
299.746
299.747
299.749
299.75
299.752
299.754
299.756
299.758
299.761
299.764
299.769
299.774
299.78
299.786
299.792
299.798
299.803
299.809
299.814
299.819
299.825
299.829
299.834
299.837
299.84
299.842
299.842
299.841
299.838
299.834
299.828
299.823
299.816
299.81
299.804
299.8
299.802
299.811
299.83
299.864
299.914
299.986
300.081
300.199
300.329
300.476
300.646
300.825
301.008
298.822
298.965
299.106
299.241
299.368
299.473
299.573
299.65
299.708
299.756
299.795
299.822
299.838
299.847
299.85
299.85
299.847
299.841
299.834
299.826
299.819
299.811
299.804
299.797
299.791
299.787
299.783
299.779
299.777
299.775
299.774
299.773
299.772
299.772
299.771
299.771
299.771
299.771
299.771
299.771
299.771
299.77
299.77
299.769
299.768
299.768
299.769
299.769
299.77
299.77
299.771
299.771
299.772
299.773
299.774
299.775
299.777
299.779
299.781
299.784
299.788
299.793
299.799
299.805
299.81
299.816
299.821
299.826
299.831
299.836
299.842
299.846
299.851
299.855
299.858
299.861
299.862
299.862
299.861
299.858
299.853
299.848
299.842
299.836
299.829
299.823
299.82
299.821
299.83
299.849
299.883
299.933
300.004
300.099
300.213
300.339
300.484
300.654
300.83
301.01
298.823
298.969
299.113
299.25
299.379
299.484
299.586
299.664
299.723
299.77
299.809
299.836
299.853
299.861
299.864
299.863
299.86
299.855
299.848
299.841
299.833
299.826
299.819
299.814
299.809
299.805
299.801
299.799
299.797
299.796
299.796
299.795
299.795
299.796
299.796
299.796
299.797
299.797
299.797
299.797
299.797
299.797
299.796
299.796
299.796
299.796
299.796
299.796
299.796
299.796
299.796
299.797
299.797
299.798
299.799
299.8
299.801
299.804
299.807
299.81
299.814
299.819
299.824
299.829
299.834
299.839
299.844
299.849
299.854
299.859
299.863
299.868
299.872
299.876
299.879
299.881
299.882
299.882
299.88
299.877
299.872
299.867
299.861
299.855
299.848
299.842
299.839
299.841
299.849
299.869
299.902
299.952
300.024
300.117
300.226
300.35
300.493
300.661
300.834
301.011
298.824
298.973
299.119
299.259
299.39
299.496
299.599
299.679
299.739
299.785
299.825
299.852
299.868
299.876
299.878
299.877
299.874
299.869
299.862
299.855
299.848
299.841
299.835
299.83
299.826
299.823
299.82
299.819
299.818
299.817
299.818
299.818
299.819
299.82
299.82
299.821
299.822
299.823
299.823
299.824
299.824
299.824
299.823
299.824
299.824
299.824
299.823
299.823
299.823
299.823
299.823
299.823
299.823
299.824
299.825
299.826
299.828
299.831
299.834
299.837
299.841
299.845
299.85
299.854
299.858
299.863
299.867
299.872
299.876
299.881
299.885
299.889
299.893
299.896
299.899
299.901
299.901
299.901
299.899
299.895
299.891
299.885
299.879
299.873
299.867
299.861
299.858
299.86
299.869
299.888
299.921
299.972
300.043
300.134
300.238
300.36
300.503
300.668
300.839
301.013
298.826
298.977
299.126
299.268
299.4
299.508
299.613
299.694
299.754
299.802
299.841
299.868
299.883
299.891
299.893
299.892
299.888
299.883
299.877
299.87
299.863
299.857
299.852
299.847
299.844
299.841
299.839
299.838
299.838
299.839
299.839
299.841
299.842
299.843
299.845
299.846
299.847
299.849
299.85
299.85
299.85
299.851
299.851
299.851
299.851
299.851
299.851
299.851
299.85
299.85
299.85
299.85
299.851
299.852
299.853
299.854
299.856
299.859
299.861
299.865
299.868
299.872
299.875
299.879
299.883
299.886
299.891
299.895
299.899
299.903
299.907
299.911
299.914
299.917
299.919
299.92
299.92
299.919
299.916
299.913
299.908
299.902
299.896
299.891
299.885
299.88
299.877
299.879
299.888
299.907
299.941
299.992
300.062
300.15
300.251
300.371
300.512
300.675
300.843
301.014
298.827
298.981
299.133
299.278
299.411
299.521
299.628
299.708
299.77
299.819
299.859
299.885
299.9
299.907
299.909
299.907
299.903
299.898
299.892
299.885
299.879
299.873
299.868
299.864
299.862
299.86
299.859
299.858
299.859
299.86
299.861
299.863
299.865
299.867
299.869
299.871
299.873
299.874
299.876
299.877
299.877
299.878
299.879
299.879
299.879
299.879
299.879
299.879
299.879
299.879
299.879
299.879
299.88
299.881
299.882
299.883
299.885
299.887
299.89
299.893
299.895
299.898
299.901
299.904
299.907
299.911
299.914
299.918
299.922
299.925
299.929
299.932
299.935
299.937
299.938
299.939
299.938
299.936
299.934
299.93
299.925
299.919
299.913
299.908
299.903
299.898
299.895
299.897
299.907
299.927
299.961
300.011
300.08
300.165
300.264
300.381
300.522
300.682
300.847
301.016
298.829
298.986
299.14
299.288
299.421
299.534
299.643
299.724
299.785
299.837
299.877
299.902
299.917
299.924
299.925
299.922
299.919
299.913
299.907
299.901
299.895
299.89
299.885
299.882
299.88
299.878
299.878
299.878
299.88
299.881
299.883
299.886
299.888
299.891
299.893
299.896
299.898
299.9
299.901
299.903
299.904
299.905
299.906
299.907
299.907
299.908
299.908
299.908
299.908
299.908
299.909
299.909
299.91
299.911
299.912
299.913
299.915
299.917
299.919
299.921
299.923
299.925
299.927
299.929
299.932
299.935
299.938
299.941
299.944
299.947
299.95
299.953
299.955
299.956
299.957
299.957
299.956
299.954
299.95
299.946
299.941
299.935
299.93
299.924
299.92
299.915
299.913
299.916
299.926
299.947
299.98
300.03
300.098
300.18
300.277
300.392
300.532
300.688
300.851
301.017
298.83
298.99
299.147
299.298
299.432
299.548
299.657
299.739
299.802
299.857
299.896
299.921
299.935
299.941
299.941
299.938
299.935
299.929
299.923
299.917
299.911
299.907
299.903
299.9
299.898
299.898
299.898
299.899
299.9
299.902
299.905
299.908
299.911
299.914
299.917
299.92
299.923
299.925
299.927
299.929
299.931
299.933
299.934
299.935
299.936
299.937
299.937
299.937
299.938
299.938
299.939
299.939
299.94
299.941
299.942
299.943
299.944
299.946
299.947
299.949
299.95
299.951
299.953
299.955
299.957
299.96
299.962
299.965
299.967
299.97
299.972
299.974
299.975
299.976
299.976
299.975
299.973
299.97
299.966
299.962
299.957
299.951
299.945
299.94
299.936
299.932
299.931
299.934
299.945
299.966
299.999
300.048
300.115
300.194
300.289
300.404
300.542
300.695
300.855
301.018
298.831
298.994
299.154
299.308
299.442
299.563
299.672
299.754
299.821
299.877
299.915
299.939
299.953
299.959
299.959
299.955
299.951
299.946
299.94
299.934
299.929
299.924
299.921
299.918
299.917
299.917
299.917
299.919
299.921
299.923
299.926
299.93
299.933
299.937
299.941
299.944
299.947
299.95
299.952
299.955
299.958
299.961
299.962
299.963
299.964
299.965
299.966
299.967
299.967
299.968
299.969
299.97
299.97
299.971
299.972
299.973
299.974
299.975
299.976
299.976
299.977
299.978
299.979
299.981
299.982
299.984
299.986
299.988
299.99
299.992
299.993
299.994
299.995
299.995
299.994
299.992
299.99
299.986
299.982
299.977
299.972
299.966
299.96
299.955
299.952
299.948
299.947
299.952
299.963
299.984
300.017
300.066
300.132
300.208
300.302
300.415
300.552
300.701
300.859
301.02
298.833
298.999
299.162
299.318
299.452
299.578
299.686
299.769
299.841
299.896
299.934
299.958
299.971
299.977
299.977
299.973
299.968
299.963
299.957
299.951
299.946
299.942
299.939
299.937
299.936
299.936
299.937
299.939
299.941
299.944
299.948
299.952
299.956
299.96
299.964
299.968
299.972
299.975
299.979
299.982
299.985
299.988
299.99
299.991
299.993
299.994
299.995
299.996
299.997
299.998
299.999
300
300.001
300.001
300.002
300.003
300.003
300.003
300.003
300.003
300.004
300.005
300.005
300.006
300.008
300.009
300.01
300.011
300.012
300.013
300.014
300.015
300.014
300.014
300.012
300.01
300.007
300.002
299.998
299.992
299.986
299.98
299.974
299.97
299.966
299.964
299.964
299.968
299.98
300.001
300.035
300.084
300.148
300.223
300.315
300.426
300.562
300.708
300.864
301.021
298.834
299.003
299.169
299.328
299.463
299.594
299.7
299.786
299.862
299.916
299.954
299.977
299.99
299.995
299.995
299.991
299.986
299.981
299.975
299.969
299.964
299.961
299.958
299.956
299.955
299.956
299.957
299.959
299.962
299.965
299.97
299.974
299.979
299.983
299.988
299.992
299.996
300
300.005
300.009
300.012
300.014
300.016
300.018
300.02
300.022
300.024
300.025
300.026
300.027
300.028
300.029
300.03
300.03
300.031
300.031
300.031
300.031
300.03
300.03
300.031
300.031
300.031
300.032
300.033
300.033
300.034
300.035
300.035
300.035
300.035
300.035
300.034
300.032
300.03
300.027
300.023
300.018
300.013
300.007
300
299.994
299.988
299.984
299.981
299.978
299.979
299.985
299.997
300.018
300.052
300.1
300.163
300.237
300.328
300.438
300.571
300.715
300.868
301.022
298.836
299.008
299.176
299.337
299.475
299.609
299.714
299.807
299.882
299.936
299.973
299.997
300.01
300.015
300.014
300.01
300.005
300
299.994
299.988
299.983
299.98
299.977
299.976
299.975
299.975
299.977
299.979
299.983
299.987
299.991
299.996
300.001
300.006
300.011
300.015
300.02
300.026
300.031
300.034
300.037
300.04
300.043
300.045
300.047
300.049
300.051
300.053
300.054
300.056
300.057
300.058
300.058
300.058
300.058
300.058
300.058
300.057
300.057
300.057
300.057
300.057
300.057
300.058
300.058
300.058
300.058
300.058
300.058
300.057
300.056
300.055
300.053
300.051
300.048
300.044
300.039
300.033
300.027
300.021
300.014
300.007
300.001
299.997
299.995
299.992
299.994
300
300.013
300.035
300.068
300.116
300.178
300.251
300.341
300.45
300.58
300.722
300.872
301.024
298.837
299.012
299.184
299.345
299.489
299.623
299.73
299.827
299.901
299.956
299.993
300.016
300.029
300.034
300.034
300.03
300.024
300.018
300.013
300.007
300.002
299.999
299.997
299.996
299.995
299.996
299.997
300
300.004
300.008
300.013
300.018
300.023
300.029
300.033
300.039
300.045
300.051
300.055
300.059
300.062
300.065
300.068
300.071
300.074
300.076
300.078
300.08
300.081
300.083
300.084
300.084
300.085
300.084
300.084
300.084
300.084
300.083
300.083
300.083
300.083
300.083
300.083
300.083
300.083
300.082
300.082
300.081
300.08
300.079
300.077
300.075
300.072
300.069
300.065
300.06
300.055
300.048
300.042
300.035
300.027
300.02
300.013
300.009
300.008
300.006
300.007
300.014
300.028
300.051
300.084
300.132
300.193
300.265
300.353
300.461
300.589
300.729
300.876
301.025
298.839
299.017
299.191
299.353
299.503
299.634
299.749
299.846
299.921
299.975
300.012
300.036
300.048
300.053
300.053
300.05
300.044
300.038
300.032
300.027
300.022
300.019
300.017
300.016
300.016
300.016
300.018
300.022
300.026
300.03
300.035
300.04
300.046
300.051
300.057
300.064
300.07
300.075
300.079
300.082
300.086
300.089
300.093
300.096
300.099
300.101
300.103
300.105
300.106
300.108
300.108
300.109
300.109
300.109
300.109
300.109
300.109
300.109
300.109
300.109
300.109
300.109
300.108
300.108
300.107
300.106
300.105
300.104
300.102
300.1
300.098
300.095
300.091
300.087
300.082
300.077
300.07
300.063
300.056
300.048
300.04
300.033
300.025
300.021
300.019
300.018
300.02
300.028
300.042
300.065
300.099
300.146
300.208
300.278
300.366
300.473
300.597
300.735
300.88
301.027
298.841
299.021
299.199
299.361
299.516
299.648
299.768
299.865
299.94
299.994
300.032
300.055
300.068
300.073
300.073
300.07
300.063
300.057
300.052
300.047
300.042
300.039
300.038
300.037
300.037
300.038
300.04
300.043
300.047
300.052
300.057
300.062
300.068
300.074
300.081
300.088
300.093
300.097
300.101
300.105
300.109
300.113
300.116
300.119
300.122
300.124
300.126
300.128
300.129
300.13
300.131
300.132
300.132
300.133
300.133
300.134
300.134
300.135
300.135
300.135
300.135
300.134
300.133
300.132
300.131
300.13
300.128
300.126
300.124
300.121
300.118
300.114
300.11
300.105
300.099
300.093
300.086
300.078
300.069
300.061
300.053
300.045
300.037
300.032
300.03
300.029
300.032
300.04
300.055
300.079
300.114
300.16
300.221
300.292
300.379
300.485
300.606
300.742
300.884
301.028
298.842
299.026
299.207
299.371
299.528
299.664
299.786
299.884
299.959
300.013
300.051
300.075
300.088
300.093
300.093
300.089
300.083
300.077
300.072
300.068
300.063
300.06
300.059
300.058
300.059
300.06
300.062
300.065
300.069
300.074
300.079
300.084
300.09
300.098
300.105
300.11
300.115
300.119
300.123
300.127
300.131
300.134
300.138
300.141
300.143
300.145
300.147
300.149
300.15
300.151
300.153
300.154
300.155
300.157
300.158
300.159
300.159
300.16
300.16
300.16
300.159
300.159
300.158
300.156
300.155
300.153
300.151
300.148
300.145
300.142
300.138
300.133
300.128
300.122
300.116
300.108
300.1
300.092
300.083
300.074
300.065
300.056
300.048
300.043
300.041
300.041
300.044
300.052
300.068
300.092
300.127
300.174
300.235
300.305
300.391
300.495
300.615
300.749
300.888
301.029
298.844
299.03
299.213
299.383
299.539
299.682
299.803
299.902
299.977
300.032
300.07
300.094
300.107
300.113
300.112
300.109
300.103
300.097
300.093
300.089
300.085
300.082
300.081
300.08
300.081
300.082
300.084
300.087
300.091
300.096
300.101
300.107
300.114
300.121
300.127
300.131
300.136
300.14
300.144
300.148
300.151
300.155
300.157
300.16
300.162
300.164
300.166
300.168
300.17
300.173
300.175
300.177
300.179
300.181
300.182
300.183
300.184
300.184
300.184
300.184
300.183
300.182
300.181
300.18
300.178
300.175
300.173
300.17
300.166
300.162
300.157
300.152
300.146
300.139
300.132
300.124
300.115
300.106
300.096
300.086
300.076
300.067
300.06
300.054
300.051
300.051
300.055
300.064
300.08
300.104
300.14
300.188
300.248
300.318
300.404
300.504
300.624
300.755
300.892
301.031
298.845
299.035
299.219
299.394
299.552
299.698
299.821
299.92
299.996
300.051
300.089
300.113
300.127
300.132
300.133
300.129
300.123
300.118
300.114
300.11
300.107
300.104
300.103
300.102
300.103
300.105
300.107
300.11
300.114
300.118
300.123
300.13
300.137
300.143
300.147
300.152
300.156
300.16
300.164
300.167
300.17
300.173
300.176
300.178
300.18
300.183
300.186
300.189
300.192
300.195
300.198
300.2
300.202
300.204
300.205
300.207
300.207
300.208
300.208
300.207
300.207
300.205
300.204
300.202
300.2
300.197
300.194
300.19
300.186
300.181
300.176
300.17
300.163
300.156
300.148
300.139
300.129
300.119
300.109
300.098
300.088
300.078
300.07
300.065
300.062
300.062
300.065
300.075
300.091
300.116
300.152
300.2
300.261
300.331
300.416
300.514
300.633
300.761
300.896
301.032
298.847
299.04
299.225
299.403
299.567
299.714
299.837
299.937
300.014
300.07
300.108
300.133
300.146
300.152
300.153
300.15
300.144
300.14
300.135
300.132
300.129
300.127
300.125
300.125
300.126
300.128
300.13
300.133
300.136
300.141
300.147
300.153
300.159
300.163
300.167
300.171
300.175
300.179
300.182
300.185
300.188
300.19
300.193
300.197
300.2
300.204
300.208
300.212
300.215
300.218
300.221
300.223
300.225
300.227
300.228
300.229
300.23
300.23
300.23
300.23
300.229
300.227
300.226
300.223
300.221
300.218
300.214
300.21
300.205
300.2
300.194
300.187
300.18
300.171
300.162
300.153
300.143
300.132
300.121
300.11
300.099
300.088
300.08
300.076
300.072
300.071
300.075
300.085
300.102
300.127
300.163
300.212
300.274
300.343
300.425
300.524
300.641
300.768
300.899
301.033
298.848
299.045
299.233
299.413
299.581
299.729
299.854
299.954
300.032
300.088
300.127
300.152
300.166
300.172
300.173
300.171
300.167
300.161
300.156
300.153
300.151
300.149
300.148
300.148
300.149
300.15
300.152
300.155
300.159
300.164
300.171
300.175
300.179
300.183
300.186
300.19
300.194
300.197
300.2
300.202
300.205
300.209
300.214
300.218
300.222
300.227
300.23
300.234
300.237
300.24
300.243
300.245
300.247
300.249
300.25
300.251
300.252
300.252
300.251
300.251
300.25
300.248
300.246
300.244
300.241
300.237
300.233
300.228
300.223
300.217
300.21
300.203
300.195
300.186
300.177
300.166
300.155
300.144
300.132
300.12
300.109
300.098
300.09
300.085
300.081
300.08
300.085
300.095
300.112
300.138
300.175
300.223
300.286
300.355
300.434
300.535
300.65
300.774
300.903
301.034
298.85
299.049
299.241
299.424
299.595
299.744
299.87
299.972
300.049
300.106
300.145
300.17
300.185
300.192
300.194
300.192
300.189
300.183
300.178
300.175
300.172
300.171
300.17
300.17
300.171
300.172
300.175
300.178
300.183
300.188
300.193
300.196
300.199
300.202
300.206
300.209
300.212
300.214
300.218
300.221
300.226
300.231
300.236
300.24
300.245
300.248
300.252
300.256
300.259
300.262
300.264
300.266
300.268
300.27
300.271
300.272
300.272
300.272
300.272
300.271
300.269
300.268
300.265
300.262
300.259
300.255
300.25
300.245
300.239
300.233
300.226
300.218
300.209
300.2
300.19
300.179
300.167
300.155
300.143
300.131
300.119
300.108
300.1
300.093
300.09
300.089
300.094
300.104
300.122
300.149
300.186
300.235
300.297
300.363
300.443
300.546
300.659
300.78
300.907
301.036
298.851
299.052
299.249
299.436
299.608
299.759
299.886
299.988
300.067
300.124
300.163
300.189
300.204
300.211
300.214
300.213
300.21
300.205
300.201
300.197
300.194
300.193
300.192
300.192
300.193
300.195
300.198
300.202
300.206
300.211
300.213
300.216
300.219
300.222
300.225
300.227
300.23
300.234
300.238
300.243
300.248
300.253
300.258
300.262
300.266
300.27
300.273
300.276
300.279
300.282
300.284
300.287
300.288
300.29
300.291
300.291
300.291
300.291
300.29
300.289
300.288
300.285
300.283
300.28
300.276
300.272
300.267
300.261
300.255
300.248
300.24
300.232
300.222
300.212
300.202
300.19
300.178
300.166
300.153
300.141
300.128
300.117
300.109
300.102
300.098
300.098
300.102
300.113
300.132
300.159
300.196
300.246
300.306
300.371
300.455
300.556
300.667
300.786
300.911
301.037
298.853
299.057
299.256
299.447
299.621
299.774
299.902
300.005
300.084
300.141
300.181
300.207
300.223
300.231
300.233
300.233
300.231
300.226
300.223
300.22
300.217
300.215
300.215
300.215
300.217
300.219
300.222
300.225
300.229
300.231
300.233
300.236
300.238
300.241
300.244
300.247
300.251
300.256
300.261
300.266
300.27
300.275
300.279
300.283
300.287
300.29
300.293
300.296
300.299
300.302
300.304
300.306
300.307
300.308
300.309
300.309
300.309
300.309
300.308
300.306
300.304
300.302
300.299
300.295
300.291
300.286
300.281
300.275
300.268
300.261
300.253
300.244
300.234
300.224
300.213
300.201
300.188
300.176
300.163
300.15
300.137
300.126
300.117
300.11
300.106
300.106
300.111
300.122
300.141
300.169
300.207
300.257
300.311
300.379
300.468
300.566
300.675
300.792
300.914
301.038
298.854
299.062
299.265
299.458
299.634
299.789
299.918
300.021
300.1
300.158
300.198
300.225
300.241
300.249
300.253
300.253
300.251
300.248
300.245
300.242
300.24
300.239
300.238
300.239
300.24
300.242
300.245
300.248
300.25
300.251
300.253
300.256
300.258
300.261
300.264
300.268
300.273
300.278
300.283
300.287
300.291
300.295
300.299
300.303
300.306
300.31
300.313
300.315
300.318
300.32
300.322
300.323
300.325
300.326
300.326
300.326
300.326
300.325
300.324
300.322
300.32
300.317
300.313
300.31
300.305
300.3
300.294
300.288
300.281
300.273
300.264
300.255
300.245
300.234
300.223
300.21
300.198
300.185
300.171
300.158
300.146
300.135
300.126
300.118
300.114
300.114
300.119
300.131
300.15
300.179
300.218
300.263
300.317
300.392
300.478
300.576
300.683
300.798
300.918
301.039
298.856
299.067
299.273
299.469
299.647
299.803
299.933
300.037
300.117
300.175
300.215
300.242
300.259
300.268
300.272
300.273
300.271
300.27
300.266
300.264
300.263
300.261
300.261
300.262
300.263
300.265
300.267
300.268
300.269
300.271
300.273
300.275
300.278
300.282
300.286
300.291
300.295
300.3
300.304
300.308
300.312
300.315
300.319
300.322
300.325
300.328
300.331
300.333
300.335
300.337
300.339
300.34
300.341
300.342
300.342
300.342
300.341
300.34
300.338
300.336
300.333
300.33
300.327
300.322
300.317
300.312
300.306
300.299
300.291
300.283
300.274
300.265
300.254
300.243
300.231
300.219
300.206
300.193
300.179
300.166
300.153
300.142
300.133
300.126
300.122
300.122
300.127
300.139
300.159
300.189
300.226
300.268
300.326
300.405
300.489
300.585
300.691
300.804
300.922
301.041
298.858
299.071
299.281
299.479
299.66
299.817
299.949
300.053
300.133
300.191
300.232
300.259
300.276
300.285
300.29
300.292
300.291
300.29
300.287
300.285
300.284
300.283
300.283
300.283
300.285
300.287
300.287
300.288
300.289
300.291
300.293
300.296
300.299
300.304
300.308
300.312
300.316
300.32
300.324
300.327
300.33
300.334
300.337
300.34
300.343
300.345
300.348
300.35
300.352
300.353
300.355
300.356
300.356
300.357
300.356
300.356
300.355
300.353
300.351
300.349
300.346
300.342
300.338
300.334
300.328
300.323
300.316
300.309
300.301
300.293
300.283
300.273
300.263
300.251
300.239
300.227
300.214
300.2
300.186
300.173
300.161
300.15
300.14
300.133
300.129
300.129
300.135
300.148
300.169
300.198
300.23
300.274
300.342
300.415
300.5
300.595
300.699
300.81
300.925
301.042
298.859
299.077
299.289
299.49
299.673
299.832
299.964
300.069
300.149
300.207
300.248
300.276
300.293
300.303
300.308
300.31
300.31
300.309
300.308
300.306
300.305
300.304
300.304
300.305
300.306
300.307
300.307
300.308
300.309
300.311
300.314
300.317
300.321
300.325
300.328
300.332
300.335
300.339
300.342
300.345
300.348
300.351
300.354
300.356
300.359
300.361
300.363
300.365
300.367
300.368
300.369
300.37
300.37
300.37
300.37
300.369
300.368
300.366
300.364
300.361
300.357
300.353
300.349
300.344
300.338
300.332
300.325
300.318
300.31
300.301
300.291
300.281
300.27
300.258
300.246
300.234
300.22
300.207
300.193
300.18
300.168
300.157
300.147
300.14
300.137
300.137
300.144
300.157
300.178
300.201
300.236
300.287
300.354
300.427
300.51
300.604
300.707
300.816
300.929
301.043
298.861
299.082
299.297
299.501
299.685
299.846
299.978
300.084
300.164
300.223
300.264
300.292
300.309
300.319
300.325
300.328
300.328
300.328
300.327
300.326
300.325
300.324
300.324
300.325
300.326
300.326
300.326
300.327
300.329
300.331
300.334
300.337
300.341
300.344
300.347
300.35
300.353
300.356
300.359
300.362
300.365
300.367
300.37
300.372
300.374
300.376
300.378
300.38
300.381
300.382
300.383
300.383
300.383
300.383
300.382
300.381
300.38
300.378
300.375
300.372
300.368
300.364
300.359
300.354
300.348
300.341
300.334
300.326
300.317
300.308
300.298
300.288
300.277
300.265
300.253
300.24
300.227
300.213
300.2
300.187
300.175
300.164
300.155
300.148
300.144
300.145
300.152
300.166
300.182
300.207
300.244
300.304
300.366
300.438
300.521
300.614
300.715
300.822
300.932
301.044
298.862
299.086
299.305
299.511
299.698
299.859
299.993
300.099
300.179
300.238
300.279
300.307
300.325
300.336
300.342
300.345
300.346
300.346
300.345
300.345
300.344
300.344
300.344
300.344
300.344
300.344
300.345
300.346
300.348
300.35
300.353
300.356
300.359
300.362
300.365
300.367
300.37
300.373
300.375
300.378
300.38
300.382
300.384
300.387
300.388
300.39
300.392
300.393
300.394
300.395
300.396
300.396
300.396
300.396
300.395
300.393
300.391
300.389
300.386
300.382
300.378
300.374
300.369
300.363
300.356
300.349
300.342
300.334
300.325
300.315
300.305
300.294
300.283
300.271
300.259
300.246
300.233
300.219
300.206
300.193
300.181
300.171
300.162
300.155
300.152
300.153
300.161
300.171
300.187
300.214
300.263
300.316
300.378
300.45
300.533
300.624
300.724
300.828
300.936
301.045
298.864
299.091
299.313
299.522
299.71
299.873
300.007
300.114
300.194
300.253
300.294
300.322
300.34
300.351
300.358
300.361
300.363
300.363
300.363
300.363
300.362
300.362
300.362
300.362
300.362
300.362
300.363
300.364
300.366
300.368
300.371
300.373
300.376
300.378
300.381
300.383
300.385
300.388
300.39
300.392
300.394
300.396
300.398
300.4
300.402
300.403
300.405
300.406
300.407
300.408
300.408
300.408
300.408
300.407
300.406
300.405
300.403
300.4
300.396
300.392
300.388
300.384
300.378
300.372
300.365
300.358
300.35
300.341
300.332
300.323
300.312
300.301
300.289
300.277
300.265
300.252
300.239
300.226
300.213
300.2
300.188
300.178
300.169
300.163
300.16
300.162
300.166
300.176
300.194
300.232
300.277
300.328
300.39
300.462
300.544
300.635
300.732
300.834
300.94
301.047
298.866
299.096
299.321
299.532
299.723
299.887
300.022
300.128
300.209
300.267
300.309
300.337
300.355
300.366
300.373
300.377
300.379
300.379
300.38
300.379
300.379
300.379
300.378
300.378
300.379
300.379
300.38
300.381
300.383
300.385
300.387
300.389
300.391
300.393
300.395
300.397
300.399
300.401
300.403
300.405
300.407
300.409
300.411
300.413
300.414
300.416
300.417
300.418
300.419
300.42
300.42
300.42
300.42
300.419
300.418
300.416
300.414
300.411
300.408
300.404
300.399
300.394
300.387
300.381
300.375
300.367
300.358
300.35
300.34
300.33
300.319
300.308
300.296
300.284
300.272
300.259
300.246
300.233
300.22
300.207
300.196
300.185
300.177
300.171
300.168
300.168
300.173
300.184
300.211
300.247
300.289
300.342
300.404
300.476
300.556
300.645
300.741
300.841
300.944
301.048
298.868
299.101
299.329
299.543
299.735
299.9
300.035
300.142
300.222
300.281
300.322
300.35
300.369
300.38
300.387
300.391
300.394
300.395
300.395
300.395
300.395
300.394
300.394
300.394
300.394
300.395
300.396
300.397
300.399
300.4
300.402
300.404
300.405
300.407
300.409
300.411
300.412
300.414
300.416
300.418
300.42
300.422
300.423
300.425
300.426
300.428
300.429
300.43
300.431
300.432
300.432
300.432
300.431
300.43
300.429
300.427
300.425
300.422
300.419
300.415
300.41
300.405
300.399
300.391
300.384
300.376
300.367
300.358
300.35
300.339
300.327
300.315
300.303
300.291
300.279
300.266
300.253
300.24
300.227
300.215
300.203
300.194
300.186
300.18
300.176
300.176
300.182
300.2
300.226
300.26
300.304
300.356
300.418
300.489
300.569
300.656
300.749
300.847
300.947
301.049
298.869
299.106
299.337
299.553
299.747
299.913
300.049
300.156
300.236
300.295
300.336
300.364
300.382
300.394
300.401
300.406
300.408
300.409
300.409
300.409
300.409
300.409
300.409
300.409
300.409
300.41
300.411
300.412
300.413
300.414
300.415
300.417
300.418
300.42
300.421
300.423
300.425
300.426
300.428
300.43
300.431
300.433
300.435
300.436
300.438
300.439
300.441
300.442
300.443
300.443
300.443
300.443
300.443
300.442
300.441
300.439
300.437
300.434
300.43
300.426
300.421
300.416
300.41
300.403
300.396
300.388
300.378
300.368
300.359
300.348
300.335
300.323
300.312
300.3
300.288
300.275
300.262
300.248
300.235
300.223
300.213
300.203
300.195
300.188
300.184
300.186
300.196
300.215
300.241
300.275
300.319
300.372
300.433
300.504
300.582
300.668
300.759
300.854
300.951
301.05
298.871
299.111
299.345
299.564
299.759
299.926
300.062
300.169
300.249
300.307
300.348
300.376
300.395
300.407
300.414
300.418
300.421
300.422
300.423
300.423
300.423
300.423
300.423
300.423
300.423
300.423
300.424
300.425
300.426
300.427
300.428
300.429
300.43
300.431
300.433
300.434
300.436
300.438
300.439
300.441
300.443
300.444
300.446
300.448
300.449
300.451
300.452
300.453
300.454
300.455
300.455
300.455
300.455
300.454
300.453
300.451
300.449
300.446
300.442
300.438
300.433
300.428
300.422
300.415
300.407
300.399
300.39
300.38
300.371
300.36
300.346
300.333
300.322
300.31
300.298
300.285
300.272
300.258
300.244
300.232
300.221
300.212
300.204
300.197
300.195
300.2
300.211
300.23
300.257
300.292
300.336
300.388
300.449
300.519
300.596
300.679
300.768
300.861
300.956
301.052
298.873
299.117
299.353
299.574
299.771
299.939
300.075
300.182
300.262
300.32
300.361
300.388
300.407
300.419
300.426
300.43
300.433
300.433
300.434
300.434
300.435
300.435
300.435
300.435
300.435
300.436
300.436
300.437
300.438
300.438
300.439
300.44
300.441
300.442
300.444
300.445
300.447
300.448
300.45
300.451
300.453
300.455
300.457
300.458
300.46
300.461
300.463
300.464
300.465
300.466
300.467
300.467
300.467
300.466
300.465
300.464
300.461
300.459
300.455
300.451
300.446
300.441
300.435
300.428
300.42
300.412
300.402
300.393
300.382
300.371
300.359
300.346
300.334
300.322
300.31
300.297
300.283
300.268
300.254
300.241
300.23
300.221
300.214
300.209
300.209
300.215
300.227
300.247
300.274
300.31
300.354
300.406
300.467
300.535
300.61
300.692
300.778
300.868
300.96
301.053
298.874
299.122
299.361
299.585
299.783
299.952
300.088
300.194
300.274
300.332
300.372
300.4
300.418
300.43
300.437
300.441
300.443
300.445
300.445
300.446
300.446
300.446
300.447
300.447
300.447
300.447
300.448
300.448
300.449
300.449
300.45
300.451
300.452
300.453
300.454
300.455
300.457
300.458
300.46
300.461
300.463
300.465
300.467
300.469
300.47
300.472
300.474
300.475
300.477
300.478
300.479
300.479
300.479
300.479
300.478
300.477
300.475
300.472
300.469
300.465
300.46
300.455
300.449
300.442
300.434
300.425
300.416
300.406
300.396
300.384
300.372
300.359
300.347
300.334
300.321
300.307
300.294
300.279
300.265
300.253
300.242
300.234
300.227
300.224
300.226
300.233
300.246
300.266
300.294
300.33
300.374
300.425
300.485
300.551
300.625
300.704
300.788
300.875
300.964
301.055
298.876
299.127
299.369
299.595
299.795
299.964
300.101
300.207
300.286
300.343
300.383
300.41
300.428
300.44
300.447
300.451
300.454
300.455
300.456
300.456
300.457
300.457
300.457
300.458
300.458
300.458
300.458
300.459
300.459
300.459
300.46
300.461
300.461
300.462
300.464
300.465
300.466
300.468
300.469
300.471
300.473
300.475
300.477
300.479
300.481
300.483
300.484
300.486
300.488
300.489
300.49
300.491
300.491
300.491
300.491
300.49
300.488
300.486
300.483
300.479
300.475
300.47
300.464
300.457
300.449
300.441
300.431
300.421
300.41
300.399
300.387
300.374
300.361
300.348
300.334
300.321
300.307
300.293
300.279
300.267
300.257
300.249
300.244
300.242
300.244
300.252
300.267
300.287
300.316
300.351
300.395
300.445
300.504
300.569
300.64
300.717
300.798
300.882
300.969
301.056
298.878
299.132
299.378
299.605
299.807
299.977
300.113
300.218
300.297
300.354
300.393
300.42
300.438
300.45
300.457
300.461
300.464
300.466
300.466
300.467
300.467
300.467
300.467
300.467
300.468
300.468
300.468
300.468
300.469
300.469
300.469
300.47
300.471
300.472
300.473
300.474
300.475
300.477
300.479
300.48
300.482
300.484
300.486
300.488
300.491
300.493
300.495
300.497
300.499
300.5
300.502
300.503
300.504
300.504
300.504
300.503
300.502
300.5
300.498
300.494
300.49
300.485
300.479
300.473
300.465
300.457
300.448
300.438
300.427
300.415
300.403
300.39
300.377
300.363
300.35
300.336
300.322
300.308
300.295
300.284
300.274
300.267
300.263
300.262
300.266
300.275
300.289
300.311
300.339
300.374
300.417
300.467
300.524
300.587
300.656
300.731
300.809
300.89
300.973
301.058
298.88
299.137
299.386
299.616
299.819
299.989
300.125
300.23
300.308
300.364
300.403
300.43
300.448
300.459
300.467
300.471
300.474
300.475
300.476
300.476
300.476
300.476
300.477
300.477
300.477
300.477
300.478
300.478
300.478
300.478
300.478
300.479
300.48
300.481
300.482
300.483
300.484
300.486
300.487
300.489
300.491
300.493
300.496
300.498
300.5
300.503
300.505
300.507
300.509
300.511
300.513
300.515
300.516
300.517
300.517
300.517
300.516
300.515
300.512
300.51
300.506
300.501
300.496
300.49
300.482
300.474
300.465
300.455
300.444
300.433
300.421
300.408
300.395
300.381
300.367
300.354
300.34
300.327
300.314
300.303
300.295
300.288
300.285
300.285
300.29
300.299
300.314
300.336
300.364
300.399
300.441
300.489
300.544
300.606
300.673
300.744
300.82
300.898
300.978
301.059
298.882
299.143
299.394
299.626
299.83
300.001
300.137
300.241
300.318
300.374
300.413
300.439
300.457
300.468
300.475
300.48
300.482
300.484
300.485
300.485
300.485
300.485
300.486
300.486
300.486
300.486
300.486
300.486
300.487
300.487
300.487
300.488
300.488
300.489
300.49
300.491
300.493
300.494
300.496
300.498
300.5
300.502
300.504
300.507
300.509
300.512
300.515
300.517
300.52
300.522
300.524
300.526
300.528
300.529
300.53
300.53
300.53
300.529
300.527
300.525
300.521
300.517
300.512
300.507
300.5
300.492
300.483
300.474
300.463
300.452
300.44
300.428
300.414
300.401
300.387
300.374
300.361
300.348
300.336
300.326
300.318
300.312
300.31
300.311
300.316
300.326
300.341
300.363
300.391
300.425
300.465
300.513
300.566
300.625
300.69
300.759
300.831
300.906
300.983
301.061
298.883
299.148
299.403
299.637
299.842
300.013
300.148
300.252
300.328
300.383
300.422
300.448
300.465
300.476
300.484
300.488
300.491
300.492
300.493
300.494
300.494
300.494
300.494
300.494
300.494
300.494
300.495
300.495
300.495
300.495
300.495
300.496
300.496
300.497
300.498
300.499
300.501
300.502
300.504
300.506
300.508
300.511
300.513
300.516
300.518
300.521
300.524
300.527
300.529
300.532
300.535
300.537
300.539
300.54
300.542
300.543
300.543
300.542
300.541
300.54
300.537
300.533
300.529
300.524
300.518
300.51
300.502
300.493
300.483
300.472
300.461
300.448
300.436
300.423
300.409
300.396
300.383
300.371
300.36
300.351
300.344
300.339
300.337
300.339
300.345
300.355
300.37
300.392
300.419
300.452
300.491
300.537
300.589
300.645
300.707
300.773
300.843
300.914
300.988
301.063
298.885
299.153
299.411
299.647
299.854
300.024
300.159
300.262
300.338
300.392
300.43
300.456
300.473
300.484
300.491
300.496
300.499
300.5
300.501
300.502
300.502
300.502
300.502
300.502
300.502
300.502
300.503
300.503
300.503
300.503
300.504
300.504
300.504
300.505
300.506
300.507
300.509
300.51
300.512
300.514
300.516
300.518
300.521
300.524
300.527
300.529
300.532
300.536
300.539
300.541
300.544
300.547
300.549
300.551
300.553
300.554
300.555
300.555
300.555
300.554
300.552
300.549
300.545
300.541
300.535
300.529
300.521
300.513
300.503
300.493
300.482
300.471
300.458
300.446
300.433
300.421
300.408
300.397
300.387
300.379
300.373
300.368
300.367
300.369
300.375
300.386
300.401
300.422
300.448
300.48
300.519
300.562
300.612
300.666
300.725
300.788
300.854
300.923
300.993
301.064
298.887
299.159
299.419
299.658
299.865
300.035
300.17
300.272
300.347
300.4
300.438
300.463
300.48
300.491
300.499
300.503
300.506
300.508
300.509
300.509
300.51
300.51
300.51
300.51
300.51
300.51
300.51
300.511
300.511
300.511
300.511
300.512
300.512
300.513
300.514
300.515
300.516
300.518
300.519
300.521
300.524
300.526
300.529
300.531
300.534
300.537
300.54
300.544
300.547
300.55
300.553
300.556
300.559
300.561
300.564
300.565
300.567
300.568
300.568
300.567
300.566
300.564
300.561
300.557
300.553
300.547
300.54
300.533
300.524
300.515
300.505
300.494
300.482
300.471
300.459
300.447
300.435
300.426
300.417
300.409
300.403
300.4
300.399
300.402
300.408
300.418
300.434
300.454
300.479
300.51
300.547
300.588
300.636
300.687
300.744
300.804
300.866
300.932
300.998
301.066
298.889
299.164
299.428
299.668
299.876
300.046
300.18
300.281
300.355
300.408
300.445
300.47
300.487
300.498
300.505
300.51
300.513
300.515
300.516
300.517
300.517
300.517
300.517
300.517
300.518
300.518
300.518
300.518
300.518
300.519
300.519
300.519
300.52
300.52
300.521
300.522
300.523
300.525
300.526
300.528
300.531
300.533
300.536
300.538
300.541
300.544
300.548
300.551
300.554
300.558
300.561
300.564
300.568
300.571
300.573
300.575
300.577
300.579
300.579
300.58
300.579
300.578
300.576
300.573
300.569
300.564
300.559
300.552
300.545
300.536
300.527
300.518
300.507
300.497
300.486
300.475
300.465
300.456
300.448
300.441
300.436
300.433
300.433
300.436
300.442
300.453
300.467
300.487
300.511
300.541
300.576
300.615
300.66
300.709
300.763
300.819
300.879
300.941
301.004
301.068
298.891
299.17
299.436
299.678
299.887
300.057
300.19
300.29
300.363
300.415
300.451
300.476
300.493
300.504
300.511
300.516
300.519
300.521
300.522
300.523
300.524
300.524
300.524
300.525
300.525
300.525
300.525
300.525
300.525
300.526
300.526
300.526
300.527
300.527
300.528
300.529
300.53
300.531
300.533
300.535
300.537
300.539
300.542
300.545
300.548
300.551
300.554
300.558
300.561
300.565
300.568
300.572
300.575
300.578
300.581
300.584
300.587
300.589
300.59
300.591
300.591
300.591
300.59
300.588
300.585
300.581
300.577
300.571
300.565
300.558
300.55
300.541
300.533
300.523
300.514
300.505
300.496
300.488
300.48
300.475
300.471
300.468
300.469
300.472
300.478
300.488
300.503
300.521
300.544
300.572
300.605
300.643
300.685
300.732
300.782
300.835
300.891
300.95
301.009
301.07
298.893
299.175
299.444
299.688
299.897
300.066
300.198
300.297
300.37
300.421
300.457
300.481
300.498
300.509
300.517
300.522
300.525
300.527
300.529
300.53
300.53
300.531
300.531
300.531
300.531
300.532
300.532
300.532
300.532
300.532
300.533
300.533
300.533
300.534
300.535
300.535
300.537
300.538
300.539
300.541
300.543
300.545
300.548
300.55
300.553
300.556
300.56
300.563
300.567
300.571
300.574
300.578
300.582
300.585
300.589
300.592
300.595
300.597
300.599
300.601
300.602
300.602
300.602
300.601
300.599
300.597
300.593
300.589
300.584
300.579
300.572
300.565
300.558
300.55
300.542
300.534
300.527
300.521
300.513
300.509
300.506
300.504
300.505
300.508
300.515
300.525
300.539
300.556
300.578
300.605
300.636
300.671
300.711
300.754
300.801
300.852
300.904
300.959
301.015
301.072
298.895
299.18
299.452
299.697
299.906
300.075
300.206
300.304
300.375
300.426
300.461
300.486
300.502
300.514
300.521
300.526
300.53
300.532
300.534
300.535
300.536
300.537
300.537
300.538
300.538
300.538
300.538
300.538
300.539
300.539
300.539
300.54
300.54
300.54
300.541
300.542
300.543
300.544
300.545
300.547
300.548
300.551
300.553
300.555
300.558
300.561
300.565
300.568
300.572
300.575
300.579
300.583
300.587
300.591
300.595
300.598
300.601
300.604
300.607
300.609
300.611
300.612
300.613
300.613
300.612
300.611
300.609
300.606
300.603
300.598
300.594
300.588
300.582
300.576
300.57
300.564
300.558
300.553
300.55
300.544
300.542
300.541
300.542
300.546
300.552
300.562
300.575
300.592
300.613
300.638
300.667
300.7
300.737
300.777
300.821
300.868
300.917
300.968
301.021
301.074
298.896
299.185
299.459
299.705
299.914
300.082
300.212
300.309
300.38
300.43
300.465
300.489
300.506
300.517
300.525
300.531
300.534
300.537
300.539
300.54
300.541
300.542
300.543
300.543
300.544
300.544
300.544
300.544
300.545
300.545
300.545
300.546
300.546
300.546
300.547
300.547
300.548
300.549
300.55
300.552
300.553
300.555
300.557
300.56
300.563
300.565
300.569
300.572
300.576
300.579
300.583
300.587
300.591
300.595
300.599
300.603
300.607
300.61
300.613
300.616
300.619
300.621
300.622
300.623
300.624
300.624
300.623
300.622
300.62
300.617
300.614
300.61
300.606
300.602
300.597
300.593
300.588
300.584
300.583
300.579
300.578
300.578
300.579
300.584
300.59
300.6
300.612
300.628
300.648
300.671
300.698
300.729
300.763
300.801
300.841
300.885
300.931
300.978
301.026
301.075
298.898
299.189
299.465
299.712
299.921
300.088
300.217
300.313
300.382
300.432
300.467
300.491
300.508
300.52
300.528
300.534
300.538
300.541
300.543
300.545
300.546
300.547
300.548
300.549
300.549
300.549
300.55
300.55
300.55
300.55
300.551
300.551
300.552
300.552
300.552
300.553
300.553
300.554
300.555
300.556
300.558
300.56
300.562
300.564
300.566
300.569
300.572
300.575
300.579
300.582
300.586
300.59
300.594
300.599
300.603
300.607
300.611
300.615
300.618
300.622
300.625
300.628
300.63
300.632
300.634
300.635
300.635
300.635
300.635
300.634
300.632
300.63
300.628
300.626
300.623
300.62
300.618
300.615
300.615
300.612
300.612
300.614
300.616
300.621
300.627
300.637
300.649
300.664
300.682
300.704
300.729
300.757
300.789
300.824
300.862
300.902
300.944
300.987
301.032
301.077
298.899
299.193
299.47
299.717
299.925
300.091
300.219
300.314
300.383
300.432
300.467
300.491
300.509
300.521
300.53
300.536
300.54
300.544
300.546
300.548
300.55
300.551
300.552
300.553
300.554
300.554
300.555
300.555
300.555
300.556
300.556
300.556
300.556
300.557
300.557
300.558
300.558
300.559
300.56
300.561
300.562
300.563
300.565
300.567
300.569
300.572
300.575
300.578
300.581
300.585
300.588
300.592
300.597
300.601
300.605
300.609
300.614
300.618
300.622
300.626
300.63
300.633
300.636
300.639
300.642
300.644
300.646
300.647
300.648
300.649
300.649
300.649
300.648
300.647
300.647
300.646
300.645
300.644
300.644
300.644
300.646
300.648
300.652
300.657
300.664
300.673
300.685
300.699
300.716
300.737
300.76
300.786
300.815
300.847
300.882
300.918
300.957
300.997
301.038
301.079
298.9
299.195
299.472
299.719
299.926
300.091
300.218
300.312
300.38
300.43
300.465
300.49
300.508
300.521
300.53
300.537
300.542
300.546
300.549
300.551
300.553
300.555
300.556
300.557
300.558
300.558
300.559
300.559
300.56
300.56
300.56
300.561
300.561
300.561
300.562
300.562
300.562
300.563
300.564
300.564
300.565
300.567
300.568
300.57
300.572
300.574
300.577
300.579
300.583
300.586
300.59
300.594
300.598
300.602
300.606
300.611
300.615
300.62
300.624
300.629
300.633
300.637
300.641
300.645
300.648
300.651
300.654
300.657
300.659
300.661
300.663
300.664
300.666
300.667
300.668
300.669
300.67
300.671
300.672
300.676
300.677
300.68
300.685
300.691
300.698
300.708
300.719
300.733
300.749
300.768
300.789
300.813
300.84
300.869
300.901
300.934
300.969
301.005
301.043
301.081
298.9
299.195
299.473
299.718
299.924
300.088
300.213
300.307
300.375
300.425
300.461
300.487
300.505
300.519
300.529
300.537
300.542
300.547
300.55
300.553
300.555
300.557
300.558
300.56
300.561
300.561
300.562
300.563
300.563
300.564
300.564
300.564
300.565
300.565
300.565
300.566
300.566
300.566
300.567
300.568
300.568
300.569
300.571
300.572
300.574
300.576
300.578
300.581
300.584
300.587
300.59
300.594
300.598
300.602
300.607
300.611
300.616
300.621
300.626
300.63
300.635
300.64
300.644
300.649
300.653
300.657
300.661
300.664
300.668
300.671
300.674
300.677
300.68
300.683
300.686
300.689
300.691
300.694
300.698
300.702
300.704
300.709
300.715
300.722
300.73
300.739
300.751
300.764
300.779
300.797
300.817
300.839
300.863
300.89
300.918
300.948
300.98
301.013
301.048
301.082
298.9
299.194
299.469
299.713
299.917
300.079
300.204
300.298
300.367
300.417
300.454
300.481
300.501
300.516
300.527
300.535
300.542
300.547
300.551
300.554
300.557
300.559
300.56
300.562
300.563
300.564
300.565
300.566
300.566
300.567
300.567
300.567
300.568
300.568
300.568
300.569
300.569
300.569
300.57
300.57
300.571
300.572
300.573
300.574
300.575
300.577
300.579
300.582
300.584
300.587
300.591
300.594
300.598
300.602
300.607
300.611
300.616
300.621
300.626
300.631
300.636
300.641
300.646
300.651
300.656
300.66
300.665
300.67
300.674
300.679
300.683
300.687
300.692
300.696
300.7
300.704
300.709
300.713
300.718
300.723
300.73
300.734
300.741
300.748
300.757
300.767
300.778
300.791
300.806
300.822
300.841
300.861
300.883
300.908
300.933
300.961
300.99
301.02
301.052
301.084
298.898
299.189
299.462
299.703
299.904
300.065
300.19
300.284
300.355
300.407
300.445
300.474
300.496
300.512
300.524
300.533
300.54
300.546
300.551
300.554
300.557
300.559
300.561
300.563
300.564
300.566
300.567
300.568
300.568
300.569
300.569
300.57
300.57
300.57
300.571
300.571
300.571
300.572
300.572
300.572
300.573
300.574
300.574
300.575
300.577
300.578
300.58
300.582
300.585
300.587
300.59
300.594
300.598
300.602
300.606
300.61
300.615
300.62
300.625
300.63
300.636
300.641
300.646
300.652
300.657
300.662
300.668
300.673
300.678
300.684
300.689
300.694
300.699
300.705
300.71
300.716
300.722
300.728
300.734
300.74
300.747
300.754
300.761
300.769
300.779
300.789
300.8
300.813
300.827
300.843
300.86
300.879
300.9
300.922
300.945
300.971
300.997
301.026
301.055
301.085
298.896
299.182
299.449
299.686
299.886
300.046
300.171
300.267
300.34
300.394
300.435
300.466
300.489
300.506
300.52
300.53
300.538
300.545
300.55
300.554
300.557
300.56
300.562
300.564
300.565
300.567
300.568
300.569
300.57
300.57
300.571
300.571
300.572
300.572
300.572
300.573
300.573
300.573
300.574
300.574
300.574
300.575
300.576
300.576
300.578
300.579
300.581
300.582
300.585
300.587
300.59
300.593
300.597
300.601
300.605
300.609
300.614
300.619
300.624
300.629
300.635
300.64
300.646
300.652
300.657
300.663
300.669
300.675
300.68
300.686
300.692
300.698
300.704
300.71
300.717
300.723
300.73
300.737
300.744
300.751
300.759
300.767
300.775
300.784
300.794
300.804
300.816
300.829
300.842
300.857
300.874
300.892
300.911
300.932
300.954
300.978
301.003
301.029
301.057
301.086
298.892
299.172
299.434
299.666
299.863
300.024
300.15
300.249
300.324
300.381
300.424
300.457
300.482
300.501
300.516
300.527
300.536
300.543
300.549
300.553
300.557
300.56
300.562
300.564
300.566
300.567
300.568
300.569
300.57
300.571
300.572
300.572
300.573
300.573
300.573
300.574
300.574
300.574
300.574
300.575
300.575
300.576
300.576
300.577
300.578
300.579
300.581
300.583
300.585
300.587
300.59
300.593
300.596
300.6
300.604
300.608
300.613
300.618
300.623
300.628
300.634
300.639
300.645
300.651
300.657
300.663
300.669
300.675
300.681
300.687
300.693
300.7
300.706
300.713
300.72
300.727
300.734
300.741
300.749
300.757
300.765
300.773
300.782
300.792
300.802
300.813
300.825
300.837
300.851
300.866
300.882
300.899
300.917
300.937
300.959
300.982
301.006
301.032
301.058
301.086
298.889
299.163
299.419
299.649
299.844
300.005
300.134
300.234
300.312
300.371
300.417
300.451
300.478
300.498
300.513
300.525
300.535
300.542
300.548
300.552
300.556
300.559
300.562
300.564
300.566
300.567
300.568
300.57
300.571
300.571
300.572
300.573
300.573
300.573
300.574
300.574
300.574
300.575
300.575
300.575
300.576
300.576
300.577
300.577
300.578
300.579
300.581
300.583
300.585
300.587
300.59
300.593
300.596
300.6
300.604
300.608
300.613
300.617
300.622
300.628
300.633
300.639
300.645
300.65
300.656
300.662
300.668
300.675
300.681
300.687
300.693
300.7
300.707
300.713
300.72
300.727
300.735
300.742
300.75
300.758
300.767
300.776
300.785
300.794
300.805
300.816
300.828
300.84
300.854
300.869
300.884
300.901
300.92
300.939
300.961
300.983
301.007
301.033
301.059
301.086
)
;

boundaryField
{
    Adiabatic_walls
    {
        type            calculated;
        value           nonuniform List<scalar> 
200
(
298.889
299.163
299.419
299.649
299.844
300.005
300.134
300.234
300.312
300.371
300.417
300.451
300.478
300.498
300.513
300.525
300.535
300.542
300.548
300.552
300.556
300.559
300.562
300.564
300.566
300.567
300.568
300.57
300.571
300.571
300.572
300.573
300.573
300.573
300.574
300.574
300.574
300.575
300.575
300.575
300.576
300.576
300.577
300.577
300.578
300.579
300.581
300.583
300.585
300.587
300.59
300.593
300.596
300.6
300.604
300.608
300.613
300.617
300.622
300.628
300.633
300.639
300.645
300.65
300.656
300.662
300.668
300.675
300.681
300.687
300.693
300.7
300.707
300.713
300.72
300.727
300.735
300.742
300.75
300.758
300.767
300.776
300.785
300.794
300.805
300.816
300.828
300.84
300.854
300.869
300.884
300.901
300.92
300.939
300.961
300.983
301.007
301.033
301.059
301.086
298.763
298.788
298.813
298.836
298.859
298.881
298.901
298.92
298.937
298.954
298.969
298.983
298.996
299.009
299.02
299.031
299.041
299.05
299.059
299.067
299.075
299.083
299.09
299.097
299.104
299.11
299.117
299.123
299.129
299.134
299.14
299.145
299.151
299.156
299.161
299.166
299.171
299.176
299.181
299.186
299.19
299.195
299.199
299.204
299.208
299.212
299.215
299.219
299.222
299.225
299.228
299.231
299.234
299.236
299.238
299.24
299.242
299.243
299.245
299.246
299.248
299.249
299.251
299.252
299.254
299.255
299.257
299.259
299.26
299.262
299.264
299.266
299.268
299.271
299.273
299.276
299.279
299.283
299.287
299.291
299.296
299.302
299.309
299.317
299.327
299.34
299.356
299.377
299.404
299.438
299.483
299.542
299.619
299.718
299.846
300.005
300.2
300.429
300.686
300.96
)
;
    }
    Left
    {
        type            calculated;
        value           uniform 298.75;
    }
    Right
    {
        type            calculated;
        value           uniform 301.1;
    }
    frontAndBack
    {
        type            empty;
    }
}

