                        17
    0.96791032315683700471
    0.30939747950594997938
-0.00055635673673232752603
-0.00046923717341932832947
  9.817144889980909477e-05
 4.6305847625348764968e-06
  -0.001292234446755617704
-7.4141243685538280993e-05
-0.00086097699459525224488
-0.00096255926638636520737
-0.00011696608232121945303
-2.1038905948108958338e-05
 -4.500462854908753187e-05
-0.00026110478045073985459
-0.00041333536446877045716
 0.00049370269170572725261
  -0.001880511776882882102
-0.00081432359994528815371
     14.536620878678341739
-0.00079773967672570542109
   0.011248359905723650035
  -0.074778917713239037579
   -0.01976285858120616426
