                        65
     1.0073363102278700687
    0.32202533897895857518
-0.00040005399571582417762
-0.00046066723172248326889
 9.9910987972803689638e-05
 4.7982839112343418845e-06
 -0.0013447134707386930192
-7.7196781830832412758e-05
-0.00089602644053182972737
 -0.0010022181590753182715
-0.00012143952751444216272
-2.1799660858398267209e-05
-4.6862687729525915247e-05
-0.00027161740772288739225
-0.00043008299863728607134
 0.00051376392576182080673
 -0.0019571347658742218115
 -0.0008477301981280100816
     15.121486264132203203
  0.0040181901247171780342
   0.011740382099579099034
  -0.077840734284576967861
  -0.020583032711960831673
