                         8
    0.95691998981566395166
    0.30587770901856015104
-0.00059742428404208265148
-0.00047121992873669691195
  9.766741784070390273e-05
 4.5836934572954198187e-06
 -0.0012776032781227459559
-7.3290131829033703455e-05
-0.00085120640704805332604
-0.00095150912882336203917
-0.00011571522723181532663
-2.0825298532847610281e-05
-4.4486264410983831195e-05
-0.00025817333541406967037
-0.00040866528375371242608
 0.00048810922299105110548
 -0.0018591525744861118769
  -0.000805014990030787983
     14.373483430003290096
 -0.0020737843656893871491
   0.011113956889407130765
  -0.073925544695149433827
  -0.019534463457055312174
