                         3
    0.94810376585051303611
    0.30305433157043748515
-0.00062957909104730837551
-0.00047268283222068183851
 9.7256826150510732563e-05
 4.5460299993875161444e-06
 -0.0012658657595873723002
-7.2607587568904099085e-05
-0.00084336855816955868907
-0.00094264656773013536482
-0.00011471059987974297075
-2.0653465329975910313e-05
-4.4070328116522033642e-05
-0.00025582147243580720657
-0.00040491856164700645165
 0.00048362187915153618091
 -0.0018420186932190552465
-0.00079754898888739040545
     14.242585966301932743
 -0.0030764406293030828986
   0.011006964071886738907
  -0.073241030200417778229
  -0.019351323257748683643
