                        70
      1.009497082977679927
    0.32271747636420627936
-0.00039108169464024944689
-0.00046013149967298296516
  0.0001000033349850002265
  4.807452815754082694e-06
 -0.0013475892706527239223
-7.7364349117362907812e-05
-0.00089794731281029401167
 -0.0010043925162598360979
-0.00012168407734247560005
-2.1841103076462262009e-05
-4.6964445891517684717e-05
-0.00027219341159941357012
-0.00043100061476585049044
 0.00051486319383830842118
 -0.0019613341669006876221
-0.00084956168844778573793
     15.153523869755542108
  0.0042928945590811253691
    0.01176781462731316466
   -0.07800856066396343047
  -0.020628021400311617045
