                        53
     1.0009845451726000487
    0.31999078011963200119
-0.00042618447791473412474
-0.00046220224967123327677
 9.9637769478689542052e-05
 4.7713184557736562687e-06
 -0.0013362596123215339863
-7.6704268673715832942e-05
-0.00089037985786420128717
-0.00099582695082026974343
-0.00012072028097339565554
-2.1677686100962850269e-05
 -4.656351406716078222e-05
 -0.0002699241108487901615
-0.00042738544007163474731
 0.00051053241440788849504
 -0.0019447902986728501842
-0.00084234675681959636073
     15.027299275405063383
  0.0032171468292382025649
   0.011660030653132796158
   -0.07734740754983225608
  -0.020450808024181969802
