                        74
     1.0114182256868500254
    0.32333286061919563892
-0.00038306898792258192894
-0.00045964940362085100539
 0.00010008518778987043375
 4.8156030648601850388e-06
 -0.0013501461129239228018
-7.7513342520415189725e-05
-0.00089965515652773247156
 -0.0010063258076761446864
-0.00012190145254770681164
-2.1877927266439454893e-05
-4.7054912063359997595e-05
 -0.0002727055240192310416
-0.00043181644499249013588
 0.00051584053476197259946
 -0.0019650678550208523256
-0.00085119012016534548876
     15.182007067820917356
  0.0045380727664747046515
   0.011792247105762673418
  -0.078157776854485133677
  -0.020668024200648709571
