/*--------------------------------*- C++ -*----------------------------------*\
  =========                 |
  \\      /  F ield         | OpenFOAM: The Open Source CFD Toolbox
   \\    /   O peration     | Website:  https://openfoam.org
    \\  /    A nd           | Version:  6
     \\/     M anipulation  |
\*---------------------------------------------------------------------------*/
FoamFile
{
    version     2.0;
    format      ascii;
    class       volScalarField;
    location    "0";
    object      p;
}
// * * * * * * * * * * * * * * * * * * * * * * * * * * * * * * * * * * * * * //

dimensions      [0 2 -2 0 0 0 0];

internalField   nonuniform List<scalar> 
9000
(
115.883
64.3849
50.1066
44.0731
40.9328
39.1367
37.9744
37.1335
36.4677
35.9008
35.39
34.9105
34.4472
33.9911
33.5369
33.0815
32.6235
32.1621
31.6972
31.229
30.758
30.2844
29.8089
29.3318
28.8535
28.3746
27.8953
27.4159
26.9369
26.4585
25.981
25.5048
25.0302
24.5578
24.0879
23.6212
23.1584
22.7003
22.2482
21.8035
21.3683
20.9454
20.5389
20.1545
19.8009
19.4894
19.2256
18.9803
18.9774
17.9277
87.2785
61.1219
50.7453
45.1747
41.9021
39.8711
38.5095
37.5207
36.7483
36.1045
35.5381
35.0179
34.5248
34.0469
33.5767
33.1097
32.6433
32.1758
31.7066
31.2354
30.7622
30.2873
29.8108
29.3331
28.8545
28.3753
27.8959
27.4164
26.9373
26.4588
25.9811
25.5047
25.0297
24.5566
24.0858
23.6178
23.1532
22.6926
22.237
21.7874
21.3451
20.9119
20.4899
20.0816
19.6892
19.3126
18.9398
18.523
18.0485
16.5389
69.9559
57.4648
50.6157
45.7626
42.5787
40.4537
38.9681
37.8702
37.0111
36.3008
35.684
35.1259
34.6043
34.105
33.619
33.1402
32.665
32.1912
31.7174
31.2429
30.7674
30.2908
29.8132
29.3348
28.8557
28.3762
27.8965
27.4169
26.9376
26.4589
25.981
25.5041
25.0285
24.5546
24.0827
23.6131
23.1463
22.6828
22.223
21.7676
21.3172
20.8723
20.4331
19.9986
19.5656
19.1241
18.6483
18.0703
17.3115
15.8981
60.5904
53.9474
49.4265
45.5431
42.7327
40.7125
39.2274
38.0957
37.1957
36.4472
35.7979
35.2134
34.6708
34.1551
33.6564
33.1679
32.6854
32.206
31.7281
31.2506
30.7728
30.2947
29.8159
29.3367
28.857
28.3771
27.8971
27.4172
26.9377
26.4586
25.9803
25.5029
25.0267
24.5519
24.0787
23.6074
23.1383
22.6717
22.2077
21.7465
21.2881
20.832
20.3767
19.9193
19.4527
18.963
18.4211
17.7646
16.922
15.6811
54.39
50.8202
47.8758
44.9142
42.5623
40.7435
39.3345
38.2213
37.3149
36.551
35.8841
35.2828
34.7258
34.198
33.6893
33.193
32.7043
32.2201
31.7386
31.2583
30.7785
30.2987
29.8188
29.3387
28.8584
28.378
27.8977
27.4174
26.9375
26.4581
25.9793
25.5013
25.0243
24.5485
24.074
23.6009
23.1295
22.6597
22.1915
21.7247
21.2586
20.792
20.3226
19.8457
19.3531
18.8297
18.2491
17.563
16.7187
15.6274
49.9374
48.1658
46.3119
44.1157
42.2053
40.6205
39.3276
38.2664
37.3788
36.617
35.9448
35.3354
34.7696
34.2336
33.7177
33.2153
32.7216
32.2334
31.7486
31.2658
30.7841
30.3029
29.8219
29.3409
28.8599
28.379
27.8982
27.4175
26.9372
26.4573
25.978
25.4994
25.0215
24.5446
24.0687
23.5939
23.12
22.6472
22.1749
21.7028
21.2297
20.7539
20.2724
19.78
19.2681
18.7229
18.1224
17.4322
16.6173
15.6505
46.7116
45.9725
44.8556
43.2613
41.7418
40.3928
39.2343
38.2458
37.3947
36.6491
35.9819
35.3717
34.8023
34.2617
33.7412
33.2344
32.7369
32.2455
31.758
31.273
30.7896
30.307
29.8249
29.343
28.8614
28.3799
27.8986
27.4175
26.9367
26.4563
25.9764
25.4971
25.0184
24.5404
24.0631
23.5865
23.1104
22.6346
22.1586
21.6816
21.2024
20.7188
20.2276
19.7236
19.1988
18.6413
18.0342
17.3543
16.5812
15.7166
44.3372
44.178
43.5508
42.4169
41.2284
40.0995
39.0796
38.1745
37.3715
36.652
35.9977
35.3928
34.8244
34.2826
33.7597
33.2502
32.75
32.2562
31.7666
31.2798
30.7948
30.3109
29.8278
29.3452
28.8628
28.3807
27.8989
27.4173
26.9361
26.4552
25.9747
25.4946
25.0151
24.536
24.0573
23.579
23.1008
22.6223
22.143
21.6618
21.1775
20.6877
20.1892
19.6772
19.1448
18.5823
17.9774
17.3156
16.587
15.8053
42.5496
42.7123
42.4092
41.6213
40.7048
39.7722
38.8856
38.067
37.3181
36.6313
35.9958
35.4009
34.8371
34.2968
33.7736
33.2629
32.761
32.2654
31.7742
31.2859
30.7996
30.3147
29.8306
29.3472
28.8642
28.3815
27.8992
27.4171
26.9353
26.4539
25.9727
25.492
25.0116
24.5314
24.0515
23.5716
23.0915
22.6107
22.1284
21.6438
21.1554
20.6609
20.1574
19.6405
19.1047
18.5424
17.9453
17.3052
16.6188
15.9036
41.176
41.5139
41.4253
40.8947
40.1973
39.4342
38.6701
37.9361
37.2434
36.5927
35.9797
35.3981
34.8418
34.305
33.7832
33.2725
32.7699
32.2733
31.7808
31.2914
30.804
30.3181
29.8332
29.349
28.8654
28.3822
27.8993
27.4167
26.9344
26.4524
25.9707
25.4893
25.008
24.5269
24.0458
23.5646
23.0827
22.5998
22.1152
21.6279
21.1363
20.6386
20.132
19.6129
19.0768
18.5184
17.9324
17.3147
16.6663
16.0043
40.1028
40.5324
40.5859
40.2456
39.7223
39.1022
38.4473
37.7925
37.1551
36.5417
35.9531
35.3869
34.8398
34.3084
33.7892
33.2794
32.7769
32.2797
31.7865
31.2962
30.808
30.3212
29.8356
29.3507
28.8665
28.3827
27.8993
27.4162
26.9335
26.4509
25.9686
25.4865
25.0045
24.5225
24.0404
23.5578
23.0746
22.59
22.1035
21.6141
21.1204
20.6207
20.1126
19.5933
19.0594
18.5072
17.9337
17.3378
16.7225
16.1035
39.2534
39.7279
39.8756
39.6756
39.2892
38.788
38.2281
37.6452
37.06
36.4832
35.9194
35.3696
34.8329
34.3077
33.792
33.2841
32.7822
32.2849
31.7913
31.3003
30.8114
30.324
29.8377
29.3522
28.8674
28.3831
27.8992
27.4157
26.9324
26.4494
25.9665
25.4838
25.0011
24.5183
24.0352
23.5516
23.0672
22.5813
22.0934
21.6026
21.1076
20.6069
20.0988
19.5808
19.0507
18.5061
17.9456
17.3699
16.7832
16.1989
38.5755
39.0691
39.2795
39.1826
38.9033
38.4994
38.0206
37.5012
36.9637
36.4214
35.8817
35.3484
34.8225
34.3041
33.7926
33.2868
32.7859
32.289
31.7952
31.3038
30.8144
30.3264
29.8395
29.3535
28.8682
28.3834
27.8991
27.415
26.9313
26.4478
25.9644
25.4811
24.9977
24.5142
24.0304
23.5459
23.0605
22.5737
22.0848
21.5931
21.0976
20.5969
20.0897
19.5742
19.0489
18.5125
17.9648
17.4075
16.8452
16.2892
38.0331
38.532
38.7842
38.7632
38.5668
38.2416
37.8306
37.3661
36.8709
36.36
35.843
35.3254
34.8101
34.2986
33.7913
33.2881
32.7885
32.2921
31.7983
31.3067
30.8168
30.3284
29.841
29.3545
28.8688
28.3835
27.8987
27.4143
26.9301
26.4461
25.9623
25.4784
24.9946
24.5104
24.0259
23.5408
23.0547
22.5672
22.0778
21.5857
21.0902
20.5902
20.0847
19.5725
19.0526
18.5246
17.9891
17.4482
16.9067
16.3738
37.6008
38.0985
38.3785
38.4131
38.2804
38.0177
37.6623
37.2441
36.7854
36.3022
35.8055
35.3023
34.797
34.2921
33.789
33.2883
32.7901
32.2943
31.8007
31.309
30.8188
30.33
29.8422
29.3553
28.8691
28.3835
27.8983
27.4135
26.9289
26.4445
25.9602
25.4759
24.9915
24.5069
24.0219
23.5362
23.0496
22.5617
22.0721
21.5801
21.0851
20.5863
20.0831
19.5746
19.0604
18.5406
18.0164
17.4901
16.9661
16.4523
37.2611
37.7547
38.0533
38.1281
38.0436
37.8298
37.5189
37.1384
36.7101
36.2505
35.7713
35.2807
34.7843
34.2853
33.7861
33.2878
32.791
32.2959
31.8025
31.3107
30.8204
30.3312
29.8431
29.3559
28.8693
28.3833
27.8978
27.4125
26.9276
26.4428
25.9581
25.4735
24.9887
24.5036
24.0182
23.5322
23.0453
22.5572
22.0676
21.576
21.0818
20.5847
20.084
19.5795
19.0711
18.5592
18.0452
17.5317
17.0227
16.5245
37.0016
37.4904
37.8011
37.9047
37.8558
37.6788
37.4023
37.0515
36.6475
36.2069
35.742
35.262
34.7729
34.2791
33.7832
33.287
32.7914
32.2969
31.8038
31.312
30.8215
30.3321
29.8437
29.3562
28.8693
28.383
27.8971
27.4115
26.9263
26.4411
25.9561
25.4711
24.9859
24.5006
24.0148
23.5285
23.0415
22.5535
22.0641
21.5731
21.0801
20.5848
20.087
19.5865
19.0836
18.579
18.0743
17.572
17.0756
16.5906
36.8135
37.298
37.6166
37.7399
37.7159
37.5654
37.3138
36.9849
36.5991
36.1729
35.719
35.247
34.7637
34.2738
33.7806
33.2861
32.7915
32.2975
31.8046
31.3128
30.8222
30.3326
29.844
29.3562
28.869
28.3824
27.8963
27.4104
26.9249
26.4395
25.9541
25.4688
24.9834
24.4977
24.0118
23.5253
23.0383
22.5504
22.0615
21.5713
21.0796
20.5863
20.0913
19.5947
19.0971
18.5992
18.1028
17.6102
17.1245
16.6504
36.6911
37.1725
37.4957
37.6312
37.6231
37.4896
37.2544
36.94
36.5662
36.1496
35.7031
35.2366
34.7572
34.2701
33.7787
33.2853
32.7914
32.2978
31.805
31.3133
30.8225
30.3328
29.844
29.3559
28.8686
28.3817
27.8953
27.4093
26.9234
26.4378
25.9522
25.4666
24.9809
24.4951
24.0089
23.5225
23.0355
22.5478
22.0594
21.5702
21.0799
20.5886
20.0964
19.6036
19.1108
18.6191
18.1299
17.6456
17.1691
16.704
36.6307
37.1106
37.4359
37.5773
37.5769
37.4518
37.2246
36.9173
36.5496
36.1378
35.695
35.2312
34.7538
34.2681
33.7776
33.2848
32.7912
32.2978
31.8051
31.3133
30.8225
30.3326
29.8437
29.3555
28.8679
28.3809
27.8943
27.408
26.9219
26.436
25.9502
25.4644
24.9785
24.4925
24.0063
23.5198
23.0329
22.5457
22.0578
21.5695
21.0806
20.5913
20.1018
19.6125
19.1241
18.6378
18.1551
17.6779
17.209
16.7515
36.6307
37.1105
37.4359
37.5773
37.5769
37.4518
37.2246
36.9173
36.5495
36.1377
35.6949
35.2312
34.7537
34.268
33.7775
33.2846
32.791
32.2976
31.8048
31.3129
30.822
30.3321
29.843
29.3547
28.867
28.3799
27.8931
27.4066
26.9204
26.4343
25.9483
25.4623
24.9762
24.4901
24.0038
23.5173
23.0306
22.5437
22.0565
21.569
21.0815
20.5941
20.107
19.6209
19.1365
18.655
18.1778
17.7067
17.2442
16.793
36.691
37.1725
37.4957
37.6312
37.6231
37.4896
37.2543
36.9399
36.5661
36.1495
35.703
35.2364
34.757
34.2698
33.7783
33.2848
32.7908
32.2971
31.8041
31.3122
30.8212
30.3312
29.8421
29.3537
28.866
28.3787
27.8918
27.4052
26.9188
26.4325
25.9463
25.4601
24.9739
24.4877
24.0013
23.5149
23.0284
22.5418
22.0551
21.5686
21.0823
20.5966
20.1118
19.6285
19.1476
18.6702
18.1977
17.7318
17.2746
16.8285
36.8134
37.2979
37.6165
37.7398
37.7158
37.5653
37.3137
36.9848
36.599
36.1727
35.7188
35.2467
34.7633
34.2734
33.78
33.2853
32.7905
32.2964
31.8032
31.3111
30.8201
30.33
29.8409
29.3525
28.8647
28.3773
27.8904
27.4036
26.9171
26.4307
25.9443
25.458
24.9716
24.4853
23.9989
23.5125
23.0261
22.5398
22.0537
21.5679
21.0827
20.5985
20.1156
19.6348
19.1569
18.683
18.2145
17.7529
17.3001
16.8582
37.0014
37.4902
37.801
37.9046
37.8557
37.6787
37.4021
37.0513
36.6473
36.2066
35.7417
35.2616
34.7724
34.2784
33.7824
33.2859
32.7901
32.2953
31.8018
31.3096
30.8185
30.3285
29.8394
29.351
28.8632
28.3759
27.8888
27.402
26.9154
26.4288
25.9423
25.4558
24.9693
24.4828
23.9964
23.5099
23.0237
22.5376
22.0519
21.5668
21.0826
20.5996
20.1184
19.6397
19.1643
18.6933
18.228
17.7699
17.3206
16.8822
37.2609
37.7545
38.0531
38.128
38.0435
37.8297
37.5187
37.1382
36.7099
36.2502
35.7709
35.2802
34.7836
34.2845
33.7851
33.2865
32.7894
32.2938
31.8
31.3076
30.8166
30.3267
29.8377
29.3494
28.8616
28.3743
27.8872
27.4003
26.9136
26.4269
25.9403
25.4536
24.967
24.4803
23.9938
23.5073
23.021
22.5351
22.0497
21.5651
21.0816
20.5997
20.1198
19.6428
19.1694
18.7008
18.238
17.7827
17.3362
16.9004
37.6005
38.0983
38.3783
38.4129
38.2802
38.0176
37.6622
37.2439
36.7851
36.3019
35.8051
35.3017
34.7962
34.2911
33.7878
33.2867
32.7882
32.2919
31.7977
31.3053
30.8143
30.3245
29.8357
29.3475
28.8598
28.3725
27.8855
27.3986
26.9118
26.425
25.9382
25.4514
24.9645
24.4777
23.991
23.5044
23.0181
22.5323
22.0471
21.5628
21.0798
20.5986
20.1198
19.644
19.1721
18.7053
18.2445
17.7913
17.3469
16.9131
38.0327
38.5318
38.784
38.763
38.5667
38.2414
37.8304
37.3658
36.8706
36.3596
35.8425
35.3247
34.8093
34.2975
33.7899
33.2863
32.7863
32.2893
31.7948
31.3024
30.8116
30.3221
29.8334
29.3454
28.8579
28.3707
27.8837
27.3968
26.9099
26.423
25.9361
25.4491
24.962
24.475
23.9881
23.5013
23.0149
22.529
22.0438
21.5596
21.077
20.5962
20.118
19.6431
19.1723
18.7067
18.2474
17.7956
17.3527
16.9202
38.5752
39.0688
39.2793
39.1825
38.9031
38.4992
38.0204
37.501
36.9633
36.421
35.8812
35.3477
34.8216
34.303
33.791
33.2849
32.7835
32.2859
31.7913
31.2991
30.8085
30.3193
29.8309
29.3432
28.8559
28.3688
27.8819
27.395
26.908
26.421
25.9339
25.4467
24.9595
24.4722
23.985
23.498
23.0113
22.5252
22.0398
21.5556
21.073
20.5924
20.1145
19.6401
19.1699
18.7051
18.2466
17.7957
17.3537
16.922
39.2531
39.7276
39.8754
39.6754
39.2891
38.7878
38.2279
37.645
37.0597
36.4828
35.9188
35.3689
34.832
34.3065
33.7904
33.282
32.7795
32.2816
31.7871
31.2952
30.8051
30.3162
29.8283
29.3409
28.8538
28.3669
27.8801
27.3932
26.9062
26.4191
25.9318
25.4444
24.9568
24.4693
23.9817
23.4944
23.0073
22.5209
22.0352
21.5507
21.0679
20.5872
20.1092
19.6349
19.1649
18.7002
18.2421
17.7916
17.3499
16.9185
40.1024
40.5322
40.5857
40.2454
39.7221
39.1021
38.4471
37.7923
37.1548
36.5413
35.9525
35.3862
34.8389
34.3071
33.7875
33.2773
32.7741
32.2762
31.7821
31.2907
30.8012
30.3129
29.8254
29.3384
28.8517
28.365
27.8783
27.3914
26.9044
26.4171
25.9297
25.442
24.9542
24.4662
23.9783
23.4905
23.003
22.516
22.0298
21.5449
21.0615
20.5804
20.1021
19.6274
19.1571
18.6923
18.2339
17.7833
17.3414
16.9097
41.1757
41.5136
41.4251
40.8946
40.1972
39.434
38.6699
37.9359
37.2431
36.5924
35.9792
35.3974
34.8408
34.3038
33.7815
33.2703
32.7671
32.2697
31.7763
31.2857
30.7969
30.3093
29.8224
29.3359
28.8495
28.3631
27.8765
27.3897
26.9026
26.4152
25.9276
25.4396
24.9514
24.4631
23.9747
23.4863
22.9982
22.5106
22.0238
21.5381
21.054
20.5721
20.0931
19.6177
19.1467
18.6811
18.2221
17.7708
17.3283
16.8959
42.5493
42.7121
42.409
41.6211
40.7047
39.7721
38.8854
38.0668
37.3179
36.6309
35.9953
35.4002
34.8362
34.2955
33.772
33.2607
32.7582
32.2618
31.7695
31.28
30.7923
30.3055
29.8194
29.3334
28.8474
28.3612
27.8748
27.3881
26.9009
26.4134
25.9255
25.4373
24.9487
24.4599
23.9709
23.4819
22.9931
22.5047
22.017
21.5304
21.0453
20.5624
20.0823
19.6057
19.1336
18.6669
18.2068
17.7542
17.3105
16.8769
44.337
44.1778
43.5507
42.4167
41.2283
40.0994
39.0795
38.1744
37.3713
36.6517
35.9973
35.3922
34.8236
34.2815
33.7582
33.2482
32.7473
32.2526
31.7619
31.2739
30.7873
30.3016
29.8162
29.3309
28.8454
28.3595
27.8733
27.3866
26.8994
26.4118
25.9236
25.435
24.946
24.4567
23.9671
23.4774
22.9877
22.4984
22.0096
21.5218
21.0355
20.5513
20.0697
19.5916
19.118
18.6497
18.1879
17.7337
17.2883
16.8531
46.7113
45.9723
44.8555
43.2612
41.7418
40.3927
39.2343
38.2457
37.3946
36.6489
35.9815
35.3712
34.8016
34.2607
33.7398
33.2325
32.7343
32.242
31.7535
31.2672
30.7822
30.2976
29.8132
29.3285
28.8435
28.358
27.8719
27.3853
26.8981
26.4102
25.9219
25.4329
24.9434
24.4535
23.9632
23.4727
22.9821
22.4916
22.0016
21.5125
21.0247
20.5388
20.0554
19.5755
19.0998
18.6295
18.1655
17.7092
17.2617
16.8243
49.9372
48.1656
46.3118
44.1156
42.2052
40.6205
39.3276
38.2664
37.3788
36.617
35.9446
35.3351
34.769
34.2327
33.7165
33.2135
32.7192
32.2302
31.7443
31.2602
30.7769
30.2937
29.8102
29.3263
28.8418
28.3566
27.8708
27.3842
26.8969
26.4089
25.9203
25.4309
24.941
24.4504
23.9593
23.4679
22.9762
22.4846
21.9932
21.5025
21.0129
20.525
20.0396
19.5573
19.0793
18.6064
18.1399
17.6809
17.2307
16.7907
54.3898
50.8201
47.8757
44.9142
42.5623
40.7435
39.3346
38.2214
37.315
36.551
35.884
35.2827
34.7254
34.1973
33.6883
33.1915
32.7022
32.2172
31.7346
31.253
30.7716
30.2898
29.8075
29.3243
28.8404
28.3556
27.8699
27.3834
26.896
26.4079
25.9189
25.4292
24.9387
24.4475
23.9556
23.4632
22.9703
22.4773
21.9843
21.4918
21.0002
20.5101
20.0222
19.5373
19.0564
18.5806
18.111
17.6488
17.1955
16.7523
60.5903
53.9473
49.4265
45.5431
42.7328
40.7126
39.2276
38.0959
37.1959
36.4474
35.798
35.2134
34.6706
34.1547
33.6556
33.1667
32.6836
32.2035
31.7246
31.2458
30.7664
30.2863
29.805
29.3227
28.8393
28.3548
27.8694
27.3829
26.8955
26.4071
25.9179
25.4277
24.9367
24.4447
23.952
23.4585
22.9644
22.4699
21.9752
21.4807
20.9869
20.4943
20.0036
19.5157
19.0315
18.5522
18.079
17.6132
17.1562
16.7094
69.9558
57.4647
50.6157
45.7626
42.5788
40.4539
38.9683
37.8705
37.0114
36.3011
35.6843
35.1261
34.6044
34.1049
33.6186
33.1394
32.6637
32.1892
31.7144
31.2387
30.7617
30.2831
29.803
29.3215
28.8387
28.3545
27.8692
27.3828
26.8953
26.4068
25.9172
25.4266
24.935
24.4423
23.9486
23.454
22.9586
22.4625
21.9659
21.4692
20.9728
20.4774
19.9835
19.4921
19.0042
18.5209
18.0435
17.5735
17.1122
16.6611
87.2785
61.1219
50.7453
45.1748
41.9023
39.8713
38.5099
37.5211
36.7488
36.105
35.5385
35.0183
34.5252
34.0471
33.5768
33.1095
32.6425
32.1744
31.7043
31.232
30.7574
30.2805
29.8016
29.3209
28.8386
28.3547
27.8696
27.3832
26.8956
26.4068
25.9169
25.4259
24.9336
24.4402
23.9456
23.4497
22.9528
22.4549
21.9562
21.457
20.9577
20.459
19.9614
19.4659
18.9735
18.4855
18.0031
17.5279
17.0615
16.6053
115.883
64.3849
50.1066
44.0732
40.933
39.137
37.9749
37.134
36.4683
35.9015
35.3907
34.9112
34.4478
33.9917
33.5373
33.0817
32.6233
32.1613
31.6957
31.2265
30.754
30.2787
29.8008
29.3208
28.8389
28.3553
27.8702
27.3838
26.8961
26.4072
25.917
25.4255
24.9328
24.4386
23.9431
23.4461
22.9478
22.4481
21.9474
21.4458
20.9437
20.4418
19.9406
19.4411
18.9443
18.4516
17.9643
17.484
17.0124
16.5512
8.31141
10.2664
10.3773
10.7647
10.9753
11.1263
11.2163
11.2657
11.283
11.2754
11.2477
11.2036
11.146
11.0769
10.9981
10.9112
10.8172
10.7172
10.612
10.5023
10.3888
10.2721
10.1526
10.0307
9.9068
9.78121
9.6542
9.526
9.39682
9.26684
9.13621
9.00506
8.8735
8.74163
8.60952
8.47724
8.34485
8.21239
8.0799
7.9474
7.81493
7.68251
7.55013
7.41782
7.28558
7.15342
7.02134
6.88933
6.7574
6.62555
6.49377
6.36206
6.23041
6.09882
5.96728
5.8358
5.70437
5.57297
5.44162
5.3103
5.17901
5.04775
4.91651
4.7853
4.6541
4.52293
4.39176
4.26061
4.12947
3.99834
3.86722
3.7361
3.60499
3.47388
3.34278
3.21168
3.08058
2.94949
2.8184
2.68731
2.55622
2.42513
2.29404
2.16295
2.03186
1.90077
1.76969
1.6386
1.50751
1.37643
1.24534
1.11425
0.983165
0.852078
0.720991
0.589904
0.458817
0.327728
0.196649
0.0655365
10.7428
11.2948
11.0005
11.1645
11.2573
11.3362
11.3792
11.3952
11.3875
11.3603
11.317
11.2601
11.1918
11.1138
11.0276
10.9344
10.8351
10.7306
10.6217
10.509
10.3929
10.2741
10.1529
10.0297
9.90479
9.77841
9.65082
9.52223
9.3928
9.26269
9.13202
9.00091
8.86946
8.73773
8.6058
8.47373
8.34156
8.20933
8.07707
7.94481
7.81257
7.68036
7.54819
7.41608
7.28402
7.15203
7.02011
6.88824
6.75645
6.62471
6.49304
6.36142
6.22986
6.09835
5.96689
5.83546
5.70408
5.57273
5.44142
5.31014
5.17888
5.04764
4.91643
4.78523
4.65405
4.52289
4.39174
4.26059
4.12946
3.99834
3.86722
3.7361
3.605
3.47389
3.34279
3.21169
3.0806
2.9495
2.81841
2.68732
2.55623
2.42514
2.29405
2.16296
2.03187
1.90078
1.7697
1.63861
1.50752
1.37643
1.24534
1.11426
0.983169
0.852082
0.720994
0.589906
0.458818
0.327729
0.196646
0.0655421
12.0749
12.0417
11.5671
11.5568
11.5442
11.553
11.5482
11.5296
11.4959
11.4484
11.3888
11.3186
11.2393
11.1522
11.0583
10.9585
10.8538
10.7448
10.632
10.5161
10.3975
10.2765
10.1536
10.029
9.90298
9.77578
9.64759
9.51856
9.38886
9.2586
9.12788
8.9968
8.86543
8.73385
8.60209
8.47022
8.33827
8.20626
8.07423
7.9422
7.81018
7.67819
7.54623
7.41431
7.28244
7.15062
7.01885
6.88714
6.75547
6.62386
6.4923
6.36078
6.22931
6.09787
5.96648
5.83512
5.70379
5.57249
5.44122
5.30997
5.17874
5.04753
4.91634
4.78517
4.654
4.52285
4.39171
4.26058
4.12945
3.99833
3.86722
3.73611
3.605
3.4739
3.3428
3.2117
3.08061
2.94952
2.81842
2.68733
2.55624
2.42515
2.29406
2.16297
2.03188
1.90079
1.76971
1.63862
1.50753
1.37644
1.24535
1.11426
0.983174
0.852085
0.720997
0.589908
0.458819
0.32773
0.196643
0.0655474
12.987
12.6283
12.0701
11.9273
11.8262
11.7705
11.7196
11.6667
11.6067
11.5386
11.4623
11.3786
11.2881
11.1915
11.0898
10.9834
10.8731
10.7594
10.6428
10.5236
10.4023
10.2792
10.1545
10.0284
9.90133
9.77328
9.64446
9.51499
9.38499
9.25456
9.12378
8.99271
8.86143
8.72997
8.59839
8.46671
8.33497
8.20319
8.07138
7.93958
7.80778
7.676
7.54425
7.41253
7.28084
7.14919
7.01759
6.88602
6.75449
6.623
6.49154
6.36012
6.22874
6.09739
5.96606
5.83476
5.70349
5.57224
5.44101
5.3098
5.1786
5.04742
4.91625
4.78509
4.65395
4.52281
4.39168
4.26056
4.12944
3.99833
3.86722
3.73611
3.60501
3.47391
3.34281
3.21172
3.08062
2.94953
2.81844
2.68735
2.55625
2.42516
2.29407
2.16298
2.03189
1.9008
1.76972
1.63863
1.50754
1.37645
1.24536
1.11427
0.983179
0.852089
0.721
0.58991
0.45882
0.32773
0.19664
0.0655526
13.6499
13.1081
12.5117
12.2703
12.0972
11.9843
11.8904
11.8044
11.7185
11.6298
11.5369
11.4394
11.3376
11.2315
11.1218
11.0088
10.8928
10.7744
10.6538
10.5314
10.4073
10.282
10.1555
10.028
9.89979
9.77088
9.6414
9.51148
9.38117
9.25056
9.1197
8.98865
8.85744
8.7261
8.59468
8.4632
8.33166
8.2001
8.06852
7.93694
7.80537
7.6738
7.54226
7.41073
7.27923
7.14776
7.01631
6.88488
6.75349
6.62212
6.49078
6.35946
6.22816
6.09689
5.96564
5.8344
5.70318
5.57198
5.44079
5.30962
5.17845
5.0473
4.91616
4.78502
4.65389
4.52277
4.39165
4.26053
4.12943
3.99832
3.86722
3.73612
3.60502
3.47392
3.34282
3.21173
3.08064
2.94954
2.81845
2.68736
2.55627
2.42518
2.29409
2.163
2.03191
1.90082
1.76972
1.63863
1.50754
1.37645
1.24536
1.11427
0.983183
0.852093
0.721003
0.589912
0.458821
0.327731
0.196637
0.0655577
14.137
13.5052
12.8969
12.5841
12.3535
12.1912
12.0581
11.9409
11.83
11.7211
11.6117
11.5006
11.3874
11.2719
11.1541
11.0344
10.9128
10.7896
10.665
10.5393
10.4125
10.2849
10.1566
10.0277
9.89832
9.76852
9.6384
9.508
9.37738
9.24658
9.11565
8.98459
8.85345
8.72224
8.59098
8.45968
8.32836
8.19701
8.06566
7.9343
7.80295
7.6716
7.54026
7.40893
7.27761
7.14631
7.01502
6.88375
6.75249
6.62124
6.49001
6.35879
6.22758
6.09639
5.96521
5.83404
5.70288
5.57172
5.44058
5.30944
5.17831
5.04718
4.91606
4.78494
4.65383
4.52272
4.39162
4.26051
4.12941
3.99831
3.86721
3.73612
3.60502
3.47393
3.34283
3.21174
3.08065
2.94956
2.81846
2.68737
2.55628
2.42519
2.2941
2.16301
2.03192
1.90083
1.76973
1.63864
1.50755
1.37646
1.24537
1.11428
0.983188
0.852097
0.721006
0.589914
0.458823
0.327732
0.196635
0.0655626
14.5062
13.8382
13.2324
12.8691
12.5933
12.3889
12.2208
12.0746
11.9401
11.8117
11.6861
11.5616
11.4371
11.3121
11.1864
11.06
10.9327
10.8048
10.6763
10.5472
10.4177
10.2879
10.1578
10.0274
9.89686
9.76619
9.63541
9.50454
9.3736
9.24262
9.1116
8.98055
8.84947
8.71838
8.58728
8.45617
8.32505
8.19392
8.06279
7.93166
7.80053
7.66939
7.53826
7.40712
7.27599
7.14486
7.01373
6.8826
6.75148
6.62035
6.48923
6.35812
6.227
6.09589
5.96478
5.83367
5.70257
5.57146
5.44036
5.30926
5.17816
5.04706
4.91596
4.78487
4.65377
4.52268
4.39158
4.26049
4.1294
3.99831
3.86721
3.73612
3.60503
3.47394
3.34284
3.21175
3.08066
2.94957
2.81848
2.68739
2.55629
2.4252
2.29411
2.16302
2.03193
1.90084
1.76974
1.63865
1.50756
1.37647
1.24538
1.11428
0.983193
0.852101
0.721009
0.589917
0.458824
0.327733
0.196633
0.0655673
14.7968
14.1217
13.525
13.1267
12.8157
12.576
12.377
12.2044
12.0476
11.9006
11.7595
11.6219
11.4863
11.352
11.2185
11.0854
10.9525
10.8199
10.6874
10.5551
10.4229
10.2908
10.1589
10.0271
9.89539
9.76384
9.6324
9.50106
9.36982
9.23865
9.10754
8.9765
8.84549
8.71452
8.58358
8.45265
8.32174
8.19083
8.05992
7.92902
7.7981
7.66718
7.53625
7.40531
7.27437
7.14341
7.01244
6.88146
6.75047
6.61947
6.48846
6.35744
6.22642
6.09539
5.96435
5.8333
5.70225
5.5712
5.44014
5.30908
5.17801
5.04694
4.91587
4.78479
4.65371
4.52263
4.39155
4.26047
4.12938
3.9983
3.86721
3.73612
3.60503
3.47395
3.34286
3.21176
3.08067
2.94958
2.81849
2.6874
2.55631
2.42522
2.29412
2.16303
2.03194
1.90085
1.76975
1.63866
1.50757
1.37648
1.24538
1.11429
0.983197
0.852105
0.721012
0.589919
0.458825
0.327734
0.19663
0.0655718
15.033
14.3659
13.7812
13.359
13.0208
12.7517
12.5257
12.3292
12.1518
11.9873
11.8312
11.6809
11.5347
11.3913
11.25
11.1103
10.972
10.8347
10.6983
10.5627
10.4278
10.2936
10.1598
10.0266
9.89383
9.76142
9.62935
9.49755
9.366
9.23466
9.10348
8.97244
8.84151
8.71066
8.57988
8.44914
8.31843
8.18774
8.05706
7.92638
7.79568
7.66498
7.53425
7.40351
7.27275
7.14196
7.01115
6.88032
6.74946
6.61858
6.48769
6.35677
6.22584
6.09489
5.96392
5.83294
5.70194
5.57094
5.43992
5.3089
5.17786
5.04682
4.91577
4.78472
4.65365
4.52259
4.39152
4.26045
4.12937
3.99829
3.86721
3.73613
3.60504
3.47395
3.34287
3.21178
3.08069
2.9496
2.8185
2.68741
2.55632
2.42523
2.29414
2.16304
2.03195
1.90086
1.76976
1.63867
1.50758
1.37648
1.24539
1.1143
0.983202
0.852109
0.721015
0.589921
0.458826
0.327735
0.196628
0.065576
15.2304
14.5782
14.0064
13.5683
13.2091
12.9156
12.6662
12.4482
12.252
12.071
11.9008
11.7384
11.5817
11.4295
11.2807
11.1346
10.9909
10.849
10.7088
10.5701
10.4325
10.2961
10.1607
10.026
9.89217
9.75892
9.62622
9.49399
9.36214
9.23063
9.09939
8.96836
8.83751
8.70679
8.57617
8.44563
8.31513
8.18466
8.0542
7.92374
7.79327
7.66278
7.53226
7.40171
7.27113
7.14052
7.00987
6.87918
6.74846
6.61771
6.48692
6.3561
6.22526
6.09439
5.96349
5.83258
5.70164
5.57068
5.43971
5.30872
5.17772
5.0467
4.91568
4.78464
4.6536
4.52255
4.39149
4.26042
4.12936
3.99828
3.86721
3.73613
3.60505
3.47396
3.34288
3.21179
3.0807
2.94961
2.81852
2.68743
2.55633
2.42524
2.29415
2.16305
2.03196
1.90087
1.76977
1.63868
1.50758
1.37649
1.2454
1.1143
0.983207
0.852112
0.721018
0.589923
0.458828
0.327736
0.196627
0.06558
15.3989
14.7645
14.205
13.7566
13.3813
13.0677
12.7981
12.5611
12.3475
12.1512
11.9677
11.7937
11.6272
11.4664
11.3103
11.1581
11.009
10.8628
10.7188
10.577
10.4369
10.2984
10.1612
10.0253
9.89034
9.75629
9.62299
9.49034
9.35822
9.22656
9.09526
8.96426
8.8335
8.70291
8.57247
8.44212
8.31183
8.18159
8.05135
7.92112
7.79087
7.66059
7.53028
7.39993
7.26953
7.13909
7.0086
6.87806
6.74747
6.61684
6.48616
6.35544
6.22469
6.0939
5.96307
5.83222
5.70133
5.57043
5.43949
5.30854
5.17757
5.04658
4.91558
4.78457
4.65354
4.5225
4.39146
4.2604
4.12934
3.99828
3.86721
3.73613
3.60505
3.47397
3.34289
3.2118
3.08071
2.94962
2.81853
2.68744
2.55635
2.42525
2.29416
2.16307
2.03197
1.90088
1.76978
1.63869
1.50759
1.3765
1.2454
1.11431
0.983212
0.852116
0.721021
0.589926
0.458829
0.327737
0.196625
0.0655837
15.5453
14.9288
14.3807
13.926
13.5382
13.2082
12.9212
12.6672
12.438
12.2276
12.0316
11.8467
11.6707
11.5017
11.3386
11.1804
11.0263
10.8758
10.7282
10.5834
10.4408
10.3003
10.1615
10.0243
9.88831
9.75349
9.61963
9.48659
9.35422
9.22243
9.09109
8.96013
8.82947
8.69903
8.56876
8.43861
8.30854
8.17852
8.04852
7.91851
7.78849
7.65842
7.52832
7.39816
7.26795
7.13767
7.00734
6.87694
6.74649
6.61598
6.48541
6.35479
6.22413
6.09341
5.96266
5.83187
5.70104
5.57018
5.43929
5.30837
5.17743
5.04647
4.91549
4.7845
4.65349
4.52246
4.39143
4.26038
4.12933
3.99827
3.86721
3.73614
3.60506
3.47398
3.3429
3.21181
3.08073
2.94964
2.81855
2.68745
2.55636
2.42527
2.29417
2.16308
2.03198
1.90089
1.76979
1.6387
1.5076
1.3765
1.24541
1.11431
0.983216
0.85212
0.721024
0.589928
0.458831
0.327738
0.196624
0.065587
15.674
15.0744
14.5367
14.0782
13.6809
13.3373
13.0353
12.7664
12.5231
12.2997
12.0921
11.897
11.712
11.5353
11.3655
11.2015
11.0426
10.8879
10.7369
10.5892
10.4442
10.3018
10.1614
10.0229
9.88603
9.75049
9.61611
9.48271
9.35012
9.21822
9.08687
8.95596
8.82541
8.69513
8.56505
8.43511
8.30526
8.17547
8.0457
7.91592
7.78612
7.65627
7.52637
7.39641
7.26638
7.13628
7.0061
6.87585
6.74553
6.61513
6.48468
6.35416
6.22358
6.09294
5.96226
5.83152
5.70075
5.56993
5.43909
5.3082
5.1773
5.04636
4.9154
4.78443
4.65343
4.52242
4.3914
4.26037
4.12932
3.99827
3.86721
3.73614
3.60507
3.47399
3.34291
3.21183
3.08074
2.94965
2.81856
2.68747
2.55637
2.42528
2.29418
2.16309
2.03199
1.9009
1.7698
1.6387
1.50761
1.37651
1.24541
1.11432
0.983221
0.852124
0.721027
0.589931
0.458832
0.327739
0.196622
0.0655901
15.788
15.2039
14.6754
14.2148
13.8102
13.4553
13.1406
12.8585
12.6024
12.3673
12.1489
11.9442
11.7508
11.5668
11.3906
11.2212
11.0576
10.899
10.7447
10.5942
10.447
10.3027
10.1609
10.0213
9.88347
9.74726
9.6124
9.47868
9.34591
9.21393
9.08258
8.95175
8.82133
8.69121
8.56133
8.43161
8.30199
8.17243
8.0429
7.91335
7.78378
7.65415
7.52445
7.39469
7.26484
7.1349
7.00488
6.87477
6.74458
6.61431
6.48396
6.35353
6.22304
6.09248
5.96186
5.83119
5.70047
5.5697
5.43889
5.30804
5.17717
5.04626
4.91532
4.78436
4.65339
4.52239
4.39138
4.26035
4.12931
3.99827
3.86721
3.73615
3.60508
3.474
3.34292
3.21184
3.08075
2.94966
2.81857
2.68748
2.55639
2.42529
2.2942
2.1631
2.032
1.90091
1.76981
1.63871
1.50762
1.37652
1.24542
1.11432
0.983226
0.852129
0.721031
0.589933
0.458834
0.32774
0.196622
0.0655928
15.8896
15.3191
14.7986
14.3373
13.927
13.5628
13.237
12.9434
12.6759
12.43
12.2018
11.9882
11.7869
11.596
11.4138
11.2393
11.0713
10.9089
10.7515
10.5985
10.4491
10.3031
10.1599
10.0192
9.88057
9.74376
9.60848
9.47448
9.34156
9.20953
9.07822
8.94749
8.81721
8.68728
8.5576
8.42811
8.29873
8.16941
8.04012
7.91081
7.78146
7.65205
7.52256
7.39299
7.26332
7.13355
7.00369
6.87372
6.74366
6.6135
6.48326
6.35293
6.22252
6.09203
5.96148
5.83087
5.7002
5.56947
5.4387
5.30789
5.17704
5.04616
4.91524
4.7843
4.65334
4.52236
4.39136
4.26034
4.12931
3.99827
3.86721
3.73615
3.60509
3.47401
3.34294
3.21185
3.08077
2.94968
2.81859
2.6875
2.5564
2.42531
2.29421
2.16311
2.03202
1.90092
1.76982
1.63872
1.50762
1.37653
1.24543
1.11433
0.983231
0.852133
0.721034
0.589936
0.458836
0.327742
0.196621
0.0655952
15.9802
15.4216
14.9082
14.4467
14.0319
13.66
13.3249
13.021
12.7434
12.4877
12.2505
12.0287
11.8201
11.6227
11.435
11.2556
11.0834
10.9176
10.7573
10.6018
10.4505
10.3029
10.1584
10.0167
9.87731
9.73996
9.60431
9.4701
9.33707
9.20503
9.07378
8.94317
8.81306
8.68333
8.55388
8.42462
8.29548
8.16641
8.03736
7.90829
7.77917
7.64998
7.5207
7.39132
7.26183
7.13223
7.00252
6.87269
6.74276
6.61272
6.48258
6.35234
6.22201
6.0916
5.96112
5.83056
5.69994
5.56926
5.43853
5.30775
5.17692
5.04606
4.91517
4.78425
4.6533
4.52233
4.39134
4.26033
4.1293
3.99827
3.86722
3.73616
3.6051
3.47403
3.34295
3.21187
3.08078
2.94969
2.8186
2.68751
2.55641
2.42532
2.29422
2.16312
2.03203
1.90093
1.76983
1.63873
1.50763
1.37653
1.24543
1.11433
0.983236
0.852137
0.721037
0.589938
0.458838
0.327743
0.196621
0.0655973
16.061
15.5127
15.0053
14.5441
14.1258
13.7475
13.4042
13.0914
12.8048
12.5403
12.2948
12.0656
11.8502
11.6468
11.4539
11.27
11.094
10.9249
10.7618
10.6041
10.451
10.3019
10.1563
10.0137
9.87365
9.73583
9.59988
9.4655
9.33241
9.2004
9.06925
8.93879
8.80887
8.67936
8.55014
8.42114
8.29225
8.16344
8.03464
7.90581
7.77692
7.64795
7.51888
7.38969
7.26038
7.13095
7.00139
6.8717
6.74189
6.61196
6.48192
6.35177
6.22153
6.09119
5.96077
5.83027
5.69969
5.56906
5.43836
5.30761
5.17682
5.04598
4.91511
4.7842
4.65326
4.5223
4.39132
4.26032
4.1293
3.99827
3.86723
3.73617
3.60511
3.47404
3.34296
3.21188
3.0808
2.94971
2.81862
2.68752
2.55643
2.42533
2.29423
2.16314
2.03204
1.90094
1.76984
1.63874
1.50764
1.37654
1.24544
1.11434
0.983241
0.852141
0.721041
0.589941
0.45884
0.327744
0.196621
0.0655991
16.1328
15.5932
15.091
14.6303
14.2093
13.8255
13.4753
13.1547
12.86
12.5876
12.3347
12.0985
11.877
11.6681
11.4703
11.2823
11.1027
10.9307
10.7651
10.6053
10.4506
10.3001
10.1535
10.0101
9.86954
9.73134
9.59516
9.46067
9.32758
9.19564
9.06462
8.93434
8.80464
8.67537
8.54641
8.41766
8.28904
8.16049
8.03194
7.90336
7.77471
7.64596
7.51709
7.3881
7.25897
7.1297
7.00029
6.87074
6.74105
6.61123
6.48129
6.35123
6.22107
6.0908
5.96044
5.82999
5.69946
5.56887
5.4382
5.30749
5.17672
5.0459
4.91505
4.78416
4.65323
4.52228
4.39131
4.26032
4.1293
3.99828
3.86724
3.73618
3.60512
3.47405
3.34298
3.2119
3.08081
2.94972
2.81863
2.68754
2.55644
2.42535
2.29425
2.16315
2.03205
1.90095
1.76985
1.63875
1.50765
1.37655
1.24545
1.11435
0.983246
0.852145
0.721044
0.589944
0.458842
0.327746
0.196621
0.0656005
16.1962
15.6641
15.1662
14.7062
14.2828
13.8945
13.5383
13.2109
12.909
12.6296
12.3699
12.1275
11.9003
11.6865
11.4843
11.2924
11.1096
10.9348
10.767
10.6054
10.4491
10.2975
10.15
10.006
9.86495
9.72646
9.59013
9.4556
9.32255
9.19073
9.05989
8.92982
8.80036
8.67135
8.54266
8.41419
8.28585
8.15757
8.02929
7.90095
7.77254
7.64401
7.51535
7.38655
7.2576
7.12849
6.99923
6.86981
6.74025
6.61054
6.48069
6.35072
6.22063
6.09043
5.96013
5.82973
5.69925
5.56869
5.43806
5.30737
5.17663
5.04583
4.91499
4.78412
4.65321
4.52227
4.3913
4.26031
4.12931
3.99828
3.86725
3.7362
3.60514
3.47407
3.343
3.21191
3.08083
2.94974
2.81865
2.68755
2.55646
2.42536
2.29426
2.16316
2.03206
1.90096
1.76986
1.63876
1.50765
1.37655
1.24545
1.11435
0.98325
0.852149
0.721048
0.589947
0.458844
0.327747
0.196622
0.0656016
16.2518
15.7259
15.2317
14.7723
14.347
13.9549
13.5934
13.26
12.9518
12.6661
12.4004
12.1524
11.9201
11.7017
11.4956
11.3003
11.1145
10.9373
10.7675
10.6042
10.4467
10.2941
10.1458
10.0012
9.85985
9.72117
9.58476
9.45025
9.31732
9.18567
9.05504
8.92523
8.79604
8.66731
8.53892
8.41074
8.28269
8.15468
8.02667
7.89859
7.77041
7.64211
7.51366
7.38505
7.25628
7.12733
6.99821
6.86893
6.73948
6.60988
6.48013
6.35024
6.22022
6.09008
5.95984
5.82949
5.69905
5.56853
5.43793
5.30727
5.17655
5.04577
4.91495
4.78409
4.65319
4.52226
4.3913
4.26032
4.12932
3.9983
3.86726
3.73621
3.60515
3.47409
3.34301
3.21193
3.08085
2.94976
2.81866
2.68757
2.55647
2.42537
2.29427
2.16317
2.03207
1.90097
1.76987
1.63876
1.50766
1.37656
1.24546
1.11436
0.983255
0.852153
0.721051
0.58995
0.458846
0.327749
0.196622
0.0656025
16.2998
15.7792
15.288
14.8291
14.4023
14.0068
13.6408
13.3022
12.9884
12.6972
12.4261
12.1731
11.9362
11.7138
11.504
11.3057
11.1174
10.938
10.7664
10.6017
10.4431
10.2897
10.1408
9.99582
9.85421
9.71543
9.57904
9.44463
9.31187
9.18044
9.05007
8.92055
8.79166
8.66325
8.53517
8.4073
8.27955
8.15183
8.02409
7.89627
7.76834
7.64026
7.51202
7.3836
7.255
7.12621
6.99724
6.86808
6.73875
6.60925
6.47959
6.34979
6.21984
6.08977
5.95957
5.82927
5.69887
5.56839
5.43782
5.30718
5.17648
5.04572
4.91492
4.78407
4.65318
4.52225
4.3913
4.26032
4.12933
3.99831
3.86728
3.73623
3.60517
3.47411
3.34303
3.21195
3.08086
2.94977
2.81868
2.68758
2.55649
2.42539
2.29429
2.16318
2.03208
1.90098
1.76988
1.63877
1.50767
1.37657
1.24547
1.11436
0.98326
0.852158
0.721055
0.589953
0.458848
0.327751
0.196623
0.065603
16.3407
15.8244
15.3357
14.8772
14.449
14.0506
13.6807
13.3375
13.0189
12.7227
12.4469
12.1895
11.9486
11.7225
11.5096
11.3086
11.118
10.9367
10.7637
10.5978
10.4383
10.2842
10.1349
9.98972
9.84799
9.70922
9.57293
9.43871
9.30619
9.17504
9.04498
8.91579
8.78724
8.65916
8.53141
8.40387
8.27643
8.14902
8.02156
7.894
7.76632
7.63847
7.51044
7.38221
7.25378
7.12515
6.99632
6.86729
6.73807
6.60867
6.4791
6.34937
6.21949
6.08948
5.95933
5.82908
5.69872
5.56826
5.43772
5.30711
5.17643
5.04569
4.91489
4.78405
4.65317
4.52226
4.39131
4.26034
4.12934
3.99833
3.86729
3.73625
3.60519
3.47413
3.34305
3.21197
3.08088
2.94979
2.8187
2.6876
2.5565
2.4254
2.2943
2.1632
2.03209
1.90099
1.76989
1.63878
1.50768
1.37657
1.24547
1.11437
0.983265
0.852162
0.721059
0.589956
0.458851
0.327753
0.196625
0.0656033
16.3747
15.8619
15.3752
14.9169
14.4874
14.0866
13.7133
13.3661
13.0432
12.7427
12.4628
12.2015
11.957
11.7278
11.5122
11.3089
11.1164
10.9336
10.7593
10.5925
10.4323
10.2778
10.1282
9.98288
9.84117
9.70252
9.56644
9.43248
9.30027
9.16946
9.03977
8.91094
8.78276
8.65505
8.52766
8.40046
8.27335
8.14625
8.01908
7.89179
7.76436
7.63674
7.50891
7.38088
7.25262
7.12414
6.99545
6.86654
6.73743
6.60813
6.47864
6.34899
6.21918
6.08922
5.95912
5.82891
5.69858
5.56816
5.43764
5.30705
5.17639
5.04566
4.91488
4.78405
4.65317
4.52226
4.39132
4.26035
4.12936
3.99835
3.86732
3.73627
3.60521
3.47415
3.34307
3.21199
3.0809
2.94981
2.81871
2.68762
2.55652
2.42541
2.29431
2.16321
2.0321
1.901
1.76989
1.63879
1.50769
1.37658
1.24548
1.11437
0.98327
0.852166
0.721062
0.589959
0.458853
0.327754
0.196626
0.0656033
16.4021
15.892
15.4068
14.9486
14.518
14.1149
13.7387
13.388
13.0614
12.7572
12.4736
12.209
11.9615
11.7296
11.5117
11.3064
11.1124
10.9283
10.7531
10.5856
10.425
10.2702
10.1206
9.97528
9.83372
9.69532
9.55954
9.42593
9.2941
9.1637
9.03442
8.906
8.77823
8.65092
8.52391
8.39708
8.27031
8.14352
8.01665
7.88964
7.76246
7.63507
7.50746
7.37961
7.25152
7.1232
6.99464
6.86585
6.73685
6.60764
6.47823
6.34865
6.21889
6.08899
5.95894
5.82876
5.69847
5.56807
5.43758
5.30701
5.17636
5.04565
4.91487
4.78405
4.65318
4.52228
4.39134
4.26037
4.12938
3.99837
3.86734
3.7363
3.60524
3.47417
3.34309
3.21201
3.08092
2.94983
2.81873
2.68763
2.55653
2.42543
2.29432
2.16322
2.03211
1.90101
1.7699
1.6388
1.50769
1.37659
1.24548
1.11438
0.983275
0.852171
0.721066
0.589962
0.458856
0.327756
0.196628
0.065603
16.423
15.9149
15.4308
14.9725
14.5408
14.1358
13.757
13.4033
13.0735
12.7661
12.4795
12.2119
11.9619
11.7278
11.508
11.3012
11.106
10.921
10.7451
10.5772
10.4163
10.2615
10.112
9.96688
9.82562
9.68758
9.55221
9.41905
9.28768
9.15774
9.02893
8.90098
8.77365
8.64677
8.52017
8.39372
8.26731
8.14085
8.01429
7.88756
7.76063
7.63347
7.50607
7.37841
7.25049
7.12231
6.99389
6.86522
6.73631
6.60719
6.47787
6.34835
6.21865
6.08879
5.95879
5.82865
5.69838
5.56801
5.43754
5.30698
5.17635
5.04565
4.91488
4.78407
4.6532
4.5223
4.39137
4.2604
4.12941
3.9984
3.86737
3.73632
3.60526
3.47419
3.34312
3.21203
3.08094
2.94985
2.81875
2.68765
2.55655
2.42544
2.29434
2.16323
2.03212
1.90102
1.76991
1.63881
1.5077
1.3766
1.24549
1.11438
0.98328
0.852175
0.72107
0.589965
0.458859
0.327758
0.19663
0.0656026
16.4376
15.931
15.4475
14.989
14.5562
14.1495
13.7684
13.4121
13.0796
12.7695
12.4802
12.2104
11.9582
11.7223
11.5011
11.2931
11.097
10.9115
10.7352
10.5672
10.4063
10.2517
10.1024
9.95767
9.81685
9.67929
9.54445
9.41182
9.28099
9.1516
9.02331
8.89587
8.76903
8.64261
8.51644
8.39039
8.26435
8.13824
8.01199
7.88555
7.75887
7.63195
7.50475
7.37728
7.24953
7.1215
6.9932
6.86464
6.73584
6.6068
6.47755
6.34809
6.21845
6.08864
5.95867
5.82856
5.69832
5.56797
5.43752
5.30698
5.17635
5.04566
4.9149
4.78409
4.65323
4.52233
4.3914
4.26043
4.12944
3.99843
3.8674
3.73635
3.60529
3.47422
3.34314
3.21206
3.08096
2.94987
2.81877
2.68767
2.55656
2.42546
2.29435
2.16324
2.03214
1.90103
1.76992
1.63881
1.50771
1.3766
1.2455
1.11439
0.983285
0.852179
0.721074
0.589969
0.458862
0.327761
0.196633
0.065602
16.4461
15.9404
15.4572
14.9982
14.5644
14.156
13.7729
13.4144
13.0796
12.7672
12.4759
12.2041
11.9504
11.7131
11.4909
11.2822
11.0855
10.8997
10.7234
10.5555
10.3949
10.2406
10.0918
9.94763
9.80739
9.67045
9.53624
9.40424
9.27404
9.14525
9.01756
8.89067
8.76436
8.63843
8.51272
8.38709
8.26144
8.13569
8.00976
7.88361
7.7572
7.63051
7.50352
7.37623
7.24864
7.12075
6.99258
6.86413
6.73542
6.60646
6.47728
6.34788
6.21829
6.08852
5.95858
5.8285
5.69829
5.56796
5.43752
5.30699
5.17637
5.04569
4.91493
4.78413
4.65327
4.52237
4.39144
4.26047
4.12948
3.99846
3.86743
3.73638
3.60532
3.47425
3.34317
3.21208
3.08099
2.94989
2.81879
2.68768
2.55658
2.42547
2.29436
2.16325
2.03215
1.90104
1.76993
1.63882
1.50772
1.37661
1.2455
1.1144
0.983289
0.852184
0.721078
0.589972
0.458864
0.327763
0.196635
0.0656012
16.4486
15.9433
15.46
15.0004
14.5654
14.1556
13.7707
13.4103
13.0736
12.7594
12.4664
12.1932
11.9383
11.7002
11.4773
11.2682
11.0714
10.8856
10.7096
10.5421
10.382
10.2283
10.0802
9.93672
9.79723
9.66104
9.52757
9.39632
9.26683
9.13872
9.01167
8.88539
8.75965
8.63424
8.50902
8.38384
8.25859
8.13321
8.00761
7.88175
7.75561
7.62915
7.50237
7.37526
7.24783
7.12009
6.99203
6.86368
6.73506
6.60618
6.47706
6.34772
6.21817
6.08844
5.95853
5.82848
5.69828
5.56797
5.43754
5.30702
5.17641
5.04573
4.91498
4.78417
4.65332
4.52242
4.39148
4.26051
4.12952
3.9985
3.86747
3.73642
3.60535
3.47428
3.3432
3.21211
3.08101
2.94991
2.81881
2.6877
2.55659
2.42548
2.29438
2.16327
2.03216
1.90105
1.76994
1.63883
1.50772
1.37661
1.24551
1.1144
0.983294
0.852188
0.721081
0.589975
0.458867
0.327765
0.196638
0.0656002
16.4453
15.9399
15.4561
14.9956
14.5595
14.1483
13.7618
13.3999
13.0616
12.746
12.4517
12.1776
11.9219
11.6833
11.4602
11.2511
11.0546
10.8692
10.6937
10.5269
10.3676
10.2147
10.0675
9.92494
9.78635
9.65105
9.51846
9.38804
9.25935
9.132
9.00565
8.88003
8.7549
8.63006
8.50535
8.38063
8.25581
8.1308
8.00554
7.87998
7.75411
7.62789
7.50131
7.37439
7.24711
7.1195
6.99156
6.86331
6.73477
6.60596
6.4769
6.3476
6.2181
6.0884
5.95852
5.82848
5.69831
5.568
5.43759
5.30707
5.17646
5.04578
4.91504
4.78423
4.65337
4.52247
4.39153
4.26056
4.12957
3.99855
3.86751
3.73646
3.60539
3.47431
3.34322
3.21213
3.08103
2.94993
2.81883
2.68772
2.55661
2.4255
2.29439
2.16328
2.03217
1.90106
1.76995
1.63884
1.50773
1.37662
1.24551
1.11441
0.983299
0.852192
0.721085
0.589979
0.458871
0.327768
0.196641
0.0655992
16.4362
15.9302
15.4456
14.9841
14.5468
14.1342
13.7463
13.383
13.0435
12.7269
12.4319
12.1571
11.9012
11.6626
11.4397
11.231
11.0351
10.8504
10.6758
10.51
10.3517
10.1999
10.0537
9.91227
9.77475
9.64049
9.50888
9.3794
9.2516
9.12508
8.99951
8.87461
8.75013
8.62588
8.50171
8.37748
8.2531
8.12848
8.00356
7.87831
7.7527
7.62672
7.50035
7.3736
7.24648
7.11899
6.99116
6.86301
6.73455
6.6058
6.4768
6.34754
6.21807
6.0884
5.95854
5.82852
5.69836
5.56806
5.43765
5.30714
5.17654
5.04586
4.91511
4.7843
4.65344
4.52253
4.39159
4.26062
4.12962
3.99859
3.86755
3.7365
3.60542
3.47434
3.34325
3.21216
3.08106
2.94995
2.81885
2.68774
2.55663
2.42551
2.2944
2.16329
2.03218
1.90107
1.76996
1.63885
1.50774
1.37663
1.24552
1.11441
0.983304
0.852196
0.721089
0.589982
0.458874
0.32777
0.196644
0.065598
16.4215
15.9144
15.4286
14.9659
14.5273
14.1133
13.7243
13.3599
13.0195
12.7022
12.4067
12.1319
11.8761
11.6378
11.4156
11.2077
11.0127
10.8292
10.6558
10.4912
10.3342
10.1838
10.0389
9.89871
9.76242
9.62934
9.49885
9.37042
9.2436
9.11799
8.99326
8.86912
8.74534
8.62172
8.49812
8.3744
8.25046
8.12624
8.00168
7.87674
7.75141
7.62565
7.49949
7.37291
7.24593
7.11858
6.99085
6.86279
6.7344
6.60571
6.47675
6.34754
6.2181
6.08845
5.95861
5.8286
5.69844
5.56815
5.43775
5.30723
5.17663
5.04594
4.91519
4.78438
4.65351
4.52261
4.39166
4.26068
4.12967
3.99865
3.8676
3.73654
3.60546
3.47438
3.34329
3.21219
3.08108
2.94998
2.81887
2.68775
2.55664
2.42553
2.29441
2.1633
2.03219
1.90108
1.76996
1.63885
1.50774
1.37663
1.24552
1.11442
0.983308
0.852201
0.721093
0.589986
0.458877
0.327773
0.196648
0.0655968
16.4013
15.8926
15.4053
14.9411
14.501
14.0858
13.6957
13.3304
12.9894
12.6717
12.3763
12.1017
11.8465
11.6091
11.3879
11.1812
10.9876
10.8056
10.6337
10.4706
10.3152
10.1663
10.023
9.88426
9.74937
9.61761
9.48837
9.3611
9.23536
9.11073
8.9869
8.86358
8.74054
8.61759
8.49458
8.37139
8.24792
8.12411
7.99991
7.87529
7.75022
7.6247
7.49873
7.37233
7.24549
7.11825
6.99063
6.86265
6.73432
6.60569
6.47677
6.34759
6.21817
6.08854
5.95871
5.82871
5.69856
5.56827
5.43786
5.30735
5.17674
5.04605
4.91529
4.78447
4.6536
4.52269
4.39173
4.26075
4.12974
3.9987
3.86765
3.73658
3.60551
3.47442
3.34332
3.21222
3.08111
2.95
2.81889
2.68777
2.55666
2.42554
2.29443
2.16331
2.0322
1.90108
1.76997
1.63886
1.50775
1.37664
1.24553
1.11442
0.983313
0.852205
0.721097
0.58999
0.458881
0.327775
0.196651
0.0655955
16.3756
15.8649
15.3758
14.9098
14.4682
14.0516
13.6605
13.2945
12.9532
12.6356
12.3406
12.0667
11.8125
11.5763
11.3565
11.1515
10.9597
10.7794
10.6094
10.4482
10.2947
10.1476
10.006
9.86892
9.73561
9.60532
9.47745
9.35146
9.22688
9.10332
8.98045
8.85801
8.73575
8.6135
8.49111
8.36846
8.24548
8.12209
7.99826
7.87395
7.74915
7.62386
7.49809
7.37185
7.24516
7.11803
6.9905
6.86259
6.73433
6.60574
6.47686
6.3477
6.2183
6.08868
5.95886
5.82887
5.69871
5.56842
5.43801
5.30748
5.17687
5.04617
4.9154
4.78458
4.6537
4.52277
4.39181
4.26082
4.1298
3.99876
3.86771
3.73663
3.60555
3.47445
3.34335
3.21225
3.08114
2.95002
2.81891
2.68779
2.55667
2.42556
2.29444
2.16332
2.03221
1.90109
1.76998
1.63887
1.50776
1.37665
1.24554
1.11443
0.983317
0.852209
0.721101
0.589993
0.458884
0.327778
0.196655
0.0655943
16.3445
15.8314
15.3399
14.8719
14.4286
14.0108
13.6187
13.2522
12.9109
12.5936
12.2994
12.0266
11.7739
11.5394
11.3215
11.1185
10.9288
10.7508
10.583
10.424
10.2726
10.1275
9.9879
9.8527
9.72113
9.59248
9.46611
9.3415
9.21818
9.09576
8.97393
8.85241
8.73098
8.60946
8.48772
8.36564
8.24315
8.12019
7.99673
7.87274
7.74821
7.62315
7.49757
7.37149
7.24493
7.11791
6.99046
6.86262
6.73441
6.60586
6.47701
6.34787
6.21849
6.08887
5.95905
5.82906
5.6989
5.5686
5.43818
5.30764
5.17702
5.04631
4.91553
4.7847
4.65381
4.52287
4.3919
4.2609
4.12988
3.99883
3.86776
3.73668
3.60559
3.4745
3.34339
3.21228
3.08116
2.95005
2.81893
2.68781
2.55669
2.42557
2.29445
2.16333
2.03222
1.9011
1.76999
1.63887
1.50776
1.37665
1.24554
1.11443
0.983322
0.852213
0.721105
0.589997
0.458888
0.327782
0.19666
0.0655931
16.3081
15.792
15.2979
14.8276
14.3824
13.9632
13.5703
13.2035
12.8624
12.5459
12.2527
11.9815
11.7306
11.4983
11.2827
11.0822
10.8951
10.7196
10.5544
10.3979
10.2489
10.1062
9.96875
9.83562
9.70597
9.5791
9.45437
9.33125
9.20928
9.08809
8.96735
8.84681
8.72625
8.60549
8.48442
8.36293
8.24095
8.11843
7.99534
7.87167
7.74741
7.62258
7.49718
7.37125
7.24481
7.11789
6.99053
6.86274
6.73458
6.60606
6.47723
6.34811
6.21872
6.08911
5.95929
5.82928
5.69912
5.56881
5.43837
5.30783
5.17719
5.04647
4.91568
4.78483
4.65392
4.52298
4.392
4.26099
4.12995
3.9989
3.86782
3.73674
3.60564
3.47454
3.34343
3.21231
3.08119
2.95007
2.81895
2.68783
2.55671
2.42559
2.29446
2.16335
2.03223
1.90111
1.76999
1.63888
1.50777
1.37666
1.24555
1.11444
0.983326
0.852218
0.721109
0.590001
0.458892
0.327785
0.196664
0.065592
16.2664
15.7469
15.2497
14.7768
14.3296
13.909
13.5153
13.1484
12.8077
12.4922
12.2006
11.9314
11.6828
11.4531
11.2403
11.0427
10.8585
10.686
10.5237
10.37
10.2237
10.0836
9.94858
9.81771
9.69017
9.56522
9.44226
9.32074
9.20022
9.08033
8.96075
8.84124
8.72158
8.60162
8.48124
8.36036
8.23889
8.11682
7.9941
7.87075
7.74676
7.62214
7.49693
7.37114
7.24482
7.11799
6.99069
6.86296
6.73483
6.60634
6.47752
6.3484
6.21902
6.0894
5.95957
5.82955
5.69937
5.56905
5.43859
5.30803
5.17738
5.04664
4.91583
4.78497
4.65405
4.5231
4.3921
4.26108
4.13003
3.99897
3.86789
3.73679
3.60569
3.47458
3.34346
3.21234
3.08122
2.9501
2.81897
2.68785
2.55672
2.4256
2.29448
2.16336
2.03224
1.90112
1.77
1.63889
1.50777
1.37666
1.24555
1.11444
0.98333
0.852222
0.721113
0.590005
0.458896
0.327789
0.196669
0.0655912
16.2196
15.696
15.1953
14.7195
14.2701
13.848
13.4536
13.0867
12.7468
12.4327
12.1431
11.8762
11.6304
11.4037
11.1942
10.9999
10.8191
10.6499
10.4908
10.3403
10.1971
10.0598
9.92743
9.79903
9.67376
9.5509
9.42983
9.31002
9.19104
9.07252
8.95416
8.83572
8.717
8.59787
8.4782
8.35793
8.23699
8.11537
7.99303
7.86999
7.74626
7.62186
7.49682
7.37117
7.24495
7.11821
6.99097
6.86328
6.73518
6.6067
6.47789
6.34877
6.21938
6.08974
5.9599
5.82986
5.69966
5.56931
5.43884
5.30826
5.17759
5.04683
4.91601
4.78512
4.65419
4.52322
4.39221
4.26118
4.13012
3.99905
3.86796
3.73685
3.60574
3.47463
3.3435
3.21238
3.08125
2.95012
2.81899
2.68787
2.55674
2.42561
2.29449
2.16337
2.03224
1.90113
1.77001
1.63889
1.50778
1.37667
1.24555
1.11444
0.983334
0.852226
0.721117
0.590009
0.4589
0.327792
0.196674
0.0655906
16.1667
15.6384
15.1336
14.6545
14.2026
13.7789
13.3838
13.0172
12.6783
12.3659
12.0787
11.8148
11.5723
11.3492
11.1434
10.953
10.7761
10.6108
10.4554
10.3084
10.1685
10.0344
9.905
9.77932
9.65654
9.53595
9.41693
9.29896
9.18163
9.06458
8.94751
8.83021
8.71249
8.59422
8.47529
8.35566
8.23526
8.11409
7.99213
7.86941
7.74593
7.62174
7.49687
7.37135
7.24523
7.11855
6.99137
6.86371
6.73562
6.60715
6.47834
6.34921
6.2198
6.09015
5.96028
5.83022
5.69999
5.56962
5.43912
5.30852
5.17782
5.04704
4.91619
4.78529
4.65434
4.52335
4.39233
4.26128
4.13021
3.99913
3.86803
3.73691
3.6058
3.47467
3.34354
3.21241
3.08128
2.95015
2.81901
2.68788
2.55675
2.42563
2.2945
2.16337
2.03225
1.90113
1.77001
1.6389
1.50778
1.37667
1.24556
1.11445
0.983338
0.85223
0.721121
0.590013
0.458904
0.327797
0.19668
0.0655907
16.1055
15.5716
15.062
14.5789
14.1241
13.6987
13.3029
12.9367
12.5992
12.2892
12.0049
11.7446
11.5062
11.2874
11.0862
10.9003
10.7279
10.5671
10.416
10.2732
10.1371
10.0066
9.88055
9.75794
9.63797
9.51991
9.40318
9.28727
9.17176
9.05631
8.94066
8.82459
8.70794
8.5906
8.47247
8.35351
8.23368
8.11298
7.99142
7.86902
7.7458
7.62182
7.4971
7.37171
7.24568
7.11906
6.99191
6.86428
6.7362
6.60772
6.47889
6.34974
6.22031
6.09063
5.96073
5.83064
5.70038
5.56997
5.43945
5.30881
5.17808
5.04728
4.91641
4.78548
4.65451
4.5235
4.39246
4.2614
4.13031
3.99921
3.8681
3.73698
3.60585
3.47472
3.34359
3.21245
3.08131
2.95017
2.81904
2.6879
2.55677
2.42564
2.29451
2.16338
2.03226
1.90114
1.77002
1.6389
1.50779
1.37667
1.24556
1.11445
0.983342
0.852234
0.721125
0.590018
0.458909
0.327802
0.196687
0.0655925
16.0463
15.5069
14.9926
14.5057
14.0481
13.621
13.2247
12.859
12.523
12.2153
11.9341
11.6774
11.443
11.2285
11.0317
10.8504
10.6824
10.5259
10.379
10.2401
10.1078
9.98071
9.85782
9.73814
9.62082
9.50517
9.39059
9.2766
9.1628
9.04886
8.93452
8.8196
8.70395
8.58745
8.47005
8.3517
8.23239
8.11212
7.99092
7.8688
7.74581
7.62201
7.49743
7.37214
7.24618
7.11961
6.99249
6.86487
6.73679
6.6083
6.47945
6.35028
6.22082
6.0911
5.96117
5.83104
5.70075
5.57032
5.43976
5.30909
5.17834
5.0475
4.91661
4.78566
4.65467
4.52364
4.39259
4.26151
4.13041
3.9993
3.86817
3.73704
3.60591
3.47477
3.34362
3.21248
3.08134
2.9502
2.81906
2.68792
2.55678
2.42565
2.29452
2.16339
2.03227
1.90114
1.77002
1.63891
1.50779
1.37668
1.24557
1.11445
0.983346
0.852237
0.721129
0.590022
0.458914
0.327807
0.196693
0.065597
10.1549
10.1644
10.2319
10.3506
10.5009
10.6647
10.8264
10.9743
11.1004
11.1999
11.2707
11.3125
11.3264
11.3144
11.279
11.2229
11.1487
11.0591
10.9564
10.8429
10.7206
10.5911
10.456
10.3165
10.1738
10.0287
9.88202
9.73438
9.58627
9.43811
9.2902
9.1428
8.99609
8.85018
8.70518
8.56112
8.41804
8.27594
8.13479
7.99457
7.85523
7.71673
7.57902
7.44203
7.30572
7.17003
7.03491
6.90029
6.76614
6.6324
6.49902
6.36598
6.23322
6.10072
5.96844
5.83636
5.70444
5.57267
5.44103
5.30949
5.17805
5.04668
4.91538
4.78413
4.65292
4.52176
4.39062
4.25951
4.12842
3.99734
3.86627
3.73522
3.60416
3.47312
3.34207
3.21103
3.07998
2.94894
2.81789
2.68684
2.55579
2.42474
2.29368
2.16262
2.03156
1.9005
1.76943
1.63836
1.50729
1.37622
1.24514
1.11406
0.982988
0.85191
0.720833
0.589756
0.458682
0.327604
0.196548
0.0654419
10.164
10.1729
10.2352
10.3445
10.4831
10.6352
10.7866
10.9263
11.0465
11.1424
11.2115
11.2535
11.2689
11.2594
11.2272
11.1747
11.1045
11.0188
10.9201
10.8105
10.6918
10.5657
10.4338
10.2972
10.1571
10.0144
9.86987
9.72412
9.57768
9.43098
9.28436
9.13806
8.9923
8.84721
8.7029
8.55943
8.41684
8.27513
8.13431
7.99436
7.85523
7.7169
7.57931
7.44242
7.30618
7.17053
7.03543
6.90082
6.76667
6.63291
6.49952
6.36645
6.23367
6.10114
5.96883
5.83672
5.70477
5.57298
5.44131
5.30974
5.17827
5.04688
4.91556
4.78429
4.65307
4.52188
4.39073
4.25961
4.1285
3.99741
3.86634
3.73527
3.60421
3.47316
3.34211
3.21106
3.08001
2.94896
2.81791
2.68686
2.55581
2.42475
2.29369
2.16263
2.03157
1.9005
1.76944
1.63837
1.50729
1.37622
1.24515
1.11407
0.982994
0.851917
0.72084
0.589764
0.45869
0.327613
0.196559
0.0654511
10.166
10.1746
10.2325
10.3333
10.4612
10.6025
10.744
10.8757
10.9901
11.0824
11.1499
11.1919
11.2087
11.2017
11.1728
11.124
11.0577
10.9762
10.8816
10.7759
10.661
10.5385
10.4099
10.2764
10.1391
9.99887
9.85658
9.71285
9.5682
9.42308
9.27783
9.13274
8.98801
8.84381
8.70025
8.55742
8.41537
8.27411
8.13366
7.994
7.85512
7.71697
7.57953
7.44275
7.30659
7.171
7.03593
6.90134
6.76719
6.63343
6.50003
6.36694
6.23414
6.10158
5.96924
5.8371
5.70512
5.5733
5.4416
5.31001
5.17851
5.0471
4.91575
4.78446
4.65322
4.52202
4.39085
4.25971
4.12859
3.99749
3.86641
3.73533
3.60426
3.4732
3.34214
3.21109
3.08004
2.94898
2.81793
2.68688
2.55582
2.42476
2.2937
2.16264
2.03158
1.90051
1.76944
1.63837
1.5073
1.37623
1.24515
1.11408
0.983
0.851924
0.720848
0.589772
0.4587
0.327623
0.196573
0.0654553
10.1565
10.1658
10.2212
10.3167
10.4373
10.5708
10.7051
10.8308
10.9406
11.03
11.0962
11.1381
11.1561
11.1511
11.1247
11.079
11.0161
10.938
10.8469
10.7446
10.633
10.5137
10.388
10.2572
10.1223
9.98439
9.84414
9.70223
9.5592
9.41552
9.27153
9.12754
8.98377
8.8404
8.69755
8.55533
8.41378
8.27295
8.13286
7.99349
7.85484
7.71689
7.5796
7.44294
7.30686
7.17134
7.03631
6.90175
6.76761
6.63386
6.50045
6.36735
6.23453
6.10195
5.96959
5.83742
5.70543
5.57358
5.44185
5.31024
5.17872
5.04729
4.91592
4.78461
4.65336
4.52214
4.39096
4.25981
4.12868
3.99757
3.86647
3.73539
3.60431
3.47324
3.34218
3.21112
3.08006
2.94901
2.81795
2.68689
2.55583
2.42477
2.29371
2.16265
2.03158
1.90052
1.76945
1.63838
1.50731
1.37623
1.24516
1.11408
0.983007
0.851931
0.720855
0.589779
0.458708
0.327631
0.196584
0.0654563
10.1358
10.1474
10.2022
10.2949
10.4111
10.5393
10.6684
10.7895
10.8959
10.983
11.0481
11.09
11.1088
11.1054
11.0813
11.0382
10.9781
10.903
10.8149
10.7157
10.607
10.4904
10.3674
10.239
10.1064
9.97056
9.83218
9.69196
9.55045
9.40811
9.26531
9.12236
8.9795
8.83692
8.69475
8.55311
8.41206
8.27166
8.13191
7.99284
7.85443
7.71667
7.57954
7.443
7.30702
7.17156
7.03659
6.90207
6.76795
6.6342
6.5008
6.36769
6.23486
6.10227
5.9699
5.83771
5.7057
5.57382
5.44208
5.31045
5.17891
5.04746
4.91608
4.78475
4.65348
4.52225
4.39106
4.2599
4.12876
3.99764
3.86653
3.73544
3.60436
3.47328
3.34222
3.21115
3.08009
2.94903
2.81797
2.68691
2.55585
2.42479
2.29372
2.16266
2.03159
1.90053
1.76946
1.63838
1.50731
1.37624
1.24516
1.11409
0.983013
0.851937
0.720862
0.589787
0.458716
0.327638
0.196594
0.0654563
10.1042
10.12
10.1762
10.2684
10.3823
10.5074
10.633
10.751
10.8548
10.9401
11.0043
11.0462
11.0657
11.0637
11.0414
11.0005
10.9429
10.8705
10.7851
10.6885
10.5825
10.4684
10.3478
10.2216
10.0911
9.95719
9.82056
9.68192
9.54183
9.40076
9.2591
9.11715
8.97516
8.83335
8.69185
8.55078
8.41022
8.27022
8.13083
7.99205
7.85389
7.71633
7.57936
7.44295
7.30707
7.17169
7.03678
6.9023
6.76821
6.63449
6.50109
6.36799
6.23515
6.10255
5.97017
5.83797
5.70594
5.57405
5.44229
5.31064
5.17909
5.04762
4.91622
4.78489
4.6536
4.52236
4.39115
4.25998
4.12883
3.9977
3.86659
3.73549
3.6044
3.47332
3.34225
3.21118
3.08012
2.94905
2.81799
2.68693
2.55586
2.4248
2.29374
2.16267
2.0316
1.90053
1.76946
1.63839
1.50732
1.37625
1.24517
1.1141
0.983019
0.851944
0.720869
0.589793
0.458723
0.327644
0.196602
0.0654559
10.062
10.084
10.1436
10.2375
10.3513
10.4752
10.599
10.7149
10.817
10.9011
10.9647
11.0065
11.0267
11.0257
11.005
10.966
10.9105
10.8404
10.7574
10.6632
10.5595
10.4477
10.3291
10.2051
10.0765
9.94431
9.8093
9.67214
9.53339
9.39352
9.25292
9.11192
8.97078
8.8297
8.68884
8.54833
8.40825
8.26867
8.12963
7.99114
7.85323
7.71587
7.57907
7.4428
7.30703
7.17173
7.03689
6.90246
6.7684
6.6347
6.50132
6.36823
6.23539
6.10279
5.9704
5.83819
5.70615
5.57425
5.44248
5.31082
5.17925
5.04777
4.91636
4.78501
4.65371
4.52246
4.39124
4.26006
4.1289
3.99777
3.86665
3.73554
3.60445
3.47336
3.34228
3.21121
3.08014
2.94907
2.81801
2.68694
2.55588
2.42481
2.29375
2.16268
2.03161
1.90054
1.76947
1.6384
1.50733
1.37625
1.24518
1.1141
0.983026
0.85195
0.720875
0.5898
0.45873
0.32765
0.19661
0.0654552
10.0097
10.0397
10.1048
10.2026
10.3184
10.4428
10.5663
10.6815
10.7827
10.866
10.9291
10.971
10.9916
10.9916
10.9721
10.9346
10.8809
10.8127
10.7317
10.6396
10.5379
10.4282
10.3116
10.1894
10.0625
9.93195
9.79843
9.66264
9.52513
9.38639
9.24681
9.10672
8.96638
8.826
8.68576
8.54579
8.40618
8.267
8.12831
7.99012
7.85245
7.7153
7.57867
7.44254
7.30689
7.17169
7.03691
6.90254
6.76853
6.63486
6.5015
6.36841
6.23559
6.10299
5.9706
5.83838
5.70633
5.57443
5.44264
5.31097
5.1794
5.0479
4.91648
4.78512
4.65381
4.52255
4.39133
4.26013
4.12897
3.99783
3.8667
3.73559
3.60449
3.4734
3.34232
3.21124
3.08017
2.9491
2.81803
2.68696
2.55589
2.42483
2.29376
2.16269
2.03162
1.90055
1.76948
1.63841
1.50733
1.37626
1.24518
1.11411
0.983032
0.851956
0.720881
0.589806
0.458736
0.327656
0.196617
0.0654547
9.94757
9.9875
10.0601
10.1638
10.2836
10.4105
10.5351
10.6506
10.7516
10.8347
10.8976
10.9395
10.9605
10.9611
10.9425
10.9063
10.8541
10.7874
10.7082
10.6178
10.5179
10.4099
10.2951
10.1745
10.0492
9.92012
9.78797
9.65344
9.5171
9.37941
9.24078
9.10154
8.96196
8.82226
8.68262
8.54317
8.40402
8.26524
8.12688
7.98898
7.85156
7.71463
7.57817
7.44219
7.30665
7.17155
7.03686
6.90254
6.76858
6.63495
6.50162
6.36855
6.23574
6.10315
5.97076
5.83854
5.70649
5.57458
5.44279
5.31111
5.17952
5.04802
4.91659
4.78522
4.65391
4.52264
4.3914
4.2602
4.12903
3.99788
3.86675
3.73563
3.60453
3.47344
3.34235
3.21127
3.08019
2.94912
2.81805
2.68698
2.55591
2.42484
2.29377
2.1627
2.03163
1.90056
1.76949
1.63841
1.50734
1.37627
1.24519
1.11411
0.983038
0.851963
0.720888
0.589812
0.458742
0.327661
0.196624
0.0654543
9.87583
9.92768
10.0098
10.1217
10.2475
10.3785
10.5056
10.6224
10.7239
10.8071
10.87
10.9119
10.9331
10.9341
10.9163
10.881
10.8299
10.7645
10.6866
10.5978
10.4994
10.393
10.2796
10.1605
10.0366
9.90883
9.77794
9.64456
9.50929
9.37257
9.23483
9.0964
8.95754
8.81849
8.67942
8.54048
8.40177
8.26338
8.12536
7.98775
7.85058
7.71385
7.57758
7.44174
7.30634
7.17134
7.03673
6.90248
6.76858
6.63498
6.50168
6.36864
6.23585
6.10327
5.97088
5.83867
5.70662
5.5747
5.44291
5.31123
5.17964
5.04813
4.91669
4.78531
4.65399
4.52271
4.39148
4.26027
4.12909
3.99793
3.8668
3.73568
3.60457
3.47347
3.34238
3.2113
3.08022
2.94914
2.81807
2.68699
2.55592
2.42485
2.29378
2.16271
2.03164
1.90057
1.7695
1.63842
1.50735
1.37627
1.2452
1.11412
0.983045
0.851969
0.720894
0.589818
0.458748
0.327665
0.19663
0.0654541
9.79463
9.86046
9.95429
10.0764
10.2103
10.347
10.4779
10.5969
10.6996
10.7832
10.8462
10.8882
10.9094
10.9107
10.8932
10.8586
10.8083
10.7439
10.6671
10.5795
10.4824
10.3772
10.2652
10.1473
10.0247
9.8981
9.76832
9.63601
9.50171
9.3659
9.22899
9.09131
8.95314
8.8147
8.67618
8.53773
8.39945
8.26143
8.12374
7.98642
7.8495
7.71299
7.57689
7.44121
7.30593
7.17104
7.03652
6.90235
6.7685
6.63496
6.5017
6.36869
6.23591
6.10335
5.97097
5.83877
5.70672
5.57481
5.44301
5.31133
5.17973
5.04822
4.91678
4.7854
4.65407
4.52278
4.39154
4.26033
4.12915
3.99798
3.86684
3.73572
3.6046
3.4735
3.34241
3.21132
3.08024
2.94916
2.81809
2.68701
2.55594
2.42487
2.29379
2.16272
2.03165
1.90058
1.7695
1.63843
1.50735
1.37628
1.2452
1.11413
0.983051
0.851975
0.720899
0.589824
0.458753
0.32767
0.196635
0.0654543
9.7039
9.78599
9.89378
10.0286
10.1724
10.3165
10.4524
10.5744
10.6788
10.7631
10.8263
10.8682
10.8893
10.8906
10.8733
10.839
10.7892
10.7255
10.6496
10.5629
10.4668
10.3627
10.2517
10.135
10.0134
9.88791
9.75914
9.62778
9.49438
9.35941
9.22327
9.08629
8.94876
8.8109
8.67291
8.53492
8.39706
8.25941
8.12205
7.98501
7.84833
7.71203
7.57612
7.4406
7.30545
7.17068
7.03625
6.90216
6.76837
6.63488
6.50166
6.36869
6.23594
6.10339
5.97103
5.83884
5.7068
5.57489
5.4431
5.31141
5.17981
5.0483
4.91685
4.78547
4.65414
4.52285
4.3916
4.26038
4.1292
3.99803
3.86689
3.73576
3.60464
3.47353
3.34244
3.21135
3.08026
2.94918
2.8181
2.68703
2.55595
2.42488
2.29381
2.16273
2.03166
1.90059
1.76951
1.63844
1.50736
1.37629
1.24521
1.11413
0.983057
0.851981
0.720905
0.589829
0.458758
0.327674
0.19664
0.0654549
9.60335
9.70436
9.82861
9.97858
10.1343
10.2874
10.4293
10.5552
10.6616
10.7469
10.8103
10.852
10.8729
10.8739
10.8565
10.8222
10.7726
10.7093
10.6339
10.5479
10.4526
10.3494
10.2393
10.1235
10.0029
9.87827
9.75039
9.61988
9.48729
9.35308
9.21765
9.08134
8.94441
8.8071
8.66961
8.53207
8.39461
8.25732
8.12027
7.98351
7.84708
7.711
7.57527
7.43991
7.3049
7.17024
7.03591
6.9019
6.76819
6.63475
6.50158
6.36864
6.23592
6.1034
5.97106
5.83888
5.70685
5.57495
5.44316
5.31148
5.17988
5.04836
4.91692
4.78553
4.6542
4.5229
4.39165
4.26043
4.12924
3.99807
3.86692
3.73579
3.60467
3.47356
3.34246
3.21137
3.08028
2.9492
2.81812
2.68704
2.55597
2.42489
2.29382
2.16275
2.03167
1.9006
1.76952
1.63845
1.50737
1.37629
1.24522
1.11414
0.983063
0.851986
0.720911
0.589834
0.458763
0.327678
0.196644
0.0654558
9.49248
9.61554
9.75909
9.92689
10.0966
10.2601
10.4091
10.5394
10.6482
10.7345
10.7982
10.8396
10.8599
10.8605
10.8426
10.8081
10.7584
10.6953
10.6202
10.5346
10.4398
10.3372
10.2279
10.1128
9.99299
9.86916
9.74206
9.61232
9.48046
9.34694
9.21217
9.07646
8.9401
8.80331
8.66629
8.52918
8.3921
8.25516
8.11842
7.98194
7.84575
7.70988
7.57434
7.43914
7.30427
7.16973
7.03551
6.90158
6.76794
6.63457
6.50145
6.36855
6.23587
6.10337
5.97106
5.8389
5.70688
5.57498
5.4432
5.31152
5.17993
5.04842
4.91697
4.78558
4.65425
4.52295
4.3917
4.26048
4.12928
3.99811
3.86696
3.73583
3.6047
3.47359
3.34249
3.2114
3.08031
2.94922
2.81814
2.68706
2.55598
2.42491
2.29383
2.16276
2.03168
1.90061
1.76953
1.63845
1.50738
1.3763
1.24522
1.11415
0.983069
0.851992
0.720916
0.589839
0.458767
0.327682
0.196648
0.0654572
9.3705
9.51948
9.68559
9.87417
10.0599
10.2354
10.3923
10.5275
10.639
10.7263
10.79
10.831
10.8505
10.8503
10.8317
10.7966
10.7466
10.6833
10.6082
10.5228
10.4284
10.3262
10.2174
10.103
9.98375
9.86059
9.73416
9.60508
9.47387
9.34098
9.2068
9.07166
8.93582
8.79952
8.66295
8.52625
8.38955
8.25295
8.11651
7.9803
7.84435
7.70869
7.57334
7.4383
7.30358
7.16916
7.03504
6.90121
6.76765
6.63434
6.50127
6.36842
6.23578
6.10331
5.97102
5.83888
5.70688
5.575
5.44323
5.31156
5.17997
5.04846
4.91701
4.78563
4.65429
4.523
4.39174
4.26052
4.12932
3.99815
3.86699
3.73586
3.60473
3.47362
3.34252
3.21142
3.08033
2.94924
2.81816
2.68708
2.556
2.42492
2.29384
2.16277
2.03169
1.90062
1.76954
1.63846
1.50738
1.37631
1.24523
1.11415
0.983075
0.851998
0.720921
0.589844
0.458772
0.327685
0.196651
0.0654591
9.23632
9.41607
9.60855
9.82115
10.0252
10.2139
10.3795
10.5199
10.634
10.7223
10.7859
10.8261
10.8446
10.8432
10.8237
10.7877
10.7371
10.6733
10.598
10.5125
10.4182
10.3163
10.2079
10.0939
9.97515
9.85253
9.72667
9.59817
9.46753
9.33521
9.20157
9.06694
8.93159
8.79575
8.6596
8.5233
8.38696
8.25068
8.11454
7.97859
7.84288
7.70743
7.57227
7.4374
7.30282
7.16852
7.03452
6.90078
6.7673
6.63406
6.50105
6.36825
6.23565
6.10322
5.97096
5.83884
5.70686
5.57499
5.44324
5.31157
5.17999
5.04849
4.91705
4.78566
4.65433
4.52303
4.39178
4.26055
4.12936
3.99818
3.86703
3.73589
3.60476
3.47365
3.34254
3.21144
3.08035
2.94926
2.81818
2.68709
2.55601
2.42493
2.29386
2.16278
2.0317
1.90062
1.76955
1.63847
1.50739
1.37631
1.24524
1.11416
0.983081
0.852003
0.720926
0.589848
0.458776
0.327689
0.196654
0.0654613
9.08851
9.30518
9.52854
9.76878
9.99319
10.1964
10.3713
10.5171
10.6338
10.7228
10.7859
10.825
10.8422
10.8394
10.8185
10.7814
10.7298
10.6653
10.5895
10.5037
10.4094
10.3075
10.1992
10.0855
9.96718
9.84498
9.71959
9.59158
9.46144
9.32961
9.19646
9.06231
8.92741
8.792
8.65625
8.52032
8.38432
8.24836
8.11251
7.97682
7.84135
7.70611
7.57113
7.43643
7.30199
7.16783
7.03393
6.9003
6.7669
6.63374
6.50079
6.36805
6.23549
6.1031
5.97087
5.83878
5.70682
5.57497
5.44322
5.31157
5.18
5.0485
4.91707
4.78569
4.65435
4.52306
4.39181
4.26058
4.12939
3.99821
3.86705
3.73591
3.60479
3.47367
3.34256
3.21146
3.08037
2.94928
2.81819
2.68711
2.55603
2.42495
2.29387
2.16279
2.03171
1.90063
1.76956
1.63848
1.5074
1.37632
1.24524
1.11417
0.983087
0.852009
0.720931
0.589853
0.45878
0.327692
0.196656
0.065464
8.9253
9.18675
9.44633
9.7182
9.96514
10.1839
10.3684
10.5195
10.6385
10.7279
10.7901
10.8278
10.8432
10.8386
10.816
10.7774
10.7246
10.6591
10.5826
10.4964
10.4017
10.2997
10.1915
10.0779
9.9598
9.83793
9.7129
9.58529
9.45558
9.32419
9.19148
9.05776
8.92328
8.78827
8.6529
8.51732
8.38166
8.246
8.11043
7.975
7.83975
7.70473
7.56994
7.4354
7.30111
7.16708
7.0333
6.89976
6.76646
6.63337
6.50049
6.3678
6.23529
6.10295
5.97075
5.83869
5.70675
5.57492
5.4432
5.31156
5.18
5.04851
4.91708
4.7857
4.65437
4.52309
4.39183
4.26061
4.12941
3.99824
3.86708
3.73594
3.60481
3.47369
3.34258
3.21148
3.08039
2.9493
2.81821
2.68712
2.55604
2.42496
2.29388
2.1628
2.03172
1.90064
1.76957
1.63849
1.50741
1.37633
1.24525
1.11417
0.983093
0.852014
0.720936
0.589857
0.458783
0.327695
0.196658
0.0654672
8.74452
9.06087
9.36299
9.67089
9.9424
10.1776
10.3716
10.5277
10.6485
10.7377
10.7987
10.8344
10.8476
10.8408
10.8163
10.7759
10.7215
10.6548
10.5773
10.4904
10.3952
10.2929
10.1845
10.071
9.95301
9.83134
9.7066
9.57931
9.44996
9.31895
9.18663
9.05329
8.9192
8.78456
8.64955
8.51431
8.37896
8.2436
8.1083
7.97312
7.8381
7.70328
7.56868
7.43431
7.30018
7.16628
7.03262
6.89918
6.76597
6.63296
6.50015
6.36752
6.23507
6.10276
5.9706
5.83858
5.70667
5.57486
5.44315
5.31153
5.17998
5.0485
4.91708
4.78571
4.65439
4.5231
4.39185
4.26063
4.12943
3.99826
3.8671
3.73596
3.60483
3.47371
3.3426
3.2115
3.08041
2.94931
2.81823
2.68714
2.55606
2.42497
2.29389
2.16281
2.03173
1.90065
1.76958
1.6385
1.50742
1.37634
1.24526
1.11418
0.983098
0.852019
0.720941
0.589861
0.458787
0.327698
0.196659
0.0654707
8.5436
8.9279
9.28002
9.6287
9.92656
10.1786
10.3819
10.5423
10.6643
10.7527
10.8117
10.8449
10.8555
10.8461
10.8191
10.7766
10.7204
10.6522
10.5735
10.4857
10.3898
10.2871
10.1784
10.0647
9.94677
9.82521
9.70065
9.57362
9.44456
9.31388
9.1819
9.04891
8.91517
8.78087
8.6462
8.51128
8.37623
8.24115
8.10612
7.97119
7.8364
7.70179
7.56737
7.43317
7.29919
7.16543
7.03189
6.89856
6.76544
6.63252
6.49978
6.36721
6.23481
6.10255
5.97044
5.83844
5.70656
5.57478
5.44309
5.31149
5.17995
5.04849
4.91707
4.78571
4.65439
4.52311
4.39187
4.26065
4.12945
3.99828
3.86712
3.73598
3.60485
3.47373
3.34262
3.21152
3.08042
2.94933
2.81824
2.68715
2.55607
2.42499
2.29391
2.16282
2.03174
1.90066
1.76958
1.6385
1.50742
1.37634
1.24526
1.11418
0.983104
0.852024
0.720945
0.589865
0.45879
0.327701
0.19666
0.0654747
8.31962
8.78877
9.19952
9.59398
9.91957
10.1884
10.4002
10.564
10.6861
10.7728
10.8291
10.8593
10.8667
10.8543
10.8245
10.7796
10.7213
10.6514
10.5712
10.4822
10.3855
10.2821
10.1731
10.0591
9.94107
9.81952
9.69506
9.56821
9.43938
9.30897
9.17728
9.04461
8.91119
8.77721
8.64285
8.50823
8.37348
8.23868
8.1039
7.96921
7.83465
7.70024
7.56601
7.43198
7.29815
7.16453
7.03111
6.89789
6.76487
6.63203
6.49937
6.36687
6.23452
6.10232
5.97024
5.83829
5.70644
5.57468
5.44302
5.31143
5.17992
5.04846
4.91706
4.78571
4.65439
4.52312
4.39188
4.26066
4.12947
3.9983
3.86714
3.736
3.60487
3.47375
3.34264
3.21154
3.08044
2.94935
2.81826
2.68717
2.55608
2.425
2.29392
2.16284
2.03176
1.90067
1.76959
1.63851
1.50743
1.37635
1.24527
1.11419
0.98311
0.852029
0.72095
0.589869
0.458793
0.327704
0.196661
0.065479
8.06932
8.64522
9.1244
9.56971
9.92368
10.2085
10.4274
10.5932
10.7143
10.7983
10.8511
10.8775
10.8812
10.8653
10.8324
10.7847
10.724
10.6521
10.5703
10.4799
10.3822
10.2781
10.1684
10.0541
9.93586
9.81424
9.68981
9.56306
9.43441
9.30421
9.17279
9.04039
8.90726
8.77358
8.63951
8.50518
8.37071
8.23617
8.10165
7.96719
7.83285
7.69864
7.5646
7.43074
7.29706
7.16358
7.03029
6.89718
6.76426
6.63151
6.49893
6.3665
6.23421
6.10206
5.97003
5.83811
5.7063
5.57457
5.44293
5.31136
5.17986
5.04842
4.91703
4.78569
4.65439
4.52312
4.39188
4.26067
4.12948
3.99831
3.86716
3.73602
3.60489
3.47377
3.34266
3.21156
3.08046
2.94936
2.81827
2.68718
2.5561
2.42501
2.29393
2.16285
2.03177
1.90068
1.7696
1.63852
1.50744
1.37636
1.24528
1.1142
0.983116
0.852035
0.720954
0.589873
0.458796
0.327707
0.196661
0.0654837
7.78893
8.5004
9.05873
9.55962
9.94153
10.2408
10.4647
10.6307
10.7492
10.8293
10.8777
10.8996
10.899
10.8791
10.8427
10.7918
10.7285
10.6543
10.5706
10.4788
10.3799
10.2748
10.1645
10.0497
9.93114
9.80935
9.68487
9.55817
9.42963
9.29961
9.1684
9.03625
8.90338
8.76997
8.63617
8.50212
8.36791
8.23364
8.09936
7.96513
7.83101
7.697
7.56315
7.42945
7.29594
7.16259
7.02943
6.89644
6.76362
6.63096
6.49846
6.3661
6.23387
6.10178
5.96979
5.83792
5.70614
5.57444
5.44283
5.31129
5.1798
5.04838
4.917
4.78567
4.65438
4.52311
4.39188
4.26067
4.12949
3.99832
3.86717
3.73603
3.6049
3.47379
3.34268
3.21157
3.08047
2.94938
2.81829
2.6872
2.55611
2.42503
2.29394
2.16286
2.03178
1.90069
1.76961
1.63853
1.50745
1.37637
1.24528
1.1142
0.983121
0.85204
0.720958
0.589877
0.458799
0.327709
0.196661
0.0654887
7.47397
8.35967
9.0081
9.56836
9.97615
10.2869
10.5131
10.677
10.7911
10.866
10.9089
10.9255
10.9199
10.8956
10.8552
10.8009
10.7347
10.658
10.5723
10.4787
10.3784
10.2723
10.1612
10.0458
9.92686
9.80483
9.68023
9.55351
9.42504
9.29515
9.16411
9.03218
8.89954
8.76638
8.63285
8.49905
8.3651
8.23107
8.09704
7.96304
7.82912
7.69532
7.56165
7.42813
7.29477
7.16157
7.02853
6.89566
6.76294
6.63038
6.49796
6.36567
6.23351
6.10147
5.96954
5.8377
5.70596
5.5743
5.44271
5.31119
5.17973
5.04832
4.91696
4.78564
4.65436
4.5231
4.39188
4.26068
4.12949
3.99833
3.86718
3.73604
3.60492
3.4738
3.34269
3.21159
3.08049
2.94939
2.8183
2.68721
2.55612
2.42504
2.29395
2.16287
2.03179
1.9007
1.76962
1.63854
1.50746
1.37637
1.24529
1.11421
0.983127
0.852044
0.720963
0.58988
0.458801
0.327712
0.19666
0.065494
7.12077
8.23252
8.98022
9.60164
10.0309
10.3488
10.5735
10.7324
10.8401
10.9083
10.9446
10.9551
10.944
10.9147
10.87
10.8119
10.7424
10.663
10.575
10.4796
10.3778
10.2705
10.1585
10.0425
9.92301
9.80065
9.67587
9.54908
9.42062
9.29082
9.15993
9.02817
8.89575
8.76282
8.62953
8.49598
8.36227
8.22849
8.09468
7.96091
7.8272
7.6936
7.56011
7.42676
7.29356
7.1605
7.0276
6.89484
6.76223
6.62976
6.49743
6.36522
6.23313
6.10114
5.96926
5.83748
5.70577
5.57415
5.44259
5.31109
5.17965
5.04826
4.91692
4.78561
4.65433
4.52309
4.39187
4.26068
4.1295
3.99834
3.86719
3.73606
3.60493
3.47381
3.34271
3.2116
3.0805
2.94941
2.81832
2.68723
2.55614
2.42505
2.29397
2.16288
2.0318
1.90071
1.76963
1.63855
1.50746
1.37638
1.2453
1.11422
0.983132
0.852049
0.720967
0.589884
0.458804
0.327714
0.196659
0.0654995
6.73021
8.13513
8.98539
9.66622
10.1095
10.4282
10.6468
10.7974
10.8964
10.9561
10.9848
10.9882
10.971
10.9362
10.8868
10.8246
10.7517
10.6693
10.5789
10.4815
10.378
10.2694
10.1564
10.0396
9.91954
9.79679
9.67177
9.54485
9.41637
9.28661
9.15583
9.02423
8.892
8.75928
8.62621
8.4929
8.35943
8.22588
8.0923
7.95875
7.82525
7.69184
7.55854
7.42536
7.29232
7.15941
7.02663
6.894
6.7615
6.62912
6.49688
6.36474
6.23272
6.1008
5.96897
5.83723
5.70557
5.57398
5.44245
5.31098
5.17956
5.04819
4.91686
4.78557
4.65431
4.52307
4.39186
4.26067
4.1295
3.99834
3.8672
3.73607
3.60494
3.47383
3.34272
3.21162
3.08052
2.94942
2.81833
2.68724
2.55615
2.42506
2.29398
2.16289
2.03181
1.90072
1.76964
1.63856
1.50747
1.37639
1.2453
1.11422
0.983138
0.852054
0.720971
0.589887
0.458807
0.327717
0.196658
0.0655053
6.2785
8.08919
9.03694
9.76978
10.2155
10.5266
10.7334
10.872
10.9598
11.0095
11.0292
11.0248
11.0007
10.9601
10.9055
10.839
10.7623
10.6768
10.5838
10.4842
10.379
10.269
10.1548
10.0371
9.91644
9.79323
9.66791
9.54082
9.41227
9.28252
9.15182
9.02035
8.88829
8.75576
8.62291
8.48982
8.35658
8.22325
8.0899
7.95656
7.82327
7.69005
7.55694
7.42393
7.29104
7.15828
7.02564
6.89312
6.76073
6.62846
6.4963
6.36425
6.23229
6.10044
5.96866
5.83697
5.70535
5.5738
5.4423
5.31086
5.17947
5.04812
4.9168
4.78552
4.65427
4.52305
4.39185
4.26066
4.1295
3.99834
3.8672
3.73607
3.60495
3.47384
3.34273
3.21163
3.08053
2.94944
2.81834
2.68725
2.55616
2.42508
2.29399
2.1629
2.03182
1.90073
1.76965
1.63856
1.50748
1.3764
1.24531
1.11423
0.983143
0.852059
0.720975
0.589891
0.458809
0.327719
0.196657
0.0655112
5.5693
8.11968
9.15517
9.92114
10.3525
10.6451
10.8335
10.9561
11.0302
11.0681
11.0777
11.0647
11.0331
10.9861
10.926
10.8548
10.7742
10.6854
10.5895
10.4877
10.3806
10.269
10.1537
10.035
9.91366
9.78994
9.66427
9.53696
9.4083
9.27854
9.14789
9.01653
8.88461
8.75227
8.61961
8.48673
8.35371
8.2206
8.08747
7.95434
7.82125
7.68823
7.5553
7.42246
7.28974
7.15712
7.02461
6.89222
6.75994
6.62777
6.4957
6.36373
6.23185
6.10006
5.96834
5.8367
5.70512
5.57361
5.44214
5.31073
5.17936
5.04803
4.91674
4.78547
4.65424
4.52302
4.39183
4.26065
4.12949
3.99834
3.86721
3.73608
3.60496
3.47385
3.34274
3.21164
3.08054
2.94945
2.81836
2.68727
2.55618
2.42509
2.294
2.16292
2.03183
1.90074
1.76966
1.63857
1.50749
1.3764
1.24532
1.11423
0.983149
0.852064
0.720979
0.589894
0.458811
0.327722
0.196655
0.0655174
4.25741
8.3144
9.38137
10.1311
10.5232
10.784
10.9469
11.0493
11.107
11.1315
11.1299
11.1075
11.0679
11.014
10.9481
10.8721
10.7872
10.6949
10.5961
10.4918
10.3828
10.2696
10.153
10.0333
9.91118
9.7869
9.66083
9.53326
9.40446
9.27465
9.14403
9.01275
8.88097
8.74879
8.61632
8.48364
8.35083
8.21794
8.08502
7.9521
7.81921
7.68639
7.55364
7.42097
7.2884
7.15593
7.02356
6.8913
6.75913
6.62706
6.49508
6.3632
6.23139
6.09966
5.968
5.83641
5.70488
5.57341
5.44198
5.3106
5.17925
5.04794
4.91667
4.78542
4.6542
4.52299
4.39181
4.26064
4.12949
3.99834
3.86721
3.73609
3.60497
3.47386
3.34276
3.21165
3.08056
2.94946
2.81837
2.68728
2.55619
2.4251
2.29401
2.16293
2.03184
1.90075
1.76967
1.63858
1.5075
1.37641
1.24533
1.11424
0.983154
0.852069
0.720983
0.589898
0.458814
0.327724
0.196654
0.0655236
3.75504
8.9823
9.78143
10.4093
10.7282
10.942
11.0724
11.1508
11.1898
11.1994
11.1855
11.1529
11.1048
11.0437
10.9718
10.8905
10.8013
10.7053
10.6035
10.4967
10.3855
10.2706
10.1526
10.0319
9.90896
9.78407
9.65756
9.5297
9.40073
9.27085
9.14023
9.00902
8.87735
8.74532
8.61303
8.48055
8.34794
8.21526
8.08255
7.94984
7.81715
7.68452
7.55195
7.41945
7.28705
7.15472
7.02249
6.89035
6.7583
6.62633
6.49445
6.36265
6.23092
6.09925
5.96766
5.83612
5.70463
5.5732
5.4418
5.31045
5.17914
5.04785
4.91659
4.78536
4.65415
4.52296
4.39179
4.26063
4.12948
3.99834
3.86721
3.73609
3.60498
3.47387
3.34277
3.21167
3.08057
2.94948
2.81838
2.68729
2.5562
2.42511
2.29403
2.16294
2.03185
1.90076
1.76968
1.63859
1.5075
1.37642
1.24533
1.11425
0.98316
0.852073
0.720987
0.589901
0.458816
0.327726
0.196652
0.0655301
)
;

boundaryField
{
    inlet
    {
        type            zeroGradient;
    }
    outlet
    {
        type            fixedValue;
        value           uniform 0;
    }
    frontAndBack
    {
        type            empty;
    }
    walls
    {
        type            zeroGradient;
    }
}

