/*--------------------------------*- C++ -*----------------------------------*\
  =========                 |
  \\      /  F ield         | OpenFOAM: The Open Source CFD Toolbox
   \\    /   O peration     | Website:  https://openfoam.org
    \\  /    A nd           | Version:  6
     \\/     M anipulation  |
\*---------------------------------------------------------------------------*/
FoamFile
{
    version     2.0;
    format      ascii;
    class       volScalarField;
    location    "0";
    object      T;
}
// * * * * * * * * * * * * * * * * * * * * * * * * * * * * * * * * * * * * * //

dimensions      [0 0 0 1 0 0 0];

internalField   nonuniform List<scalar> 
10000
(
298.718
298.754
298.789
298.822
298.853
298.883
298.91
298.935
298.959
298.981
299.002
299.021
299.039
299.056
299.071
299.086
299.1
299.112
299.125
299.136
299.147
299.157
299.167
299.176
299.185
299.193
299.201
299.208
299.215
299.221
299.227
299.233
299.238
299.242
299.247
299.251
299.254
299.258
299.261
299.263
299.266
299.268
299.27
299.271
299.273
299.274
299.275
299.277
299.278
299.279
299.28
299.281
299.282
299.283
299.284
299.285
299.286
299.287
299.288
299.29
299.291
299.292
299.293
299.295
299.296
299.298
299.299
299.301
299.302
299.304
299.306
299.308
299.31
299.312
299.315
299.318
299.321
299.324
299.328
299.333
299.339
299.345
299.353
299.362
299.373
299.388
299.405
299.428
299.456
299.493
299.541
299.604
299.686
299.793
299.933
300.114
300.341
300.62
300.947
301.311
298.719
298.755
298.791
298.825
298.857
298.886
298.914
298.94
298.964
298.986
299.007
299.026
299.044
299.06
299.076
299.09
299.104
299.116
299.128
299.139
299.15
299.16
299.169
299.178
299.187
299.195
299.203
299.21
299.216
299.223
299.229
299.234
299.239
299.244
299.248
299.252
299.256
299.259
299.262
299.264
299.267
299.269
299.271
299.272
299.274
299.275
299.276
299.278
299.279
299.28
299.281
299.282
299.283
299.284
299.285
299.286
299.287
299.288
299.289
299.29
299.291
299.293
299.294
299.295
299.297
299.298
299.3
299.301
299.303
299.304
299.306
299.308
299.31
299.313
299.315
299.318
299.321
299.324
299.328
299.333
299.338
299.344
299.352
299.361
299.372
299.385
299.402
299.423
299.451
299.486
299.532
299.592
299.671
299.775
299.912
300.091
300.318
300.6
300.934
301.306
298.72
298.758
298.796
298.831
298.864
298.896
298.925
298.952
298.976
298.999
299.02
299.04
299.057
299.074
299.089
299.103
299.116
299.128
299.139
299.149
299.159
299.169
299.178
299.186
299.194
299.202
299.209
299.216
299.222
299.228
299.234
299.239
299.244
299.248
299.252
299.256
299.259
299.262
299.265
299.268
299.27
299.272
299.274
299.275
299.277
299.278
299.279
299.28
299.281
299.282
299.283
299.284
299.284
299.285
299.286
299.287
299.288
299.289
299.29
299.291
299.293
299.294
299.295
299.296
299.298
299.299
299.3
299.302
299.304
299.305
299.307
299.309
299.311
299.313
299.316
299.318
299.321
299.325
299.328
299.333
299.338
299.344
299.351
299.359
299.369
299.382
299.398
299.418
299.444
299.477
299.52
299.578
299.654
299.755
299.89
300.067
300.296
300.582
300.922
301.302
298.721
298.763
298.803
298.841
298.878
298.911
298.943
298.971
298.998
299.022
299.044
299.064
299.082
299.098
299.113
299.126
299.138
299.149
299.16
299.169
299.178
299.186
299.194
299.201
299.208
299.215
299.221
299.227
299.233
299.238
299.243
299.247
299.252
299.256
299.259
299.263
299.266
299.269
299.271
299.273
299.275
299.277
299.278
299.28
299.281
299.282
299.283
299.284
299.285
299.285
299.286
299.287
299.287
299.288
299.289
299.29
299.291
299.291
299.292
299.293
299.294
299.296
299.297
299.298
299.299
299.301
299.302
299.303
299.305
299.307
299.308
299.31
299.312
299.314
299.317
299.319
299.322
299.325
299.329
299.333
299.338
299.343
299.35
299.358
299.367
299.379
299.394
299.413
299.437
299.468
299.51
299.565
299.639
299.739
299.873
300.05
300.281
300.571
300.916
301.3
298.723
298.769
298.813
298.855
298.895
298.932
298.967
298.999
299.028
299.054
299.077
299.098
299.117
299.133
299.148
299.16
299.172
299.182
299.19
299.198
299.206
299.212
299.219
299.224
299.23
299.235
299.24
299.245
299.249
299.253
299.257
299.261
299.264
299.267
299.27
299.273
299.275
299.278
299.28
299.281
299.283
299.284
299.285
299.286
299.287
299.288
299.289
299.289
299.29
299.29
299.291
299.291
299.292
299.292
299.293
299.293
299.294
299.295
299.295
299.296
299.297
299.298
299.299
299.3
299.302
299.303
299.304
299.306
299.307
299.309
299.31
299.312
299.314
299.316
299.318
299.321
299.323
299.326
299.33
299.334
299.338
299.343
299.349
299.357
299.366
299.377
299.391
299.409
299.432
299.462
299.503
299.557
299.63
299.729
299.864
300.043
300.276
300.568
300.915
301.3
298.725
298.776
298.825
298.872
298.916
298.958
298.996
299.032
299.064
299.092
299.118
299.14
299.16
299.177
299.191
299.204
299.214
299.223
299.23
299.237
299.242
299.247
299.252
299.256
299.259
299.263
299.266
299.269
299.272
299.274
299.277
299.279
299.281
299.283
299.285
299.287
299.289
299.29
299.291
299.292
299.293
299.294
299.295
299.295
299.295
299.296
299.296
299.296
299.296
299.297
299.297
299.297
299.297
299.297
299.298
299.298
299.298
299.299
299.3
299.3
299.301
299.302
299.303
299.304
299.305
299.306
299.307
299.308
299.31
299.311
299.313
299.314
299.316
299.318
299.32
299.323
299.325
299.328
299.331
299.335
299.339
299.344
299.35
299.357
299.365
299.376
299.389
299.406
299.429
299.459
299.499
299.553
299.626
299.726
299.861
300.042
300.277
300.571
300.918
301.302
298.728
298.784
298.838
298.891
298.94
298.987
299.029
299.068
299.104
299.135
299.163
299.187
299.208
299.226
299.241
299.253
299.263
299.271
299.278
299.283
299.286
299.289
299.292
299.294
299.295
299.297
299.298
299.299
299.3
299.301
299.302
299.302
299.303
299.304
299.304
299.305
299.305
299.306
299.306
299.306
299.306
299.306
299.306
299.306
299.306
299.306
299.305
299.305
299.305
299.305
299.304
299.304
299.304
299.304
299.304
299.304
299.304
299.304
299.305
299.305
299.306
299.306
299.307
299.308
299.309
299.31
299.311
299.312
299.313
299.315
299.316
299.318
299.319
299.321
299.323
299.325
299.328
299.331
299.334
299.337
299.341
299.346
299.351
299.358
299.366
299.376
299.389
299.406
299.428
299.457
299.497
299.552
299.626
299.727
299.864
300.047
300.284
300.579
300.925
301.304
298.731
298.792
298.853
298.91
298.965
299.017
299.064
299.107
299.146
299.181
299.211
299.237
299.26
299.279
299.294
299.307
299.317
299.324
299.33
299.333
299.336
299.337
299.337
299.337
299.337
299.336
299.335
299.334
299.333
299.332
299.331
299.33
299.329
299.328
299.327
299.326
299.325
299.324
299.323
299.323
299.322
299.321
299.32
299.319
299.318
299.317
299.317
299.316
299.315
299.314
299.313
299.313
299.312
299.312
299.311
299.311
299.311
299.311
299.311
299.311
299.311
299.312
299.312
299.313
299.313
299.314
299.315
299.316
299.317
299.319
299.32
299.322
299.323
299.325
299.327
299.329
299.331
299.334
299.337
299.34
299.344
299.348
299.353
299.36
299.367
299.377
299.39
299.407
299.429
299.458
299.499
299.554
299.629
299.733
299.872
300.057
300.295
300.589
300.933
301.308
298.734
298.801
298.867
298.931
298.991
299.047
299.099
299.146
299.189
299.227
299.26
299.288
299.312
299.332
299.349
299.362
299.372
299.379
299.384
299.387
299.388
299.388
299.386
299.385
299.382
299.379
299.377
299.373
299.37
299.367
299.364
299.361
299.358
299.356
299.353
299.351
299.348
299.346
299.344
299.342
299.34
299.338
299.336
299.334
299.333
299.331
299.329
299.328
299.327
299.325
299.324
299.323
299.322
299.321
299.32
299.319
299.319
299.318
299.318
299.318
299.318
299.318
299.318
299.319
299.319
299.32
299.321
299.321
299.322
299.324
299.325
299.326
299.328
299.329
299.331
299.333
299.335
299.338
299.341
299.344
299.347
299.351
299.356
299.363
299.37
299.38
299.392
299.409
299.431
299.461
299.502
299.558
299.635
299.74
299.882
300.069
300.308
300.602
300.942
301.311
298.737
298.81
298.882
298.951
299.016
299.077
299.134
299.185
299.231
299.272
299.308
299.339
299.364
299.386
299.403
299.417
299.427
299.434
299.438
299.441
299.441
299.439
299.437
299.433
299.429
299.425
299.42
299.415
299.41
299.405
299.4
299.395
299.39
299.386
299.382
299.378
299.374
299.37
299.367
299.363
299.36
299.357
299.354
299.352
299.349
299.346
299.344
299.342
299.34
299.338
299.336
299.334
299.333
299.331
299.33
299.329
299.328
299.327
299.326
299.326
299.325
299.325
299.325
299.325
299.326
299.326
299.327
299.327
299.328
299.329
299.33
299.332
299.333
299.335
299.336
299.338
299.34
299.343
299.345
299.348
299.352
299.356
299.36
299.366
299.374
299.383
299.396
299.412
299.434
299.465
299.507
299.564
299.643
299.75
299.894
300.082
300.322
300.615
300.951
301.315
298.74
298.819
298.896
298.97
299.041
299.107
299.168
299.223
299.273
299.317
299.355
299.388
299.415
299.438
299.456
299.47
299.48
299.487
299.492
299.493
299.493
299.491
299.487
299.482
299.477
299.47
299.464
299.457
299.45
299.444
299.437
299.43
299.424
299.418
299.412
299.406
299.401
299.396
299.391
299.386
299.382
299.378
299.374
299.37
299.367
299.363
299.36
299.357
299.354
299.352
299.349
299.347
299.345
299.343
299.341
299.339
299.338
299.337
299.336
299.335
299.334
299.334
299.333
299.333
299.333
299.333
299.334
299.334
299.335
299.336
299.337
299.338
299.339
299.341
299.342
299.344
299.346
299.348
299.351
299.354
299.357
299.361
299.365
299.371
299.378
299.388
299.4
299.417
299.439
299.47
299.513
299.572
299.652
299.761
299.907
300.097
300.337
300.628
300.961
301.318
298.742
298.827
298.91
298.99
299.065
299.136
299.201
299.26
299.313
299.36
299.4
299.435
299.464
299.488
299.506
299.521
299.531
299.538
299.542
299.544
299.543
299.54
299.535
299.529
299.523
299.515
299.507
299.499
299.491
299.482
299.474
299.466
299.458
299.45
299.443
299.436
299.429
299.423
299.417
299.411
299.405
299.4
299.395
299.39
299.386
299.381
299.377
299.374
299.37
299.367
299.364
299.361
299.358
299.355
299.353
299.351
299.349
299.347
299.346
299.345
299.344
299.343
299.342
299.342
299.342
299.342
299.342
299.342
299.343
299.343
299.344
299.345
299.346
299.348
299.349
299.351
299.353
299.355
299.357
299.36
299.363
299.367
299.371
299.377
299.384
299.393
299.405
299.422
299.445
299.476
299.52
299.58
299.662
299.773
299.921
300.112
300.353
300.642
300.97
301.321
298.745
298.835
298.924
299.008
299.089
299.164
299.233
299.296
299.352
299.401
299.444
299.48
299.51
299.535
299.554
299.569
299.58
299.586
299.59
299.591
299.59
299.586
299.581
299.574
299.566
299.558
299.549
299.539
299.53
299.52
299.51
299.501
299.492
299.483
299.474
299.466
299.458
299.45
299.443
299.436
299.429
299.423
299.417
299.411
299.406
299.4
299.396
299.391
299.387
299.383
299.379
299.375
299.372
299.369
299.366
299.363
299.361
299.359
299.357
299.356
299.354
299.353
299.352
299.351
299.351
299.351
299.351
299.351
299.351
299.351
299.352
299.353
299.354
299.355
299.357
299.358
299.36
299.362
299.364
299.367
299.37
299.373
299.377
299.383
299.39
299.399
299.411
299.428
299.451
299.483
299.528
299.589
299.673
299.785
299.935
300.127
300.368
300.655
300.979
301.325
298.748
298.843
298.937
299.027
299.112
299.191
299.264
299.331
299.389
299.441
299.485
299.523
299.554
299.579
299.599
299.614
299.624
299.631
299.634
299.635
299.633
299.628
299.622
299.615
299.607
299.597
299.587
299.577
299.566
299.555
299.545
299.534
299.524
299.514
299.504
299.495
299.486
299.477
299.468
299.46
299.453
299.445
299.439
299.432
299.426
299.42
299.414
299.409
299.404
299.399
299.395
299.39
299.386
299.383
299.38
299.377
299.374
299.371
299.369
299.367
299.365
299.364
299.363
299.362
299.361
299.36
299.36
299.36
299.36
299.36
299.361
299.362
299.363
299.364
299.365
299.366
299.368
299.37
299.372
299.374
299.377
299.38
299.385
299.39
299.396
299.405
299.418
299.435
299.458
299.491
299.536
299.598
299.684
299.798
299.949
300.142
300.383
300.667
300.988
301.328
298.751
298.851
298.949
299.044
299.134
299.218
299.294
299.364
299.425
299.479
299.525
299.564
299.595
299.621
299.641
299.655
299.665
299.671
299.674
299.674
299.672
299.667
299.66
299.652
299.643
299.633
299.622
299.611
299.6
299.588
299.577
299.565
299.554
299.543
299.533
299.522
299.512
299.503
299.493
299.485
299.476
299.468
299.46
299.453
299.446
299.439
299.433
299.427
299.421
299.416
299.411
299.406
299.402
299.397
299.394
299.39
299.387
299.384
299.381
299.379
299.377
299.375
299.374
299.373
299.372
299.371
299.37
299.37
299.37
299.37
299.37
299.371
299.372
299.373
299.374
299.375
299.377
299.378
299.38
299.383
299.385
299.388
299.392
299.397
299.404
299.413
299.425
299.442
299.465
299.499
299.545
299.608
299.695
299.811
299.963
300.157
300.397
300.68
300.996
301.33
298.753
298.859
298.962
299.061
299.155
299.243
299.323
299.396
299.46
299.515
299.562
299.602
299.634
299.66
299.679
299.693
299.703
299.708
299.71
299.709
299.706
299.701
299.694
299.685
299.675
299.665
299.653
299.642
299.63
299.618
299.606
299.594
299.582
299.571
299.559
299.548
299.538
299.527
299.517
299.508
299.498
299.49
299.481
299.473
299.465
299.458
299.451
299.445
299.438
299.432
299.427
299.422
299.417
299.412
299.408
299.404
299.401
299.397
299.394
299.392
299.389
299.387
299.385
299.384
299.383
299.382
299.381
299.381
299.38
299.38
299.381
299.381
299.382
299.382
299.383
299.385
299.386
299.387
299.389
299.391
299.394
299.397
299.401
299.406
299.412
299.421
299.433
299.45
299.474
299.507
299.554
299.618
299.706
299.823
299.977
300.172
300.411
300.691
301.003
301.333
298.755
298.866
298.974
299.078
299.176
299.267
299.351
299.426
299.492
299.549
299.598
299.638
299.67
299.695
299.714
299.728
299.736
299.741
299.742
299.74
299.736
299.73
299.723
299.714
299.703
299.692
299.681
299.669
299.656
299.644
299.632
299.619
299.607
299.595
299.583
299.572
299.561
299.55
299.539
299.529
299.52
299.51
299.501
299.493
299.484
299.477
299.469
299.462
299.455
299.449
299.443
299.437
299.432
299.427
299.422
299.418
299.414
299.411
299.407
299.405
299.402
299.4
299.398
299.396
299.394
299.393
299.392
299.392
299.391
299.391
299.391
299.392
299.392
299.393
299.394
299.395
299.396
299.397
299.399
299.401
299.403
299.406
299.41
299.414
299.421
299.429
299.441
299.458
299.482
299.516
299.564
299.629
299.718
299.836
299.99
300.186
300.424
300.702
301.011
301.336
298.758
298.873
298.985
299.093
299.196
299.291
299.378
299.455
299.523
299.582
299.631
299.671
299.703
299.728
299.746
299.758
299.766
299.77
299.77
299.767
299.763
299.756
299.747
299.738
299.727
299.716
299.704
299.692
299.679
299.667
299.654
299.641
299.629
299.617
299.605
299.593
299.582
299.57
299.56
299.549
299.539
299.529
299.52
299.511
299.502
299.494
299.486
299.479
299.472
299.465
299.459
299.453
299.447
299.442
299.437
299.432
299.428
299.424
299.421
299.418
299.415
299.412
299.41
299.408
299.407
299.405
299.404
299.403
299.403
299.403
299.403
299.403
299.403
299.404
299.404
299.405
299.406
299.408
299.409
299.411
299.413
299.416
299.419
299.424
299.43
299.438
299.45
299.467
299.492
299.526
299.574
299.64
299.729
299.849
300.004
300.199
300.437
300.713
301.018
301.338
298.76
298.879
298.996
299.109
299.215
299.313
299.403
299.483
299.553
299.612
299.662
299.702
299.734
299.757
299.774
299.786
299.792
299.795
299.794
299.79
299.784
299.777
299.768
299.758
299.747
299.735
299.723
299.711
299.698
299.686
299.673
299.66
299.648
299.636
299.624
299.612
299.6
299.589
299.578
299.567
299.557
299.547
299.537
299.528
299.519
299.511
299.503
299.495
299.487
299.48
299.474
299.468
299.462
299.456
299.451
299.446
299.442
299.438
299.434
299.431
299.428
299.425
299.423
299.421
299.419
299.418
299.416
299.416
299.415
299.415
299.414
299.414
299.415
299.415
299.416
299.416
299.417
299.418
299.42
299.421
299.423
299.426
299.429
299.433
299.439
299.448
299.46
299.477
299.501
299.536
299.584
299.651
299.741
299.862
300.017
300.213
300.449
300.723
301.024
301.34
298.762
298.886
299.007
299.123
299.233
299.335
299.427
299.509
299.58
299.641
299.691
299.73
299.761
299.784
299.8
299.81
299.815
299.816
299.814
299.809
299.803
299.794
299.785
299.774
299.763
299.751
299.739
299.727
299.714
299.702
299.689
299.676
299.664
299.652
299.64
299.628
299.616
299.605
299.594
299.583
299.573
299.563
299.553
299.544
299.535
299.526
299.518
299.51
299.502
299.495
299.489
299.482
299.476
299.47
299.465
299.46
299.456
299.452
299.448
299.444
299.441
299.438
299.436
299.434
299.432
299.43
299.429
299.428
299.427
299.427
299.427
299.427
299.427
299.427
299.427
299.428
299.429
299.43
299.431
299.432
299.434
299.436
299.439
299.444
299.449
299.458
299.47
299.487
299.511
299.546
299.595
299.662
299.754
299.875
300.031
300.226
300.461
300.733
301.031
301.343
298.764
298.892
299.017
299.137
299.25
299.355
299.45
299.534
299.606
299.667
299.717
299.756
299.786
299.808
299.822
299.831
299.834
299.834
299.831
299.825
299.818
299.809
299.799
299.788
299.776
299.764
299.752
299.74
299.727
299.715
299.702
299.69
299.678
299.666
299.654
299.642
299.63
299.619
299.608
299.598
299.587
299.577
299.568
299.558
299.549
299.541
299.532
299.524
299.517
299.509
299.503
299.496
299.49
299.484
299.479
299.474
299.469
299.465
299.461
299.458
299.454
299.452
299.449
299.447
299.445
299.443
299.442
299.441
299.44
299.44
299.439
299.439
299.439
299.439
299.44
299.44
299.441
299.442
299.443
299.444
299.445
299.447
299.45
299.454
299.46
299.468
299.48
299.497
299.522
299.557
299.606
299.674
299.766
299.887
300.044
300.239
300.473
300.742
301.037
301.345
298.766
298.898
299.026
299.15
299.267
299.375
299.472
299.557
299.631
299.692
299.741
299.78
299.809
299.829
299.842
299.849
299.851
299.849
299.845
299.838
299.83
299.82
299.809
299.798
299.787
299.775
299.762
299.75
299.738
299.725
299.713
299.701
299.689
299.677
299.665
299.654
299.643
299.632
299.621
299.61
299.6
299.59
299.581
299.571
299.562
299.554
299.546
299.538
299.53
299.523
299.516
299.51
299.503
299.498
299.492
299.487
299.483
299.478
299.475
299.471
299.468
299.465
299.462
299.46
299.458
299.457
299.455
299.454
299.453
299.453
299.452
299.452
299.452
299.452
299.452
299.453
299.453
299.454
299.455
299.456
299.457
299.459
299.461
299.465
299.471
299.479
299.491
299.508
299.533
299.568
299.618
299.686
299.779
299.901
300.057
300.252
300.485
300.752
301.043
301.347
298.768
298.903
299.036
299.163
299.283
299.393
299.492
299.579
299.653
299.715
299.764
299.802
299.829
299.848
299.859
299.864
299.865
299.862
299.856
299.848
299.839
299.829
299.818
299.807
299.795
299.783
299.771
299.758
299.746
299.734
299.722
299.71
299.699
299.687
299.676
299.664
299.653
299.643
299.632
299.622
299.612
299.602
299.593
299.584
299.575
299.566
299.558
299.55
299.543
299.536
299.529
299.523
299.517
299.511
299.506
299.501
299.496
299.492
299.488
299.485
299.481
299.479
299.476
299.474
299.472
299.47
299.469
299.468
299.467
299.466
299.466
299.465
299.465
299.465
299.465
299.465
299.466
299.466
299.467
299.468
299.469
299.471
299.473
299.477
299.482
299.49
299.502
299.519
299.544
299.58
299.63
299.699
299.791
299.914
300.07
300.265
300.496
300.761
301.049
301.349
298.77
298.908
299.044
299.175
299.297
299.41
299.511
299.599
299.674
299.736
299.784
299.821
299.847
299.864
299.874
299.878
299.877
299.872
299.866
299.857
299.847
299.836
299.825
299.813
299.802
299.79
299.777
299.765
299.754
299.742
299.73
299.718
299.707
299.696
299.684
299.674
299.663
299.652
299.642
299.632
299.622
299.613
299.604
299.595
299.586
299.578
299.57
299.563
299.555
299.548
299.542
299.536
299.53
299.524
299.519
299.514
299.51
299.505
299.502
299.498
299.495
299.492
299.49
299.488
299.486
299.484
299.483
299.482
299.481
299.48
299.479
299.479
299.479
299.479
299.479
299.479
299.479
299.479
299.48
299.48
299.481
299.483
299.485
299.488
299.494
299.502
299.513
299.531
299.556
299.592
299.642
299.711
299.804
299.927
300.084
300.277
300.508
300.77
301.055
301.351
298.771
298.913
299.052
299.186
299.311
299.426
299.529
299.618
299.694
299.755
299.803
299.839
299.863
299.879
299.887
299.889
299.887
299.882
299.874
299.864
299.854
299.843
299.831
299.819
299.807
299.795
299.783
299.771
299.76
299.748
299.737
299.725
299.714
299.703
299.693
299.682
299.672
299.661
299.652
299.642
299.633
299.623
299.614
299.606
299.598
299.59
299.582
299.574
299.567
299.561
299.554
299.548
299.543
299.537
299.532
299.527
299.523
299.519
299.515
299.512
299.509
299.506
299.504
299.502
299.5
299.498
299.497
299.496
299.495
299.494
299.494
299.493
299.493
299.493
299.492
299.492
299.492
299.492
299.493
299.493
299.494
299.495
299.497
299.5
299.506
299.513
299.525
299.543
299.568
299.604
299.654
299.724
299.818
299.94
300.097
300.29
300.519
300.778
301.06
301.353
298.773
298.918
299.06
299.196
299.324
299.441
299.545
299.636
299.711
299.773
299.82
299.854
299.878
299.892
299.899
299.9
299.896
299.889
299.881
299.871
299.86
299.848
299.836
299.824
299.812
299.8
299.789
299.777
299.765
299.754
299.743
299.732
299.721
299.711
299.7
299.69
299.68
299.67
299.661
299.651
299.642
299.633
299.625
299.617
299.609
299.601
299.593
299.586
299.58
299.573
299.567
299.561
299.556
299.55
299.546
299.541
299.537
299.533
299.53
299.526
299.523
299.521
299.519
299.516
299.515
299.513
299.512
299.511
299.51
299.509
299.508
299.508
299.507
299.507
299.507
299.506
299.506
299.506
299.506
299.506
299.507
299.508
299.51
299.513
299.518
299.525
299.537
299.555
299.58
299.616
299.667
299.737
299.831
299.954
300.11
300.302
300.53
300.787
301.066
301.355
298.774
298.922
299.067
299.206
299.336
299.455
299.561
299.652
299.728
299.789
299.835
299.869
299.891
299.904
299.909
299.909
299.904
299.897
299.887
299.877
299.865
299.853
299.841
299.829
299.817
299.805
299.794
299.782
299.771
299.76
299.749
299.739
299.728
299.718
299.708
299.698
299.688
299.679
299.67
299.661
299.652
299.644
299.635
299.627
299.62
299.612
299.605
299.598
299.592
299.586
299.58
299.574
299.569
299.564
299.559
299.555
299.551
299.547
299.544
299.541
299.538
299.536
299.533
299.531
299.53
299.528
299.527
299.526
299.525
299.524
299.523
299.523
299.522
299.522
299.521
299.521
299.52
299.52
299.52
299.52
299.52
299.521
299.522
299.525
299.53
299.538
299.55
299.567
299.593
299.629
299.68
299.75
299.844
299.967
300.123
300.315
300.541
300.796
301.071
301.356
298.776
298.926
299.074
299.215
299.347
299.468
299.575
299.667
299.743
299.804
299.85
299.882
299.903
299.915
299.919
299.917
299.912
299.904
299.894
299.883
299.871
299.859
299.846
299.834
299.822
299.811
299.799
299.788
299.777
299.766
299.756
299.745
299.735
299.725
299.716
299.706
299.697
299.688
299.679
299.671
299.662
299.654
299.646
299.638
299.631
299.624
299.617
299.611
299.604
299.599
299.593
299.588
299.583
299.578
299.574
299.569
299.566
299.562
299.559
299.556
299.553
299.551
299.549
299.547
299.545
299.544
299.542
299.541
299.54
299.539
299.539
299.538
299.537
299.537
299.536
299.535
299.535
299.534
299.534
299.534
299.534
299.534
299.536
299.538
299.543
299.551
299.562
299.58
299.605
299.642
299.693
299.764
299.858
299.981
300.137
300.327
300.552
300.804
301.076
301.358
298.777
298.93
299.08
299.223
299.358
299.48
299.588
299.681
299.757
299.817
299.863
299.894
299.914
299.925
299.928
299.926
299.919
299.911
299.9
299.889
299.877
299.864
299.852
299.84
299.828
299.816
299.805
299.794
299.783
299.773
299.763
299.753
299.743
299.733
299.724
299.715
299.706
299.698
299.689
299.681
299.673
299.665
299.658
299.65
299.643
299.636
299.63
299.624
299.618
299.612
299.607
299.602
299.597
299.592
299.588
299.584
299.581
299.578
299.574
299.572
299.569
299.567
299.565
299.563
299.561
299.56
299.558
299.557
299.556
299.555
299.554
299.554
299.553
299.552
299.551
299.55
299.55
299.549
299.548
299.548
299.547
299.548
299.549
299.551
299.556
299.563
299.575
299.593
299.618
299.655
299.707
299.778
299.872
299.995
300.15
300.34
300.562
300.812
301.082
301.36
298.778
298.933
299.086
299.231
299.367
299.491
299.6
299.693
299.77
299.83
299.875
299.905
299.924
299.934
299.937
299.934
299.927
299.918
299.907
299.895
299.883
299.871
299.858
299.846
299.834
299.823
299.812
299.801
299.79
299.78
299.77
299.761
299.751
299.742
299.733
299.725
299.716
299.708
299.7
299.692
299.684
299.677
299.67
299.663
299.656
299.65
299.643
299.637
299.632
299.626
299.621
299.617
299.612
299.608
299.604
299.6
299.597
299.594
299.591
299.588
299.586
299.583
299.581
299.58
299.578
299.576
299.575
299.574
299.573
299.572
299.571
299.57
299.569
299.568
299.567
299.566
299.565
299.564
299.563
299.562
299.562
299.562
299.563
299.565
299.569
299.577
299.588
299.606
299.632
299.669
299.721
299.791
299.886
300.009
300.164
300.352
300.573
300.821
301.087
301.362
298.779
298.937
299.091
299.239
299.377
299.502
299.612
299.705
299.782
299.842
299.886
299.916
299.934
299.943
299.945
299.942
299.935
299.925
299.914
299.902
299.89
299.878
299.865
299.853
299.842
299.83
299.819
299.809
299.798
299.789
299.779
299.77
299.761
299.752
299.743
299.735
299.727
299.719
299.711
299.704
299.697
299.689
299.683
299.676
299.67
299.664
299.658
299.652
299.647
299.642
299.637
299.632
299.628
299.624
299.62
299.616
299.613
299.61
299.607
299.605
299.602
299.6
299.598
299.597
299.595
299.593
299.592
299.591
299.59
299.588
299.587
299.586
299.585
299.584
299.583
299.582
299.58
299.579
299.578
299.577
299.576
299.576
299.577
299.579
299.583
299.59
299.602
299.619
299.645
299.682
299.734
299.805
299.9
300.023
300.177
300.365
300.584
300.829
301.092
301.364
298.78
298.94
299.096
299.246
299.385
299.512
299.622
299.717
299.793
299.853
299.896
299.926
299.944
299.953
299.954
299.951
299.943
299.933
299.922
299.91
299.898
299.885
299.873
299.861
299.85
299.838
299.828
299.817
299.808
299.798
299.789
299.78
299.771
299.763
299.754
299.746
299.739
299.731
299.724
299.717
299.71
299.703
299.697
299.69
299.684
299.678
299.673
299.668
299.662
299.658
299.653
299.649
299.644
299.641
299.637
299.634
299.63
299.628
299.625
299.622
299.62
299.618
299.616
299.614
299.613
299.611
299.61
299.608
299.607
299.606
299.605
299.603
299.602
299.601
299.599
299.598
299.596
299.595
299.593
299.592
299.591
299.591
299.591
299.593
299.597
299.604
299.615
299.633
299.659
299.696
299.748
299.82
299.914
300.037
300.191
300.377
300.594
300.837
301.097
301.365
298.781
298.943
299.101
299.252
299.393
299.521
299.633
299.727
299.804
299.863
299.906
299.936
299.953
299.962
299.963
299.959
299.952
299.942
299.931
299.919
299.906
299.894
299.882
299.87
299.859
299.848
299.837
299.827
299.818
299.808
299.799
299.791
299.783
299.774
299.767
299.759
299.752
299.744
299.737
299.731
299.724
299.718
299.712
299.706
299.7
299.694
299.689
299.684
299.679
299.674
299.67
299.666
299.662
299.658
299.655
299.651
299.648
299.646
299.643
299.641
299.638
299.636
299.634
299.632
299.631
299.629
299.628
299.626
299.625
299.624
299.622
299.621
299.619
299.618
299.616
299.614
299.613
299.611
299.609
299.608
299.606
299.605
299.606
299.607
299.611
299.618
299.629
299.647
299.673
299.71
299.763
299.834
299.929
300.051
300.204
300.389
300.605
300.845
301.102
301.367
298.782
298.946
299.105
299.258
299.401
299.529
299.642
299.737
299.814
299.873
299.916
299.945
299.963
299.971
299.973
299.969
299.961
299.951
299.94
299.928
299.916
299.903
299.892
299.88
299.869
299.858
299.848
299.838
299.829
299.82
299.811
299.803
299.795
299.787
299.78
299.773
299.766
299.759
299.752
299.746
299.739
299.733
299.728
299.722
299.716
299.711
299.706
299.701
299.697
299.692
299.688
299.684
299.68
299.677
299.673
299.67
299.667
299.664
299.662
299.659
299.657
299.655
299.653
299.651
299.65
299.648
299.646
299.645
299.643
299.642
299.64
299.639
299.637
299.635
299.633
299.631
299.629
299.627
299.625
299.623
299.622
299.621
299.621
299.622
299.625
299.632
299.643
299.661
299.687
299.724
299.777
299.848
299.943
300.065
300.218
300.402
300.615
300.853
301.107
301.369
298.783
298.948
299.11
299.264
299.408
299.538
299.651
299.747
299.823
299.883
299.926
299.955
299.973
299.981
299.982
299.979
299.971
299.961
299.95
299.938
299.926
299.914
299.902
299.891
299.88
299.869
299.86
299.85
299.841
299.833
299.824
299.816
299.809
299.801
299.794
299.787
299.781
299.774
299.768
299.762
299.756
299.75
299.744
299.739
299.734
299.729
299.724
299.719
299.715
299.711
299.707
299.703
299.699
299.696
299.692
299.689
299.686
299.684
299.681
299.679
299.677
299.674
299.672
299.671
299.669
299.667
299.665
299.664
299.662
299.66
299.659
299.657
299.655
299.653
299.651
299.649
299.646
299.644
299.642
299.639
299.637
299.636
299.636
299.637
299.64
299.647
299.658
299.675
299.701
299.739
299.791
299.863
299.957
300.079
300.231
300.414
300.626
300.861
301.112
301.37
298.784
298.951
299.114
299.27
299.415
299.546
299.66
299.756
299.833
299.892
299.935
299.965
299.982
299.991
299.992
299.989
299.981
299.972
299.961
299.949
299.937
299.925
299.914
299.902
299.892
299.882
299.872
299.863
299.854
299.846
299.838
299.831
299.823
299.816
299.81
299.803
299.797
299.791
299.785
299.779
299.773
299.768
299.762
299.757
299.752
299.747
299.743
299.738
299.734
299.73
299.726
299.722
299.719
299.715
299.712
299.709
299.706
299.704
299.701
299.699
299.696
299.694
299.692
299.69
299.688
299.687
299.685
299.683
299.681
299.68
299.678
299.676
299.674
299.671
299.669
299.666
299.664
299.661
299.658
299.656
299.654
299.652
299.651
299.652
299.655
299.661
299.672
299.689
299.716
299.753
299.806
299.877
299.972
300.093
300.244
300.426
300.636
300.869
301.117
301.372
298.785
298.953
299.118
299.276
299.422
299.554
299.669
299.765
299.842
299.902
299.945
299.974
299.992
300.001
300.003
299.999
299.992
299.983
299.972
299.961
299.949
299.937
299.926
299.915
299.905
299.895
299.886
299.877
299.869
299.861
299.853
299.846
299.839
299.832
299.826
299.82
299.814
299.808
299.802
299.797
299.791
299.786
299.781
299.776
299.771
299.767
299.762
299.758
299.754
299.75
299.746
299.743
299.739
299.736
299.733
299.73
299.727
299.724
299.722
299.719
299.717
299.715
299.713
299.711
299.709
299.707
299.705
299.703
299.701
299.699
299.697
299.695
299.692
299.69
299.687
299.684
299.682
299.679
299.676
299.673
299.67
299.668
299.667
299.667
299.67
299.676
299.687
299.704
299.73
299.768
299.82
299.892
299.986
300.107
300.258
300.438
300.646
300.876
301.122
301.373
298.786
298.956
299.122
299.281
299.429
299.562
299.677
299.774
299.851
299.911
299.955
299.985
300.003
300.012
300.014
300.011
300.004
299.995
299.984
299.973
299.961
299.95
299.939
299.928
299.918
299.909
299.9
299.892
299.884
299.876
299.869
299.862
299.855
299.849
299.843
299.837
299.831
299.826
299.82
299.815
299.81
299.805
299.8
299.796
299.791
299.787
299.782
299.778
299.774
299.771
299.767
299.763
299.76
299.757
299.754
299.751
299.748
299.745
299.743
299.74
299.738
299.736
299.733
299.731
299.729
299.727
299.725
299.723
299.721
299.719
299.716
299.714
299.711
299.709
299.706
299.703
299.7
299.696
299.693
299.69
299.687
299.684
299.683
299.683
299.685
299.691
299.702
299.719
299.745
299.782
299.835
299.906
300
300.121
300.271
300.45
300.656
300.884
301.126
301.375
298.786
298.958
299.126
299.287
299.436
299.569
299.686
299.783
299.861
299.921
299.965
299.995
300.013
300.023
300.025
300.022
300.016
300.007
299.997
299.986
299.975
299.964
299.953
299.943
299.933
299.924
299.915
299.907
299.899
299.892
299.885
299.879
299.873
299.867
299.861
299.855
299.85
299.845
299.839
299.834
299.83
299.825
299.82
299.816
299.811
299.807
299.803
299.799
299.795
299.792
299.788
299.785
299.781
299.778
299.775
299.772
299.769
299.767
299.764
299.761
299.759
299.757
299.754
299.752
299.75
299.748
299.746
299.744
299.741
299.739
299.736
299.734
299.731
299.728
299.725
299.721
299.718
299.714
299.71
299.707
299.704
299.701
299.699
299.699
299.701
299.706
299.717
299.734
299.759
299.797
299.849
299.921
300.015
300.135
300.284
300.461
300.666
300.891
301.131
301.377
298.787
298.961
299.131
299.292
299.442
299.577
299.694
299.792
299.87
299.931
299.975
300.005
300.024
300.034
300.037
300.034
300.028
300.02
300.01
299.999
299.988
299.978
299.967
299.957
299.948
299.939
299.931
299.923
299.916
299.909
299.903
299.896
299.89
299.885
299.879
299.874
299.869
299.864
299.859
299.854
299.85
299.845
299.841
299.837
299.832
299.828
299.824
299.821
299.817
299.813
299.81
299.806
299.803
299.8
299.797
299.794
299.791
299.788
299.786
299.783
299.781
299.778
299.776
299.774
299.771
299.769
299.767
299.764
299.762
299.759
299.756
299.753
299.75
299.747
299.744
299.74
299.736
299.732
299.728
299.724
299.721
299.718
299.715
299.715
299.717
299.722
299.732
299.748
299.774
299.811
299.864
299.935
300.029
300.149
300.297
300.473
300.675
300.899
301.135
301.378
298.788
298.963
299.135
299.298
299.449
299.585
299.703
299.801
299.88
299.941
299.985
300.016
300.035
300.046
300.049
300.047
300.041
300.033
300.024
300.013
300.003
299.992
299.982
299.973
299.964
299.955
299.947
299.94
299.933
299.927
299.92
299.915
299.909
299.904
299.898
299.893
299.889
299.884
299.879
299.875
299.87
299.866
299.862
299.858
299.854
299.85
299.846
299.842
299.839
299.835
299.832
299.828
299.825
299.822
299.819
299.816
299.813
299.81
299.808
299.805
299.803
299.8
299.798
299.795
299.793
299.79
299.788
299.785
299.782
299.78
299.777
299.774
299.77
299.767
299.763
299.759
299.755
299.751
299.746
299.742
299.738
299.735
299.732
299.731
299.732
299.737
299.747
299.763
299.789
299.826
299.879
299.95
300.043
300.162
300.309
300.484
300.685
300.906
301.14
301.38
298.789
298.966
299.139
299.304
299.456
299.593
299.712
299.811
299.89
299.951
299.996
300.027
300.047
300.058
300.061
300.06
300.054
300.047
300.038
300.028
300.018
300.008
299.998
299.989
299.98
299.972
299.965
299.957
299.951
299.945
299.939
299.933
299.928
299.923
299.918
299.913
299.909
299.904
299.9
299.896
299.891
299.887
299.883
299.879
299.875
299.872
299.868
299.864
299.861
299.857
299.854
299.851
299.847
299.844
299.841
299.838
299.835
299.833
299.83
299.827
299.825
299.822
299.819
299.817
299.814
299.812
299.809
299.806
299.803
299.8
299.797
299.794
299.79
299.787
299.783
299.778
299.774
299.769
299.765
299.76
299.755
299.752
299.749
299.747
299.748
299.753
299.762
299.778
299.804
299.841
299.893
299.964
300.057
300.176
300.322
300.496
300.694
300.913
301.144
301.381
298.79
298.969
299.143
299.31
299.464
299.602
299.721
299.821
299.901
299.962
300.007
300.039
300.059
300.07
300.074
300.073
300.068
300.061
300.052
300.043
300.033
300.023
300.014
300.005
299.997
299.989
299.982
299.975
299.969
299.963
299.958
299.952
299.947
299.943
299.938
299.934
299.929
299.925
299.921
299.917
299.913
299.909
299.905
299.901
299.897
299.894
299.89
299.887
299.883
299.88
299.876
299.873
299.87
299.867
299.864
299.861
299.858
299.855
299.852
299.849
299.847
299.844
299.841
299.839
299.836
299.833
299.83
299.827
299.824
299.821
299.818
299.814
299.81
299.806
299.802
299.798
299.793
299.788
299.783
299.778
299.773
299.769
299.765
299.764
299.764
299.768
299.777
299.793
299.818
299.855
299.907
299.978
300.071
300.189
300.334
300.507
300.704
300.92
301.148
301.382
298.791
298.971
299.148
299.316
299.471
299.61
299.731
299.831
299.911
299.973
300.019
300.051
300.071
300.083
300.087
300.086
300.082
300.075
300.067
300.058
300.049
300.04
300.031
300.022
300.014
300.007
300
299.994
299.988
299.982
299.977
299.972
299.967
299.963
299.958
299.954
299.95
299.946
299.942
299.938
299.934
299.931
299.927
299.923
299.92
299.916
299.913
299.909
299.906
299.902
299.899
299.896
299.893
299.89
299.887
299.884
299.881
299.878
299.875
299.872
299.869
299.866
299.863
299.86
299.858
299.855
299.852
299.849
299.845
299.842
299.838
299.835
299.831
299.827
299.822
299.817
299.812
299.807
299.801
299.796
299.791
299.786
299.782
299.78
299.78
299.784
299.793
299.808
299.833
299.87
299.922
299.992
300.085
300.202
300.347
300.518
300.713
300.926
301.152
301.384
298.792
298.974
299.152
299.322
299.479
299.619
299.74
299.841
299.922
299.985
300.031
300.063
300.084
300.096
300.1
300.1
300.097
300.09
300.083
300.074
300.065
300.056
300.048
300.04
300.032
300.025
300.019
300.012
300.007
300.002
299.997
299.992
299.987
299.983
299.979
299.975
299.971
299.967
299.964
299.96
299.956
299.953
299.949
299.946
299.942
299.939
299.935
299.932
299.929
299.925
299.922
299.919
299.916
299.912
299.909
299.906
299.903
299.9
299.897
299.894
299.891
299.888
299.885
299.882
299.879
299.876
299.873
299.87
299.867
299.863
299.859
299.855
299.851
299.847
299.842
299.837
299.831
299.826
299.82
299.814
299.808
299.803
299.799
299.796
299.796
299.799
299.808
299.823
299.848
299.884
299.936
300.006
300.098
300.215
300.359
300.528
300.721
300.933
301.156
301.385
298.793
298.977
299.157
299.328
299.487
299.628
299.75
299.852
299.934
299.997
300.043
300.076
300.097
300.109
300.114
300.115
300.111
300.106
300.098
300.09
300.082
300.073
300.065
300.057
300.05
300.044
300.037
300.032
300.026
300.021
300.017
300.012
300.008
300.004
300
299.996
299.993
299.989
299.985
299.982
299.978
299.975
299.972
299.968
299.965
299.961
299.958
299.955
299.951
299.948
299.945
299.942
299.938
299.935
299.932
299.929
299.926
299.923
299.92
299.917
299.914
299.911
299.907
299.904
299.901
299.898
299.895
299.891
299.888
299.884
299.88
299.876
299.871
299.867
299.862
299.856
299.851
299.845
299.838
299.832
299.826
299.82
299.816
299.813
299.812
299.815
299.823
299.838
299.862
299.898
299.95
300.02
300.112
300.228
300.37
300.539
300.73
300.939
301.16
301.386
298.794
298.98
299.162
299.335
299.495
299.638
299.761
299.864
299.946
300.009
300.056
300.089
300.11
300.123
300.128
300.129
300.126
300.121
300.114
300.107
300.099
300.091
300.083
300.076
300.069
300.062
300.056
300.051
300.046
300.041
300.037
300.033
300.029
300.025
300.021
300.018
300.014
300.011
300.008
300.004
300.001
299.998
299.994
299.991
299.988
299.984
299.981
299.978
299.974
299.971
299.968
299.965
299.961
299.958
299.955
299.952
299.949
299.945
299.942
299.939
299.936
299.933
299.93
299.926
299.923
299.92
299.916
299.913
299.909
299.905
299.901
299.896
299.892
299.887
299.881
299.876
299.87
299.863
299.857
299.85
299.844
299.838
299.832
299.829
299.828
299.83
299.838
299.853
299.877
299.913
299.964
300.033
300.125
300.24
300.382
300.549
300.738
300.946
301.164
301.388
298.795
298.983
299.167
299.342
299.503
299.648
299.772
299.875
299.958
300.021
300.069
300.102
300.124
300.137
300.143
300.144
300.142
300.137
300.131
300.123
300.116
300.108
300.101
300.094
300.088
300.082
300.076
300.071
300.066
300.062
300.058
300.054
300.05
300.046
300.043
300.04
300.036
300.033
300.03
300.027
300.023
300.02
300.017
300.014
300.01
300.007
300.004
300.001
299.997
299.994
299.991
299.988
299.984
299.981
299.978
299.975
299.971
299.968
299.965
299.962
299.958
299.955
299.952
299.948
299.945
299.941
299.938
299.934
299.93
299.926
299.922
299.917
299.912
299.907
299.901
299.895
299.889
299.882
299.875
299.868
299.861
299.855
299.849
299.845
299.844
299.846
299.853
299.867
299.891
299.926
299.977
300.047
300.138
300.253
300.393
300.559
300.747
300.952
301.168
301.389
298.796
298.986
299.172
299.349
299.512
299.658
299.783
299.887
299.97
300.034
300.082
300.115
300.138
300.151
300.158
300.159
300.157
300.153
300.147
300.14
300.133
300.126
300.119
300.113
300.107
300.101
300.096
300.091
300.086
300.082
300.078
300.075
300.071
300.068
300.065
300.061
300.058
300.055
300.052
300.049
300.046
300.043
300.04
300.037
300.033
300.03
300.027
300.024
300.021
300.017
300.014
300.011
300.007
300.004
300.001
299.997
299.994
299.991
299.987
299.984
299.981
299.977
299.974
299.97
299.967
299.963
299.959
299.955
299.951
299.947
299.942
299.937
299.932
299.927
299.921
299.915
299.908
299.901
299.894
299.886
299.879
299.872
299.866
299.861
299.859
299.861
299.868
299.881
299.905
299.94
299.991
300.06
300.15
300.265
300.404
300.568
300.755
300.957
301.171
301.39
298.797
298.989
299.178
299.356
299.521
299.668
299.795
299.9
299.983
300.048
300.096
300.129
300.152
300.166
300.173
300.175
300.173
300.169
300.164
300.158
300.151
300.144
300.138
300.132
300.126
300.121
300.116
300.111
300.107
300.103
300.099
300.096
300.093
300.09
300.087
300.084
300.081
300.078
300.075
300.072
300.069
300.066
300.063
300.06
300.057
300.053
300.05
300.047
300.044
300.04
300.037
300.034
300.03
300.027
300.024
300.02
300.017
300.013
300.01
300.006
300.003
299.999
299.996
299.992
299.988
299.984
299.98
299.976
299.972
299.968
299.963
299.958
299.952
299.947
299.94
299.934
299.927
299.919
299.912
299.904
299.896
299.889
299.882
299.877
299.875
299.876
299.882
299.896
299.919
299.954
300.004
300.073
300.163
300.276
300.415
300.578
300.762
300.963
301.174
301.391
298.798
298.993
299.183
299.364
299.531
299.679
299.807
299.912
299.997
300.062
300.11
300.144
300.167
300.181
300.188
300.191
300.19
300.186
300.181
300.175
300.169
300.163
300.157
300.151
300.146
300.141
300.136
300.132
300.128
300.124
300.121
300.118
300.114
300.111
300.109
300.106
300.103
300.1
300.097
300.094
300.092
300.089
300.086
300.083
300.08
300.077
300.073
300.07
300.067
300.064
300.06
300.057
300.053
300.05
300.046
300.043
300.039
300.036
300.032
300.029
300.025
300.021
300.018
300.014
300.01
300.006
300.002
299.997
299.993
299.988
299.983
299.978
299.972
299.966
299.96
299.953
299.946
299.938
299.93
299.922
299.913
299.905
299.898
299.893
299.89
299.891
299.897
299.91
299.932
299.967
300.017
300.085
300.175
300.288
300.425
300.587
300.77
300.969
301.178
301.392
298.799
298.996
299.189
299.372
299.541
299.691
299.819
299.926
300.01
300.076
300.124
300.158
300.182
300.196
300.204
300.207
300.206
300.203
300.199
300.193
300.187
300.182
300.176
300.171
300.165
300.161
300.156
300.152
300.149
300.145
300.142
300.139
300.136
300.134
300.131
300.128
300.125
300.123
300.12
300.117
300.115
300.112
300.109
300.106
300.103
300.1
300.097
300.093
300.09
300.087
300.083
300.08
300.076
300.073
300.069
300.066
300.062
300.059
300.055
300.051
300.047
300.044
300.04
300.036
300.032
300.027
300.023
300.018
300.014
300.009
300.004
299.998
299.992
299.986
299.979
299.972
299.964
299.956
299.948
299.939
299.93
299.922
299.914
299.909
299.905
299.905
299.911
299.923
299.946
299.98
300.03
300.097
300.186
300.299
300.435
300.596
300.777
300.974
301.181
301.393
298.8
299
299.195
299.38
299.551
299.702
299.832
299.939
300.024
300.09
300.139
300.173
300.197
300.211
300.22
300.223
300.223
300.22
300.216
300.211
300.206
300.201
300.195
300.19
300.185
300.181
300.177
300.173
300.17
300.167
300.164
300.161
300.158
300.156
300.153
300.151
300.148
300.146
300.143
300.14
300.138
300.135
300.132
300.129
300.126
300.123
300.12
300.117
300.113
300.11
300.107
300.103
300.1
300.096
300.092
300.089
300.085
300.081
300.077
300.074
300.07
300.066
300.061
300.057
300.053
300.049
300.044
300.039
300.034
300.029
300.024
300.018
300.012
300.005
299.998
299.991
299.983
299.974
299.965
299.956
299.947
299.938
299.93
299.924
299.92
299.92
299.925
299.937
299.959
299.993
300.042
300.109
300.198
300.31
300.445
300.604
300.784
300.979
301.184
301.394
298.802
299.004
299.201
299.389
299.561
299.714
299.845
299.953
300.039
300.104
300.153
300.188
300.212
300.227
300.236
300.239
300.24
300.237
300.234
300.229
300.225
300.22
300.215
300.21
300.206
300.201
300.198
300.194
300.191
300.188
300.186
300.183
300.18
300.178
300.176
300.173
300.171
300.168
300.166
300.163
300.161
300.158
300.155
300.152
300.149
300.146
300.143
300.14
300.137
300.133
300.13
300.126
300.123
300.119
300.115
300.112
300.108
300.104
300.1
300.096
300.092
300.088
300.083
300.079
300.074
300.07
300.065
300.06
300.055
300.05
300.044
300.038
300.031
300.025
300.017
300.009
300.001
299.992
299.983
299.973
299.964
299.954
299.946
299.939
299.935
299.934
299.939
299.95
299.972
300.005
300.054
300.121
300.209
300.32
300.455
300.613
300.791
300.984
301.187
301.395
298.803
299.008
299.208
299.397
299.572
299.727
299.859
299.967
300.053
300.119
300.169
300.204
300.228
300.243
300.252
300.256
300.257
300.255
300.252
300.248
300.243
300.239
300.234
300.23
300.226
300.222
300.219
300.215
300.213
300.21
300.207
300.205
300.203
300.2
300.198
300.196
300.194
300.191
300.189
300.186
300.184
300.181
300.179
300.176
300.173
300.17
300.167
300.163
300.16
300.157
300.153
300.15
300.146
300.142
300.138
300.135
300.131
300.127
300.122
300.118
300.114
300.11
300.105
300.101
300.096
300.091
300.086
300.081
300.075
300.07
300.064
300.057
300.051
300.044
300.036
300.028
300.019
300.01
300
299.99
299.98
299.97
299.961
299.954
299.949
299.948
299.952
299.963
299.984
300.018
300.066
300.133
300.22
300.33
300.464
300.621
300.797
300.989
301.19
301.396
298.804
299.012
299.214
299.406
299.583
299.739
299.872
299.981
300.068
300.134
300.184
300.219
300.244
300.259
300.268
300.273
300.274
300.273
300.27
300.266
300.262
300.258
300.254
300.25
300.246
300.243
300.24
300.237
300.234
300.231
300.229
300.227
300.225
300.223
300.221
300.218
300.216
300.214
300.212
300.21
300.207
300.205
300.202
300.199
300.196
300.193
300.19
300.187
300.183
300.18
300.177
300.173
300.169
300.165
300.161
300.157
300.153
300.149
300.145
300.141
300.136
300.132
300.127
300.122
300.117
300.112
300.107
300.101
300.096
300.09
300.083
300.077
300.07
300.062
300.054
300.046
300.037
300.027
300.017
300.007
299.996
299.986
299.977
299.969
299.963
299.962
299.965
299.976
299.997
300.029
300.078
300.144
300.231
300.34
300.473
300.629
300.804
300.994
301.193
301.397
298.806
299.016
299.221
299.415
299.594
299.752
299.886
299.996
300.083
300.15
300.199
300.235
300.26
300.276
300.285
300.29
300.291
300.29
300.288
300.285
300.281
300.277
300.274
300.27
300.267
300.263
300.26
300.258
300.255
300.253
300.251
300.249
300.247
300.245
300.243
300.241
300.239
300.237
300.235
300.233
300.23
300.228
300.225
300.222
300.22
300.217
300.213
300.21
300.207
300.203
300.2
300.196
300.192
300.188
300.184
300.18
300.176
300.172
300.167
300.163
300.158
300.153
300.148
300.143
300.138
300.133
300.127
300.122
300.116
300.109
300.103
300.096
300.089
300.081
300.072
300.064
300.054
300.044
300.034
300.023
300.012
300.001
299.992
299.983
299.977
299.975
299.978
299.989
300.009
300.041
300.089
300.155
300.241
300.35
300.482
300.636
300.81
300.998
301.196
301.398
298.807
299.02
299.228
299.425
299.606
299.765
299.9
300.01
300.098
300.165
300.215
300.251
300.276
300.292
300.302
300.307
300.309
300.308
300.306
300.303
300.3
300.297
300.293
300.29
300.287
300.284
300.281
300.279
300.277
300.275
300.273
300.271
300.269
300.267
300.266
300.264
300.262
300.26
300.258
300.256
300.253
300.251
300.248
300.246
300.243
300.24
300.237
300.234
300.23
300.227
300.223
300.219
300.216
300.212
300.207
300.203
300.199
300.194
300.19
300.185
300.18
300.175
300.17
300.165
300.159
300.154
300.148
300.142
300.135
300.129
300.122
300.115
300.107
300.099
300.09
300.081
300.071
300.061
300.05
300.039
300.028
300.017
300.006
299.997
299.991
299.988
299.991
300.001
300.02
300.053
300.1
300.165
300.251
300.36
300.491
300.644
300.816
301.003
301.199
301.399
298.808
299.024
299.235
299.435
299.618
299.778
299.914
300.025
300.113
300.181
300.231
300.267
300.292
300.308
300.318
300.324
300.326
300.326
300.324
300.322
300.319
300.316
300.313
300.31
300.307
300.305
300.302
300.3
300.298
300.296
300.295
300.293
300.291
300.29
300.288
300.286
300.285
300.283
300.281
300.279
300.276
300.274
300.272
300.269
300.266
300.263
300.26
300.257
300.254
300.25
300.246
300.243
300.239
300.235
300.23
300.226
300.221
300.217
300.212
300.207
300.202
300.197
300.191
300.186
300.18
300.174
300.168
300.162
300.155
300.148
300.141
300.133
300.125
300.117
300.108
300.098
300.088
300.077
300.066
300.055
300.043
300.031
300.021
300.011
300.004
300.001
300.003
300.013
300.032
300.064
300.111
300.176
300.261
300.369
300.499
300.651
300.822
301.007
301.201
301.4
298.81
299.029
299.242
299.445
299.629
299.792
299.929
300.04
300.129
300.196
300.247
300.283
300.308
300.325
300.335
300.341
300.343
300.344
300.343
300.341
300.338
300.335
300.333
300.33
300.327
300.325
300.323
300.321
300.319
300.318
300.316
300.315
300.313
300.312
300.31
300.309
300.307
300.305
300.304
300.302
300.299
300.297
300.295
300.292
300.289
300.287
300.283
300.28
300.277
300.273
300.27
300.266
300.262
300.257
300.253
300.248
300.244
300.239
300.234
300.229
300.223
300.218
300.212
300.206
300.2
300.194
300.188
300.181
300.174
300.167
300.159
300.151
300.143
300.134
300.125
300.115
300.104
300.093
300.082
300.07
300.058
300.046
300.034
300.025
300.017
300.014
300.015
300.024
300.043
300.075
300.121
300.186
300.271
300.378
300.507
300.658
300.828
301.012
301.204
301.401
298.811
299.033
299.25
299.455
299.642
299.805
299.943
300.056
300.144
300.212
300.263
300.299
300.324
300.341
300.352
300.358
300.361
300.361
300.361
300.359
300.357
300.355
300.352
300.35
300.348
300.346
300.344
300.342
300.34
300.339
300.338
300.336
300.335
300.334
300.333
300.331
300.33
300.328
300.326
300.324
300.322
300.32
300.318
300.315
300.312
300.31
300.307
300.303
300.3
300.296
300.293
300.289
300.284
300.28
300.276
300.271
300.266
300.261
300.256
300.25
300.245
300.239
300.233
300.227
300.22
300.214
300.207
300.2
300.193
300.185
300.177
300.169
300.16
300.151
300.141
300.131
300.12
300.109
300.097
300.084
300.072
300.06
300.048
300.038
300.03
300.026
300.027
300.036
300.054
300.085
300.132
300.196
300.28
300.387
300.516
300.666
300.834
301.016
301.207
301.402
298.813
299.038
299.257
299.465
299.654
299.819
299.958
300.071
300.16
300.228
300.279
300.315
300.341
300.358
300.369
300.375
300.378
300.379
300.379
300.377
300.376
300.374
300.372
300.37
300.368
300.366
300.364
300.363
300.361
300.36
300.359
300.358
300.357
300.356
300.355
300.353
300.352
300.35
300.349
300.347
300.345
300.343
300.34
300.338
300.335
300.332
300.329
300.326
300.323
300.319
300.315
300.311
300.307
300.302
300.298
300.293
300.288
300.282
300.277
300.271
300.265
300.259
300.253
300.247
300.24
300.233
300.226
300.219
300.211
300.203
300.195
300.186
300.177
300.167
300.157
300.147
300.135
300.124
300.111
300.099
300.086
300.073
300.061
300.051
300.043
300.038
300.039
300.047
300.065
300.096
300.142
300.206
300.29
300.396
300.524
300.673
300.84
301.02
301.209
301.403
298.814
299.042
299.265
299.475
299.666
299.833
299.973
300.086
300.176
300.244
300.295
300.331
300.357
300.374
300.385
300.392
300.395
300.397
300.397
300.396
300.394
300.393
300.391
300.389
300.387
300.386
300.385
300.383
300.382
300.381
300.38
300.379
300.378
300.377
300.376
300.375
300.374
300.372
300.371
300.369
300.367
300.365
300.363
300.36
300.358
300.355
300.352
300.349
300.345
300.341
300.338
300.333
300.329
300.324
300.32
300.314
300.309
300.304
300.298
300.292
300.286
300.279
300.273
300.266
300.259
300.252
300.244
300.237
300.229
300.22
300.212
300.203
300.193
300.183
300.173
300.162
300.15
300.138
300.125
300.112
300.099
300.086
300.074
300.063
300.054
300.05
300.05
300.058
300.076
300.106
300.152
300.215
300.299
300.405
300.532
300.68
300.846
301.025
301.212
301.404
298.816
299.047
299.273
299.486
299.679
299.847
299.988
300.102
300.191
300.26
300.31
300.347
300.373
300.39
300.402
300.409
300.412
300.414
300.414
300.414
300.413
300.411
300.41
300.408
300.407
300.406
300.405
300.404
300.403
300.402
300.401
300.4
300.4
300.399
300.398
300.397
300.395
300.394
300.393
300.391
300.389
300.387
300.385
300.383
300.38
300.377
300.374
300.371
300.367
300.363
300.359
300.355
300.351
300.346
300.341
300.335
300.33
300.324
300.318
300.312
300.306
300.299
300.292
300.285
300.278
300.27
300.262
300.254
300.246
300.237
300.228
300.218
300.209
300.198
300.187
300.176
300.164
300.152
300.139
300.125
300.112
300.099
300.086
300.075
300.066
300.061
300.061
300.069
300.086
300.116
300.162
300.225
300.308
300.413
300.54
300.688
300.852
301.029
301.215
301.405
298.818
299.052
299.281
299.496
299.691
299.861
300.003
300.117
300.207
300.275
300.326
300.363
300.389
300.407
300.418
300.425
300.429
300.431
300.432
300.432
300.431
300.43
300.429
300.427
300.426
300.425
300.424
300.424
300.423
300.422
300.422
300.421
300.42
300.42
300.419
300.418
300.417
300.416
300.414
300.413
300.411
300.409
300.407
300.404
300.402
300.399
300.396
300.392
300.389
300.385
300.381
300.376
300.372
300.367
300.361
300.356
300.35
300.344
300.338
300.331
300.325
300.318
300.31
300.303
300.295
300.287
300.279
300.271
300.262
300.253
300.243
300.233
300.223
300.212
300.201
300.19
300.177
300.165
300.151
300.138
300.124
300.111
300.098
300.086
300.077
300.072
300.072
300.079
300.096
300.126
300.172
300.235
300.318
300.423
300.549
300.695
300.858
301.034
301.217
301.406
298.819
299.057
299.289
299.507
299.704
299.875
300.017
300.133
300.223
300.291
300.342
300.379
300.405
300.422
300.434
300.442
300.446
300.448
300.449
300.449
300.449
300.448
300.447
300.446
300.445
300.445
300.444
300.443
300.443
300.442
300.442
300.441
300.441
300.44
300.439
300.439
300.438
300.437
300.435
300.434
300.432
300.43
300.428
300.426
300.423
300.42
300.417
300.414
300.41
300.406
300.401
300.397
300.392
300.387
300.381
300.376
300.369
300.363
300.357
300.35
300.343
300.335
300.328
300.32
300.312
300.304
300.295
300.286
300.277
300.267
300.258
300.247
300.237
300.226
300.214
300.202
300.19
300.177
300.163
300.149
300.135
300.122
300.109
300.097
300.088
300.082
300.082
300.089
300.107
300.136
300.182
300.245
300.328
300.432
300.558
300.703
300.864
301.038
301.22
301.406
298.821
299.062
299.297
299.518
299.717
299.889
300.032
300.148
300.238
300.307
300.358
300.394
300.42
300.438
300.45
300.458
300.462
300.465
300.466
300.466
300.466
300.466
300.465
300.465
300.464
300.463
300.463
300.463
300.462
300.462
300.462
300.461
300.461
300.46
300.46
300.459
300.458
300.457
300.456
300.455
300.453
300.451
300.449
300.446
300.444
300.441
300.437
300.434
300.43
300.426
300.421
300.417
300.411
300.406
300.4
300.394
300.388
300.381
300.374
300.367
300.36
300.352
300.344
300.336
300.328
300.319
300.31
300.301
300.291
300.281
300.271
300.261
300.25
300.238
300.226
300.214
300.201
300.188
300.174
300.16
300.146
300.132
300.119
300.107
300.098
300.092
300.092
300.099
300.117
300.146
300.192
300.255
300.338
300.442
300.567
300.711
300.871
301.043
301.223
301.407
298.823
299.067
299.305
299.529
299.729
299.903
300.047
300.163
300.254
300.322
300.373
300.41
300.436
300.454
300.466
300.474
300.479
300.481
300.483
300.483
300.484
300.483
300.483
300.483
300.482
300.482
300.482
300.482
300.482
300.481
300.481
300.481
300.481
300.48
300.48
300.479
300.478
300.477
300.476
300.475
300.473
300.471
300.469
300.466
300.464
300.461
300.457
300.454
300.449
300.445
300.44
300.435
300.43
300.424
300.418
300.412
300.405
300.399
300.391
300.384
300.376
300.368
300.36
300.351
300.342
300.333
300.324
300.314
300.304
300.294
300.283
300.272
300.261
300.249
300.237
300.225
300.212
300.198
300.184
300.17
300.156
300.142
300.129
300.117
300.108
300.102
300.102
300.109
300.127
300.157
300.202
300.265
300.348
300.452
300.577
300.719
300.878
301.048
301.226
301.408
298.825
299.073
299.314
299.539
299.742
299.917
300.062
300.178
300.269
300.338
300.388
300.425
300.451
300.469
300.481
300.489
300.494
300.497
300.499
300.5
300.5
300.501
300.501
300.5
300.5
300.5
300.5
300.5
300.5
300.5
300.5
300.5
300.5
300.5
300.499
300.499
300.498
300.497
300.496
300.494
300.493
300.491
300.488
300.486
300.483
300.48
300.476
300.472
300.468
300.464
300.459
300.453
300.448
300.442
300.435
300.429
300.422
300.415
300.407
300.399
300.391
300.383
300.374
300.365
300.356
300.346
300.336
300.326
300.316
300.305
300.295
300.283
300.272
300.26
300.247
300.234
300.221
300.207
300.193
300.179
300.165
300.151
300.138
300.126
300.117
300.111
300.111
300.119
300.137
300.167
300.213
300.276
300.36
300.463
300.587
300.728
300.885
301.054
301.23
301.41
298.826
299.078
299.322
299.55
299.755
299.931
300.077
300.194
300.284
300.353
300.403
300.44
300.466
300.484
300.496
300.505
300.51
300.513
300.515
300.516
300.517
300.517
300.518
300.518
300.518
300.518
300.518
300.519
300.519
300.519
300.519
300.519
300.519
300.519
300.518
300.518
300.517
300.516
300.515
300.513
300.511
300.509
300.507
300.504
300.501
300.498
300.494
300.49
300.486
300.481
300.476
300.47
300.464
300.458
300.452
300.445
300.437
300.43
300.422
300.413
300.405
300.396
300.387
300.378
300.368
300.358
300.348
300.337
300.327
300.316
300.305
300.293
300.281
300.269
300.256
300.243
300.23
300.216
300.202
300.187
300.173
300.159
300.146
300.135
300.126
300.12
300.121
300.129
300.147
300.178
300.224
300.288
300.372
300.475
300.598
300.738
300.893
301.059
301.233
301.411
298.828
299.083
299.33
299.561
299.768
299.945
300.092
300.209
300.299
300.368
300.418
300.455
300.481
300.499
300.511
300.52
300.525
300.529
300.531
300.532
300.533
300.534
300.534
300.535
300.535
300.536
300.536
300.536
300.537
300.537
300.537
300.537
300.537
300.537
300.537
300.536
300.535
300.534
300.533
300.532
300.53
300.528
300.525
300.522
300.519
300.516
300.512
300.507
300.503
300.498
300.492
300.486
300.48
300.474
300.467
300.459
300.452
300.444
300.435
300.427
300.418
300.408
300.399
300.389
300.379
300.369
300.358
300.347
300.336
300.325
300.313
300.301
300.289
300.277
300.264
300.25
300.237
300.223
300.209
300.195
300.18
300.167
300.154
300.143
300.134
300.129
300.13
300.139
300.158
300.189
300.236
300.301
300.385
300.488
300.609
300.748
300.901
301.065
301.237
301.412
298.83
299.088
299.339
299.572
299.781
299.959
300.106
300.223
300.314
300.382
300.433
300.469
300.495
300.513
300.526
300.534
300.54
300.544
300.546
300.548
300.549
300.55
300.551
300.552
300.552
300.553
300.553
300.554
300.554
300.555
300.555
300.555
300.555
300.555
300.555
300.554
300.553
300.552
300.551
300.549
300.547
300.545
300.542
300.539
300.536
300.532
300.528
300.524
300.519
300.513
300.508
300.502
300.495
300.488
300.481
300.473
300.465
300.457
300.448
300.439
300.429
300.42
300.41
300.4
300.389
300.378
300.367
300.356
300.345
300.333
300.321
300.309
300.296
300.283
300.27
300.257
300.243
300.229
300.215
300.201
300.187
300.174
300.161
300.15
300.142
300.138
300.14
300.15
300.169
300.202
300.25
300.315
300.399
300.501
300.622
300.759
300.91
301.072
301.241
301.413
298.832
299.094
299.347
299.583
299.794
299.973
300.121
300.238
300.329
300.397
300.447
300.483
300.509
300.527
300.54
300.549
300.555
300.559
300.561
300.563
300.565
300.566
300.567
300.568
300.569
300.569
300.57
300.571
300.571
300.572
300.572
300.572
300.572
300.572
300.572
300.571
300.571
300.57
300.568
300.566
300.564
300.562
300.559
300.556
300.552
300.548
300.544
300.539
300.534
300.528
300.522
300.516
300.509
300.502
300.494
300.486
300.478
300.469
300.46
300.45
300.44
300.43
300.42
300.409
300.398
300.387
300.376
300.364
300.352
300.34
300.328
300.315
300.302
300.289
300.276
300.263
300.249
300.235
300.221
300.207
300.193
300.18
300.168
300.158
300.151
300.147
300.15
300.161
300.182
300.215
300.264
300.33
300.414
300.516
300.635
300.77
300.919
301.079
301.245
301.415
298.834
299.099
299.356
299.594
299.806
299.987
300.135
300.253
300.343
300.411
300.461
300.497
300.523
300.541
300.554
300.563
300.569
300.573
300.576
300.578
300.58
300.581
300.583
300.584
300.585
300.586
300.586
300.587
300.588
300.589
300.589
300.589
300.589
300.589
300.589
300.588
300.587
300.586
300.585
300.583
300.581
300.578
300.575
300.572
300.568
300.564
300.559
300.554
300.549
300.543
300.536
300.53
300.522
300.515
300.507
300.498
300.49
300.48
300.471
300.461
300.451
300.44
300.429
300.418
300.407
300.395
300.383
300.371
300.359
300.346
300.334
300.321
300.308
300.294
300.281
300.267
300.254
300.24
300.226
300.212
300.199
300.186
300.175
300.165
300.159
300.157
300.161
300.173
300.195
300.23
300.28
300.347
300.43
300.531
300.649
300.783
300.929
301.086
301.249
301.416
298.835
299.105
299.365
299.606
299.819
300.001
300.149
300.267
300.357
300.425
300.475
300.511
300.537
300.555
300.568
300.577
300.583
300.587
300.591
300.593
300.595
300.596
300.598
300.599
300.6
300.601
300.602
300.603
300.604
300.605
300.605
300.606
300.606
300.606
300.605
300.605
300.604
300.603
300.601
300.599
300.597
300.594
300.591
300.587
300.583
300.579
300.574
300.569
300.563
300.557
300.55
300.543
300.535
300.527
300.519
300.51
300.501
300.491
300.481
300.471
300.46
300.449
300.438
300.427
300.415
300.403
300.39
300.378
300.365
300.352
300.339
300.326
300.313
300.299
300.286
300.272
300.258
300.244
300.231
300.217
300.204
300.192
300.182
300.173
300.168
300.167
300.173
300.186
300.21
300.247
300.298
300.364
300.448
300.548
300.665
300.796
300.94
301.094
301.254
301.418
298.837
299.11
299.373
299.617
299.832
300.015
300.163
300.281
300.371
300.439
300.488
300.524
300.55
300.568
300.581
300.59
300.596
300.601
300.604
300.607
300.609
300.611
300.613
300.614
300.615
300.617
300.618
300.619
300.62
300.621
300.621
300.622
300.622
300.622
300.621
300.621
300.62
300.618
300.617
300.614
300.612
300.609
300.606
300.602
300.598
300.593
300.588
300.583
300.577
300.57
300.563
300.556
300.548
300.54
300.531
300.522
300.512
300.502
300.492
300.481
300.47
300.459
300.447
300.435
300.423
300.41
300.397
300.385
300.371
300.358
300.345
300.331
300.318
300.304
300.29
300.276
300.263
300.249
300.235
300.222
300.21
300.199
300.189
300.182
300.178
300.179
300.186
300.201
300.227
300.265
300.317
300.384
300.467
300.566
300.681
300.811
300.952
301.102
301.259
301.419
298.839
299.116
299.382
299.628
299.845
300.028
300.177
300.295
300.384
300.452
300.501
300.537
300.563
300.581
300.594
300.603
300.61
300.614
300.618
300.621
300.623
300.625
300.627
300.629
300.63
300.632
300.633
300.634
300.635
300.636
300.637
300.637
300.637
300.637
300.637
300.636
300.635
300.634
300.632
300.63
300.627
300.624
300.621
300.617
300.612
300.608
300.602
300.597
300.591
300.584
300.577
300.569
300.561
300.552
300.543
300.534
300.524
300.514
300.503
300.492
300.48
300.468
300.456
300.444
300.431
300.418
300.405
300.392
300.378
300.364
300.351
300.337
300.323
300.309
300.295
300.281
300.267
300.254
300.241
300.228
300.217
300.206
300.198
300.192
300.189
300.192
300.201
300.218
300.245
300.285
300.337
300.405
300.487
300.586
300.699
300.826
300.964
301.111
301.265
301.421
298.841
299.121
299.391
299.639
299.858
300.042
300.191
300.308
300.398
300.465
300.514
300.55
300.575
300.593
300.606
300.616
300.622
300.627
300.631
300.634
300.637
300.639
300.641
300.643
300.645
300.646
300.647
300.649
300.65
300.651
300.651
300.652
300.652
300.652
300.652
300.651
300.65
300.648
300.647
300.644
300.642
300.639
300.635
300.631
300.627
300.622
300.617
300.611
300.604
300.598
300.59
300.582
300.574
300.565
300.556
300.546
300.536
300.525
300.514
300.503
300.491
300.479
300.466
300.453
300.44
300.427
300.413
300.4
300.386
300.372
300.357
300.343
300.329
300.315
300.301
300.287
300.273
300.26
300.247
300.235
300.224
300.215
300.208
300.203
300.202
300.207
300.218
300.237
300.266
300.306
300.36
300.427
300.51
300.607
300.718
300.842
300.977
301.121
301.27
301.423
298.843
299.127
299.4
299.651
299.871
300.055
300.204
300.321
300.411
300.477
300.526
300.562
300.587
300.605
300.618
300.628
300.635
300.64
300.644
300.647
300.65
300.652
300.655
300.657
300.658
300.66
300.662
300.663
300.664
300.665
300.666
300.666
300.667
300.666
300.666
300.665
300.664
300.663
300.661
300.659
300.656
300.653
300.65
300.646
300.641
300.636
300.631
300.625
300.618
300.612
300.604
300.596
300.588
300.579
300.569
300.559
300.549
300.538
300.527
300.515
300.503
300.49
300.477
300.464
300.451
300.437
300.423
300.409
300.395
300.38
300.366
300.351
300.337
300.322
300.308
300.294
300.281
300.268
300.255
300.244
300.234
300.226
300.22
300.217
300.218
300.224
300.237
300.258
300.288
300.33
300.384
300.452
300.534
300.629
300.738
300.86
300.991
301.131
301.277
301.425
298.845
299.133
299.409
299.663
299.884
300.069
300.218
300.334
300.423
300.489
300.538
300.573
300.599
300.617
300.63
300.64
300.647
300.652
300.656
300.66
300.663
300.665
300.668
300.67
300.672
300.673
300.675
300.676
300.678
300.679
300.68
300.68
300.681
300.68
300.68
300.68
300.679
300.677
300.675
300.673
300.671
300.667
300.664
300.66
300.656
300.651
300.645
300.639
300.633
300.626
300.619
300.611
300.602
300.593
300.584
300.574
300.563
300.552
300.54
300.529
300.516
300.503
300.49
300.477
300.463
300.449
300.434
300.42
300.405
300.391
300.376
300.361
300.346
300.332
300.318
300.304
300.29
300.278
300.266
300.255
300.246
300.239
300.234
300.233
300.236
300.244
300.259
300.282
300.314
300.357
300.411
300.479
300.559
300.653
300.76
300.878
301.006
301.142
301.283
301.427
298.847
299.139
299.419
299.674
299.897
300.082
300.231
300.347
300.435
300.501
300.55
300.585
300.61
300.628
300.641
300.651
300.658
300.664
300.668
300.672
300.675
300.677
300.68
300.682
300.684
300.686
300.688
300.69
300.691
300.692
300.693
300.694
300.694
300.694
300.694
300.693
300.692
300.691
300.689
300.687
300.685
300.682
300.678
300.674
300.67
300.665
300.66
300.654
300.648
300.641
300.634
300.626
300.617
300.608
300.599
300.589
300.578
300.567
300.556
300.544
300.531
300.518
300.505
300.491
300.477
300.463
300.448
300.434
300.419
300.404
300.388
300.373
300.359
300.344
300.33
300.316
300.303
300.29
300.279
300.269
300.261
300.255
300.252
300.253
300.257
300.267
300.284
300.308
300.342
300.385
300.44
300.507
300.587
300.679
300.783
300.898
301.022
301.153
301.29
301.43
298.85
299.146
299.429
299.687
299.91
300.096
300.244
300.36
300.447
300.513
300.56
300.595
300.621
300.639
300.652
300.662
300.669
300.675
300.679
300.683
300.686
300.689
300.692
300.694
300.696
300.698
300.7
300.702
300.703
300.705
300.706
300.706
300.707
300.707
300.707
300.706
300.706
300.704
300.703
300.701
300.699
300.696
300.693
300.689
300.685
300.68
300.675
300.669
300.663
300.657
300.649
300.642
300.633
300.625
300.615
300.605
300.595
300.584
300.573
300.561
300.548
300.535
300.522
300.508
300.494
300.48
300.465
300.45
300.435
300.42
300.404
300.389
300.374
300.36
300.345
300.332
300.319
300.307
300.296
300.287
300.28
300.276
300.274
300.276
300.282
300.294
300.312
300.338
300.372
300.416
300.471
300.538
300.616
300.706
300.807
300.918
301.038
301.165
301.297
301.432
298.852
299.152
299.439
299.699
299.924
300.109
300.257
300.372
300.459
300.524
300.571
300.606
300.631
300.649
300.662
300.672
300.679
300.685
300.69
300.694
300.697
300.7
300.703
300.706
300.708
300.71
300.712
300.714
300.715
300.717
300.718
300.719
300.719
300.719
300.72
300.719
300.719
300.718
300.716
300.714
300.712
300.71
300.707
300.703
300.699
300.695
300.69
300.685
300.679
300.673
300.666
300.658
300.65
300.642
300.633
300.623
300.613
300.603
300.591
300.58
300.567
300.555
300.541
300.528
300.514
300.499
300.484
300.47
300.454
300.439
300.424
300.409
300.394
300.379
300.365
300.351
300.339
300.327
300.318
300.309
300.303
300.3
300.3
300.303
300.311
300.324
300.344
300.37
300.406
300.45
300.505
300.57
300.647
300.734
300.832
300.939
301.055
301.177
301.305
301.435
298.854
299.159
299.449
299.712
299.937
300.123
300.27
300.384
300.47
300.534
300.581
300.615
300.64
300.658
300.671
300.681
300.689
300.695
300.7
300.704
300.707
300.711
300.713
300.716
300.719
300.721
300.723
300.725
300.727
300.728
300.729
300.73
300.731
300.731
300.732
300.731
300.731
300.73
300.729
300.728
300.726
300.723
300.721
300.718
300.714
300.71
300.705
300.7
300.695
300.689
300.683
300.676
300.668
300.66
300.652
300.642
300.633
300.623
300.612
300.6
300.589
300.576
300.563
300.55
300.536
300.522
300.507
300.493
300.478
300.462
300.447
300.432
300.417
300.403
300.389
300.376
300.364
300.353
300.343
300.336
300.331
300.329
300.33
300.334
300.344
300.358
300.379
300.406
300.442
300.487
300.541
300.605
300.679
300.764
300.858
300.962
301.073
301.19
301.312
301.437
298.857
299.166
299.46
299.725
299.951
300.137
300.283
300.396
300.481
300.544
300.59
300.624
300.649
300.667
300.68
300.69
300.698
300.704
300.709
300.713
300.717
300.72
300.723
300.726
300.729
300.731
300.733
300.735
300.737
300.739
300.74
300.741
300.742
300.743
300.743
300.743
300.743
300.742
300.741
300.74
300.739
300.737
300.734
300.732
300.728
300.725
300.721
300.716
300.711
300.706
300.7
300.694
300.687
300.679
300.671
300.663
300.654
300.644
300.634
300.623
300.612
300.6
300.588
300.575
300.561
300.548
300.534
300.519
300.504
300.49
300.475
300.46
300.445
300.431
300.418
300.405
300.393
300.383
300.374
300.368
300.364
300.362
300.364
300.37
300.38
300.396
300.417
300.445
300.481
300.525
300.579
300.641
300.713
300.795
300.886
300.985
301.091
301.204
301.32
301.44
298.859
299.174
299.471
299.738
299.965
300.15
300.296
300.408
300.492
300.554
300.599
300.633
300.657
300.675
300.688
300.698
300.706
300.712
300.717
300.722
300.726
300.729
300.732
300.735
300.738
300.74
300.743
300.745
300.747
300.748
300.75
300.751
300.752
300.753
300.754
300.754
300.754
300.754
300.753
300.752
300.751
300.75
300.748
300.745
300.743
300.739
300.736
300.732
300.728
300.723
300.717
300.712
300.705
300.699
300.691
300.684
300.675
300.666
300.657
300.647
300.637
300.626
300.614
300.602
300.589
300.576
300.563
300.549
300.535
300.521
300.506
300.492
300.478
300.465
300.451
300.439
300.428
300.418
300.41
300.405
300.401
300.401
300.404
300.41
300.421
300.437
300.459
300.488
300.523
300.567
300.619
300.679
300.749
300.827
300.914
301.009
301.11
301.217
301.329
301.443
298.862
299.182
299.483
299.752
299.98
300.164
300.309
300.419
300.502
300.563
300.608
300.641
300.665
300.682
300.696
300.706
300.714
300.72
300.725
300.73
300.734
300.737
300.741
300.744
300.746
300.749
300.751
300.754
300.756
300.757
300.759
300.761
300.762
300.763
300.764
300.764
300.765
300.765
300.764
300.764
300.763
300.762
300.76
300.758
300.756
300.754
300.751
300.747
300.744
300.74
300.735
300.73
300.724
300.718
300.712
300.705
300.698
300.69
300.681
300.672
300.663
300.653
300.642
300.631
300.619
300.607
300.595
300.582
300.569
300.556
300.542
300.529
300.515
300.502
300.49
300.479
300.468
300.459
300.452
300.446
300.444
300.444
300.448
300.455
300.466
300.483
300.505
300.533
300.568
300.611
300.661
300.719
300.786
300.861
300.943
301.033
301.13
301.232
301.338
301.446
298.865
299.19
299.495
299.767
299.995
300.178
300.321
300.43
300.511
300.571
300.616
300.648
300.672
300.689
300.702
300.712
300.72
300.727
300.732
300.737
300.741
300.745
300.748
300.751
300.754
300.757
300.759
300.761
300.764
300.766
300.767
300.769
300.77
300.772
300.773
300.774
300.774
300.775
300.775
300.774
300.774
300.773
300.772
300.771
300.769
300.767
300.765
300.762
300.759
300.756
300.752
300.748
300.743
300.738
300.732
300.727
300.72
300.713
300.706
300.698
300.69
300.681
300.672
300.662
300.651
300.641
300.629
300.618
300.606
300.594
300.581
300.569
300.557
300.545
300.533
300.523
300.513
300.505
300.498
300.493
300.491
300.492
300.496
300.504
300.516
300.532
300.554
300.582
300.616
300.657
300.705
300.761
300.824
300.895
300.974
301.059
301.15
301.246
301.346
301.449
298.868
299.198
299.508
299.781
300.01
300.192
300.334
300.441
300.52
300.579
300.623
300.654
300.678
300.695
300.708
300.719
300.727
300.733
300.739
300.743
300.747
300.751
300.755
300.758
300.761
300.763
300.766
300.768
300.771
300.773
300.775
300.777
300.778
300.78
300.781
300.782
300.783
300.784
300.784
300.784
300.784
300.784
300.783
300.783
300.782
300.78
300.778
300.776
300.774
300.771
300.768
300.765
300.761
300.757
300.752
300.748
300.742
300.737
300.73
300.724
300.717
300.709
300.701
300.693
300.684
300.675
300.665
300.655
300.645
300.634
300.623
300.612
300.601
300.591
300.58
300.571
300.562
300.555
300.549
300.545
300.543
300.544
300.549
300.557
300.569
300.585
300.606
300.633
300.666
300.705
300.751
300.804
300.864
300.931
301.005
301.085
301.171
301.262
301.356
301.452
298.871
299.207
299.521
299.796
300.024
300.206
300.346
300.451
300.529
300.587
300.629
300.66
300.683
300.7
300.714
300.724
300.732
300.739
300.744
300.749
300.753
300.757
300.76
300.764
300.767
300.769
300.772
300.775
300.777
300.779
300.781
300.783
300.785
300.787
300.788
300.789
300.791
300.792
300.792
300.793
300.793
300.794
300.794
300.793
300.793
300.792
300.791
300.789
300.788
300.786
300.784
300.781
300.778
300.775
300.772
300.768
300.764
300.759
300.754
300.749
300.744
300.738
300.731
300.724
300.717
300.71
300.702
300.693
300.685
300.676
300.667
300.658
300.648
300.639
300.631
300.622
300.615
300.609
300.604
300.6
300.599
300.601
300.605
300.613
300.625
300.641
300.661
300.687
300.718
300.756
300.799
300.849
300.905
300.968
301.037
301.113
301.193
301.277
301.365
301.455
298.874
299.216
299.534
299.811
300.039
300.219
300.357
300.46
300.536
300.593
300.634
300.665
300.688
300.705
300.718
300.728
300.736
300.743
300.749
300.754
300.758
300.762
300.765
300.769
300.772
300.775
300.777
300.78
300.782
300.785
300.787
300.789
300.791
300.793
300.794
300.796
300.797
300.799
300.8
300.801
300.801
300.802
300.802
300.803
300.803
300.802
300.802
300.801
300.8
300.799
300.798
300.796
300.794
300.792
300.789
300.787
300.784
300.78
300.777
300.773
300.769
300.765
300.76
300.755
300.749
300.744
300.738
300.731
300.725
300.718
300.711
300.704
300.696
300.689
300.682
300.676
300.67
300.665
300.661
300.659
300.659
300.661
300.665
300.673
300.685
300.7
300.719
300.744
300.773
300.808
300.849
300.895
300.948
301.007
301.071
301.14
301.215
301.293
301.375
301.458
298.878
299.225
299.546
299.824
300.052
300.23
300.366
300.468
300.543
300.598
300.638
300.668
300.691
300.708
300.721
300.732
300.74
300.747
300.753
300.758
300.762
300.766
300.77
300.773
300.776
300.779
300.782
300.784
300.787
300.789
300.792
300.794
300.796
300.798
300.8
300.801
300.803
300.805
300.806
300.807
300.808
300.809
300.81
300.811
300.811
300.812
300.812
300.812
300.811
300.811
300.81
300.809
300.808
300.807
300.805
300.804
300.802
300.8
300.798
300.795
300.793
300.79
300.787
300.783
300.78
300.776
300.772
300.768
300.763
300.759
300.754
300.749
300.744
300.739
300.734
300.73
300.726
300.723
300.72
300.719
300.72
300.722
300.727
300.735
300.746
300.761
300.78
300.802
300.83
300.862
300.9
300.943
300.992
301.046
301.105
301.169
301.238
301.31
301.385
301.461
298.881
299.234
299.558
299.837
300.063
300.24
300.374
300.474
300.547
300.601
300.641
300.671
300.693
300.71
300.724
300.734
300.743
300.75
300.756
300.761
300.765
300.769
300.773
300.776
300.779
300.782
300.785
300.788
300.791
300.793
300.795
300.798
300.8
300.802
300.804
300.806
300.808
300.81
300.811
300.813
300.814
300.816
300.817
300.818
300.819
300.82
300.82
300.821
300.821
300.821
300.821
300.821
300.821
300.82
300.82
300.819
300.818
300.817
300.816
300.815
300.814
300.812
300.811
300.809
300.808
300.806
300.804
300.802
300.799
300.797
300.794
300.792
300.789
300.787
300.785
300.783
300.781
300.78
300.779
300.779
300.781
300.784
300.79
300.798
300.809
300.823
300.841
300.862
300.888
300.917
300.952
300.992
301.036
301.085
301.139
301.198
301.26
301.326
301.395
301.465
298.884
299.241
299.568
299.847
300.072
300.247
300.379
300.477
300.55
300.603
300.642
300.672
300.694
300.711
300.725
300.736
300.744
300.752
300.758
300.763
300.768
300.772
300.776
300.779
300.782
300.785
300.788
300.791
300.793
300.796
300.798
300.801
300.803
300.805
300.808
300.81
300.812
300.814
300.815
300.817
300.819
300.821
300.822
300.824
300.825
300.826
300.827
300.828
300.829
300.83
300.83
300.831
300.831
300.831
300.832
300.832
300.832
300.832
300.832
300.832
300.832
300.832
300.832
300.832
300.832
300.832
300.832
300.831
300.831
300.831
300.831
300.831
300.831
300.831
300.831
300.831
300.832
300.833
300.835
300.837
300.84
300.845
300.851
300.86
300.871
300.884
300.901
300.921
300.945
300.972
301.004
301.04
301.08
301.125
301.173
301.226
301.283
301.342
301.404
301.468
298.886
299.247
299.574
299.853
300.077
300.25
300.381
300.478
300.549
300.602
300.641
300.671
300.694
300.711
300.725
300.736
300.745
300.753
300.759
300.764
300.769
300.774
300.777
300.781
300.784
300.787
300.79
300.793
300.796
300.798
300.801
300.803
300.806
300.808
300.81
300.812
300.815
300.817
300.819
300.821
300.823
300.825
300.826
300.828
300.83
300.831
300.833
300.834
300.835
300.837
300.838
300.839
300.84
300.841
300.842
300.842
300.843
300.844
300.845
300.846
300.847
300.848
300.849
300.851
300.852
300.853
300.855
300.857
300.858
300.86
300.862
300.864
300.866
300.869
300.871
300.874
300.877
300.881
300.885
300.889
300.894
300.9
300.908
300.917
300.929
300.942
300.958
300.977
300.999
301.025
301.053
301.086
301.122
301.162
301.206
301.254
301.304
301.358
301.414
301.471
298.888
299.25
299.577
299.854
300.076
300.248
300.377
300.474
300.545
300.598
300.638
300.668
300.691
300.709
300.724
300.735
300.745
300.753
300.759
300.765
300.77
300.775
300.779
300.782
300.786
300.789
300.792
300.795
300.797
300.8
300.803
300.805
300.808
300.81
300.812
300.815
300.817
300.819
300.821
300.823
300.826
300.828
300.83
300.832
300.834
300.835
300.837
300.839
300.841
300.842
300.844
300.845
300.846
300.848
300.849
300.851
300.852
300.854
300.855
300.857
300.859
300.861
300.863
300.865
300.868
300.87
300.873
300.876
300.88
300.883
300.887
300.891
300.895
300.899
300.904
300.909
300.914
300.92
300.926
300.933
300.94
300.948
300.957
300.968
300.98
300.994
301.01
301.028
301.048
301.072
301.098
301.128
301.161
301.197
301.236
301.278
301.323
301.372
301.422
301.474
298.888
299.249
299.574
299.849
300.069
300.239
300.368
300.465
300.537
300.591
300.632
300.663
300.687
300.706
300.722
300.734
300.744
300.752
300.759
300.765
300.77
300.775
300.779
300.783
300.787
300.79
300.793
300.796
300.799
300.801
300.804
300.806
300.809
300.811
300.814
300.816
300.818
300.821
300.823
300.825
300.828
300.83
300.832
300.834
300.836
300.838
300.84
300.842
300.844
300.846
300.848
300.85
300.851
300.853
300.855
300.857
300.859
300.861
300.863
300.865
300.867
300.87
300.873
300.876
300.879
300.883
300.887
300.891
300.895
300.9
300.905
300.91
300.916
300.922
300.928
300.935
300.942
300.95
300.958
300.967
300.976
300.985
300.996
301.008
301.021
301.035
301.051
301.069
301.089
301.111
301.136
301.163
301.193
301.225
301.261
301.299
301.34
301.383
301.429
301.476
298.886
299.243
299.564
299.835
300.053
300.223
300.353
300.451
300.525
300.581
300.624
300.657
300.682
300.702
300.718
300.731
300.742
300.751
300.758
300.765
300.77
300.775
300.78
300.784
300.787
300.79
300.794
300.796
300.799
300.802
300.805
300.807
300.81
300.812
300.815
300.817
300.819
300.822
300.824
300.827
300.829
300.831
300.834
300.836
300.838
300.84
300.842
300.845
300.847
300.849
300.851
300.853
300.855
300.857
300.859
300.861
300.863
300.865
300.868
300.87
300.873
300.876
300.879
300.883
300.887
300.891
300.895
300.9
300.905
300.911
300.917
300.923
300.93
300.937
300.944
300.952
300.961
300.969
300.979
300.989
300.999
301.011
301.023
301.035
301.049
301.064
301.081
301.099
301.118
301.14
301.163
301.189
301.216
301.247
301.279
301.314
301.352
301.392
301.434
301.478
298.882
299.232
299.546
299.813
300.03
300.201
300.333
300.434
300.511
300.57
300.615
300.65
300.677
300.698
300.715
300.729
300.74
300.75
300.757
300.764
300.77
300.775
300.78
300.784
300.787
300.791
300.794
300.797
300.8
300.802
300.805
300.808
300.81
300.813
300.815
300.818
300.82
300.822
300.825
300.827
300.83
300.832
300.834
300.837
300.839
300.841
300.844
300.846
300.848
300.85
300.852
300.855
300.857
300.859
300.861
300.863
300.866
300.868
300.871
300.874
300.876
300.88
300.883
300.887
300.891
300.895
300.9
300.905
300.911
300.916
300.923
300.929
300.937
300.944
300.952
300.961
300.97
300.98
300.99
301.001
301.012
301.024
301.037
301.05
301.065
301.081
301.097
301.116
301.135
301.156
301.179
301.204
301.23
301.259
301.29
301.324
301.359
301.397
301.437
301.479
298.878
299.219
299.527
299.792
300.009
300.181
300.316
300.42
300.5
300.561
300.608
300.644
300.673
300.695
300.713
300.727
300.739
300.749
300.757
300.764
300.77
300.775
300.779
300.783
300.787
300.791
300.794
300.797
300.8
300.803
300.805
300.808
300.81
300.813
300.815
300.818
300.82
300.823
300.825
300.828
300.83
300.832
300.835
300.837
300.84
300.842
300.844
300.846
300.849
300.851
300.853
300.855
300.858
300.86
300.862
300.864
300.867
300.869
300.872
300.875
300.878
300.881
300.884
300.888
300.892
300.897
300.902
300.907
300.912
300.918
300.925
300.932
300.939
300.947
300.955
300.964
300.973
300.983
300.993
301.004
301.016
301.028
301.041
301.055
301.07
301.086
301.103
301.121
301.141
301.162
301.185
301.209
301.236
301.264
301.295
301.327
301.362
301.4
301.439
301.479
)
;

boundaryField
{
    Adiabatic_walls
    {
        type            zeroGradient;
    }
    Left
    {
        type            fixedValue;
        value           uniform 298.7;
    }
    Right
    {
        type            fixedValue;
        value           uniform 301.5;
    }
    frontAndBack
    {
        type            empty;
    }
}

