/*--------------------------------*- C++ -*----------------------------------*\
  =========                 |
  \\      /  F ield         | OpenFOAM: The Open Source CFD Toolbox
   \\    /   O peration     | Website:  https://openfoam.org
    \\  /    A nd           | Version:  6
     \\/     M anipulation  |
\*---------------------------------------------------------------------------*/
FoamFile
{
    version     2.0;
    format      ascii;
    class       volScalarField;
    location    "0";
    object      p;
}
// * * * * * * * * * * * * * * * * * * * * * * * * * * * * * * * * * * * * * //

dimensions      [0 2 -2 0 0 0 0];

internalField   nonuniform List<scalar> 
9000
(
117.139
65.0808
50.6464
44.5471
41.3723
39.5565
38.3814
37.5312
36.858
36.2849
35.7685
35.2837
34.8153
34.3543
33.8952
33.4349
32.972
32.5056
32.0357
31.5624
31.0863
30.6076
30.1269
29.6446
29.1612
28.6771
28.1925
27.708
27.2237
26.7401
26.2574
25.776
25.2963
24.8186
24.3436
23.8717
23.4037
22.9406
22.4834
22.0338
21.5937
21.1659
20.7547
20.3658
20.008
19.6927
19.4255
19.1769
19.1731
18.1108
88.2231
61.7818
51.292
45.6606
42.3522
40.2989
38.9224
37.9227
37.1417
36.4908
35.9182
35.3923
34.8939
34.4108
33.9355
33.4635
32.992
32.5194
32.0452
31.5689
31.0906
30.6105
30.1288
29.6459
29.1622
28.6778
28.1931
27.7085
27.2242
26.7404
26.2575
25.7759
25.2957
24.8174
24.3414
23.8683
23.3985
22.9328
22.4721
22.0174
21.5702
21.1321
20.7052
20.2921
19.8951
19.514
19.1368
18.7149
18.2346
16.7082
70.7118
58.0848
51.161
46.2549
43.0362
40.8879
39.386
38.276
37.4074
36.6893
36.0657
35.5015
34.9743
34.4696
33.9782
33.4943
33.014
32.535
32.0561
31.5765
31.0958
30.6141
30.1313
29.6477
29.1634
28.6787
28.1938
27.709
27.2245
26.7405
26.2573
25.7753
25.2945
24.8154
24.3383
23.8635
23.3915
22.9228
22.4579
21.9974
21.542
21.092
20.6477
20.2083
19.7702
19.3236
18.8422
18.2576
17.4902
16.0614
61.2444
54.5291
49.959
46.0331
43.192
41.1496
39.6482
38.504
37.5941
36.8374
36.181
35.59
35.0415
34.5202
34.0161
33.5223
33.0345
32.55
32.0669
31.5842
31.1013
30.618
30.134
29.6496
29.1647
28.6796
28.1944
27.7093
27.2245
26.7402
26.2567
25.7741
25.2926
24.8126
24.3342
23.8577
23.3835
22.9116
22.4425
21.9761
21.5126
21.0512
20.5908
20.1281
19.6562
19.1609
18.6127
17.9488
17.0969
15.8426
54.9766
51.368
48.3915
45.3975
43.0198
41.181
39.7565
38.631
37.7147
36.9423
36.2681
35.6603
35.0971
34.5636
34.0494
33.5477
33.0537
32.5643
32.0775
31.592
31.107
30.6221
30.137
29.6517
29.1662
28.6805
28.1949
27.7095
27.2244
26.7397
26.2557
25.7725
25.2902
24.8092
24.3294
23.8512
23.3745
22.8995
22.4261
21.954
21.4827
21.0109
20.5361
20.0538
19.5556
19.0262
18.4391
17.7453
16.8917
15.7888
50.4758
48.6849
46.8107
44.5904
42.659
41.0568
39.7496
38.6767
37.7793
37.0092
36.3296
35.7135
35.1415
34.5996
34.0781
33.5702
33.0712
32.5777
32.0877
31.5997
31.1127
30.6263
30.14
29.6538
29.1677
28.6815
28.1954
27.7096
27.224
26.7389
26.2543
25.7705
25.2874
24.8052
24.3241
23.844
23.365
22.8868
22.4093
21.9319
21.4535
20.9724
20.4854
19.9875
19.4698
18.9185
18.3112
17.6134
16.7897
15.8125
47.2151
46.468
45.3388
43.7269
42.1907
40.8267
39.6554
38.656
37.7955
37.0416
36.3671
35.7502
35.1746
34.6281
34.1019
33.5896
33.0867
32.5899
32.0972
31.607
31.1182
30.6304
30.1431
29.656
29.1691
28.6824
28.1959
27.7095
27.2235
26.7379
26.2527
25.7682
25.2842
24.801
24.3184
23.8366
23.3552
22.8741
22.3929
21.9106
21.426
20.937
20.4403
19.9306
19.3999
18.8362
18.2222
17.5349
16.7534
15.8797
44.8153
44.6542
44.02
42.8735
41.6718
40.5304
39.4992
38.584
37.7721
37.0446
36.3832
35.7716
35.197
34.6493
34.1207
33.6056
33.1
32.6008
32.1058
31.6138
31.1235
30.6344
30.1461
29.6582
29.1706
28.6833
28.1962
27.7094
27.2229
26.7367
26.251
25.7657
25.2808
24.7965
24.3126
23.829
23.3455
22.8618
22.3771
21.8906
21.4008
20.9056
20.4015
19.8838
19.3454
18.7766
18.165
17.4961
16.7596
15.9696
43.0085
43.1728
42.8662
42.0694
41.1427
40.1997
39.3032
38.4755
37.7183
37.0238
36.3813
35.7798
35.2099
34.6636
34.1347
33.6184
33.1111
32.6102
32.1136
31.62
31.1284
30.6382
30.1489
29.6602
29.172
28.684
28.1964
27.7091
27.2221
26.7354
26.249
25.763
25.2773
24.792
24.3068
23.8216
23.3362
22.85
22.3624
21.8725
21.3786
20.8786
20.3694
19.8468
19.305
18.7365
18.1329
17.4858
16.7921
16.0693
41.6203
41.9616
41.8718
41.3352
40.6299
39.8582
39.0855
38.3433
37.6429
36.985
36.3651
35.7771
35.2146
34.672
34.1445
33.6282
33.1202
32.6181
32.1203
31.6255
31.1329
30.6417
30.1515
29.6621
29.1732
28.6847
28.1966
27.7088
27.2212
26.734
26.247
25.7603
25.2738
24.7874
24.301
23.8144
23.3273
22.8391
22.3491
21.8564
21.3594
20.8561
20.3439
19.819
19.277
18.7125
18.12
17.4957
16.8403
16.1714
40.5357
40.9698
41.0236
40.6792
40.1499
39.5228
38.8605
38.1983
37.5537
36.9335
36.3383
35.7659
35.2128
34.6754
34.1505
33.6353
33.1272
32.6247
32.1261
31.6304
31.1369
30.6448
30.1539
29.6638
29.1743
28.6853
28.1966
27.7083
27.2202
26.7324
26.2449
25.7575
25.2702
24.783
24.2955
23.8077
23.3191
22.8292
22.3374
21.8425
21.3434
20.8381
20.3244
19.7994
19.2596
18.7014
18.1216
17.5193
16.8974
16.272
39.6774
40.1567
40.3058
40.1032
39.7123
39.2053
38.6391
38.0495
37.4577
36.8744
36.3043
35.7484
35.2058
34.6748
34.1535
33.64
33.1326
32.6299
32.1309
31.6346
31.1404
30.6476
30.1561
29.6653
29.1753
28.6857
28.1965
27.7077
27.2192
26.7309
26.2428
25.7547
25.2668
24.7787
24.2903
23.8014
23.3117
22.8205
22.3272
21.8309
21.3305
20.8243
20.3106
19.7869
19.251
18.7004
18.1338
17.5519
16.959
16.3686
38.9924
39.491
39.7033
39.6051
39.3224
38.9138
38.4294
37.9041
37.3605
36.8121
36.2664
35.7271
35.1954
34.6713
34.1541
33.6428
33.1364
32.6341
32.1349
31.6382
31.1434
30.6501
30.1579
29.6666
29.176
28.686
28.1964
27.7071
27.2181
26.7293
26.2406
25.752
25.2634
24.7746
24.2855
23.7957
23.305
22.8128
22.3186
21.8215
21.3205
20.8143
20.3015
19.7804
19.2494
18.7072
18.1535
17.5902
17.022
16.4602
38.4443
38.9483
39.2029
39.1813
38.9824
38.6533
38.2375
37.7677
37.2668
36.7502
36.2273
35.7039
35.1829
34.6658
34.1529
33.6441
33.1391
32.6372
32.138
31.6411
31.1459
30.6521
30.1595
29.6677
29.1766
28.6861
28.1961
27.7063
27.2169
26.7276
26.2385
25.7494
25.2602
24.7708
24.281
23.7906
23.2992
22.8063
22.3115
21.8141
21.3131
20.8077
20.2966
19.7788
19.2533
18.7196
18.1783
17.6316
17.0844
16.5459
38.0076
38.5102
38.7929
38.8275
38.693
38.4272
38.0676
37.6445
37.1805
36.6918
36.1895
35.6807
35.1697
34.6592
34.1506
33.6444
33.1407
32.6395
32.1405
31.6434
31.1479
30.6538
30.1607
29.6685
29.177
28.6861
28.1956
27.7055
27.2157
26.726
26.2364
25.7469
25.2572
24.7673
24.277
23.786
23.2941
22.8009
22.3058
21.8085
21.308
20.8038
20.2951
19.7811
19.2613
18.736
18.2061
17.6742
17.1447
16.6255
37.6644
38.1628
38.4643
38.5396
38.4538
38.2373
37.9227
37.5378
37.1045
36.6397
36.155
35.6589
35.1569
34.6525
34.1477
33.6439
33.1417
32.6411
32.1424
31.6452
31.1495
30.655
30.1616
29.6691
29.1772
28.6859
28.1951
27.7046
27.2144
26.7243
26.2344
25.7444
25.2543
24.764
24.2733
23.7819
23.2897
22.7963
22.3014
21.8044
21.3049
20.8023
20.2962
19.7862
19.2723
18.7549
18.2354
17.7165
17.2021
16.6988
37.4022
37.8958
38.2095
38.3139
38.264
38.0848
37.8049
37.45
37.0413
36.5956
36.1255
35.64
35.1455
34.6462
34.1448
33.6431
33.1421
32.6422
32.1437
31.6465
31.1506
30.6559
30.1622
29.6694
29.1772
28.6856
28.1944
27.7036
27.213
26.7226
26.2323
25.742
25.2516
24.761
24.2699
23.7783
23.286
22.7926
22.298
21.8016
21.3033
20.8026
20.2994
19.7934
19.2851
18.7751
18.2651
17.7574
17.2558
16.7657
37.2122
37.7015
38.0231
38.1473
38.1227
37.9702
37.7155
37.3828
36.9925
36.5613
36.1023
35.6249
35.1362
34.6409
34.1422
33.6422
33.1422
32.6428
32.1445
31.6474
31.1514
30.6565
30.1625
29.6694
29.1769
28.685
28.1936
27.7025
27.2116
26.721
26.2304
25.7397
25.249
24.7581
24.2669
23.7752
23.2828
22.7896
22.2954
21.7998
21.3028
20.8042
20.3038
19.8019
19.2989
18.7958
18.2941
17.7962
17.3055
16.8264
37.0885
37.5747
37.901
38.0376
38.029
37.8937
37.6556
37.3374
36.9592
36.5378
36.0862
35.6144
35.1297
34.6371
34.1403
33.6414
33.1421
32.6431
32.1449
31.6478
31.1517
30.6566
30.1625
29.6692
29.1765
28.6844
28.1927
27.7013
27.2102
26.7193
26.2284
25.7375
25.2466
24.7555
24.2641
23.7723
23.28
22.7871
22.2934
21.7988
21.3032
20.8066
20.3091
19.811
19.313
18.816
18.3216
17.8323
17.3507
16.8808
37.0275
37.5121
37.8405
37.9831
37.9823
37.8554
37.6254
37.3145
36.9424
36.5259
36.0781
35.609
35.1263
34.6351
34.1392
33.6409
33.1419
32.6431
32.145
31.6478
31.1516
30.6565
30.1622
29.6687
29.1758
28.6835
28.1916
27.7
27.2087
26.7175
26.2264
25.7354
25.2442
24.7529
24.2614
23.7697
23.2775
22.785
22.2919
21.7982
21.3041
20.8095
20.3147
19.8202
19.3266
18.8351
18.3472
17.8651
17.3912
16.929
37.0275
37.512
37.8405
37.983
37.9823
37.8554
37.6254
37.3145
36.9424
36.5258
36.078
35.609
35.1262
34.635
34.1391
33.6408
33.1417
32.6429
32.1447
31.6474
31.1512
30.6559
30.1615
29.6679
29.1749
28.6825
28.1904
27.6987
27.2072
26.7158
26.2245
25.7332
25.2419
24.7505
24.2589
23.7672
23.2752
22.783
22.2906
21.7979
21.3051
20.8124
20.3201
19.8288
19.3393
18.8526
18.3703
17.8944
17.427
16.9711
37.0884
37.5746
37.9009
38.0375
38.0289
37.8937
37.6555
37.3373
36.9592
36.5377
36.0861
35.6143
35.1295
34.6368
34.1399
33.641
33.1415
32.6424
32.144
31.6467
31.1504
30.6551
30.1606
29.6669
29.1739
28.6813
28.1891
27.6972
27.2055
26.714
26.2225
25.7311
25.2396
24.7481
24.2565
23.7648
23.273
22.7812
22.2893
21.7975
21.306
20.815
20.325
19.8366
19.3506
18.8681
18.3906
17.9198
17.4578
17.0071
37.212
37.7014
38.023
38.1472
38.1226
37.9701
37.7155
37.3827
36.9923
36.5611
36.102
35.6246
35.1358
34.6404
34.1416
33.6414
33.1412
32.6416
32.143
31.6456
31.1492
30.6539
30.1594
29.6657
29.1726
28.6799
28.1877
27.6957
27.2039
26.7122
26.2205
25.7289
25.2373
24.7457
24.2541
23.7624
23.2708
22.7792
22.2879
21.7969
21.3065
20.8171
20.3291
19.8432
19.3602
18.8812
18.4077
17.9413
17.4837
17.0373
37.402
37.8956
38.2094
38.3138
38.2639
38.0847
37.8048
37.4498
37.0411
36.5954
36.1252
35.6396
35.145
34.6455
34.144
33.6421
33.1408
32.6405
32.1416
31.644
31.1476
30.6523
30.1579
29.6642
29.1711
28.6785
28.1861
27.6941
27.2021
26.7103
26.2185
25.7268
25.235
24.7433
24.2516
23.7599
23.2684
22.7771
22.2862
21.7958
21.3064
20.8183
20.332
19.8482
19.3677
18.8917
18.4215
17.9586
17.5046
17.0616
37.6641
38.1626
38.4641
38.5394
38.4537
38.2372
37.9225
37.5376
37.1043
36.6394
36.1546
35.6584
35.1563
34.6516
34.1467
33.6426
33.14
32.6391
32.1398
31.6421
31.1457
30.6505
30.1561
29.6625
29.1695
28.6768
28.1845
27.6924
27.2003
26.7084
26.2165
25.7246
25.2327
24.7408
24.249
23.7573
23.2658
22.7746
22.284
21.7942
21.3056
20.8185
20.3335
19.8514
19.373
18.8994
18.4318
17.9717
17.5205
17.0801
38.0073
38.51
38.7927
38.8273
38.6929
38.427
38.0674
37.6442
37.1802
36.6915
36.1891
35.6801
35.169
34.6583
34.1494
33.6428
33.1387
32.6371
32.1375
31.6397
31.1434
30.6483
30.1541
29.6606
29.1677
28.6751
28.1828
27.6906
27.1985
26.7065
26.2144
25.7223
25.2302
24.7382
24.2462
23.7544
23.2629
22.7718
22.2814
21.7919
21.3038
20.8175
20.3335
19.8527
19.3759
18.904
18.4385
17.9804
17.5314
17.0931
38.444
38.948
39.2027
39.1811
38.9823
38.6531
38.2373
37.7674
37.2665
36.7498
36.2268
35.7032
35.1821
34.6647
34.1515
33.6423
33.1368
32.6344
32.1346
31.6368
31.1407
30.6458
30.1518
29.6585
29.1657
28.6733
28.181
27.6888
27.1966
26.7045
26.2123
25.72
25.2277
24.7355
24.2433
23.7513
23.2597
22.7685
22.2781
21.7888
21.301
20.8151
20.3318
19.8519
19.3761
18.9056
18.4414
17.9849
17.5374
17.1004
38.9921
39.4907
39.7031
39.6049
39.3222
38.9136
38.4292
37.9039
37.3602
36.8117
36.2659
35.7264
35.1945
34.6701
34.1525
33.6408
33.134
32.631
32.131
31.6334
31.1375
30.643
30.1493
29.6563
29.1637
28.6714
28.1792
27.687
27.1948
26.7025
26.2101
25.7177
25.2252
24.7327
24.2402
23.748
23.2561
22.7647
22.2742
21.7848
21.297
20.8113
20.3284
19.8489
19.3738
18.904
18.4407
17.9851
17.5385
17.1023
39.677
40.1564
40.3055
40.103
39.7122
39.2052
38.6389
38.0493
37.4574
36.874
36.3038
35.7477
35.2049
34.6736
34.1519
33.6379
33.1299
32.6266
32.1267
31.6294
31.134
30.6398
30.1466
29.6539
29.1616
28.6694
28.1773
27.6852
27.1929
26.7005
26.208
25.7153
25.2225
24.7297
24.2369
23.7443
23.2521
22.7604
22.2695
21.7799
21.2919
20.8061
20.3231
19.8437
19.3687
18.8992
18.4362
17.981
17.5347
17.0988
40.5353
40.9695
41.0233
40.6791
40.1497
39.5226
38.8603
38.1981
37.5534
36.9331
36.3377
35.7651
35.2118
34.6741
34.1489
33.6331
33.1245
32.6211
32.1216
31.6249
31.13
30.6365
30.1437
29.6514
29.1594
28.6675
28.1755
27.6834
27.1911
26.6985
26.2058
25.7129
25.2198
24.7266
24.2335
23.7404
23.2477
22.7555
22.2641
21.774
21.2855
20.7993
20.3159
19.8362
19.3609
18.8912
18.428
17.9726
17.5262
17.09
41.6199
41.9614
41.8716
41.335
40.6298
39.858
39.0853
38.343
37.6426
36.9846
36.3646
35.7764
35.2137
34.6707
34.1428
33.626
33.1173
32.6145
32.1157
31.6198
31.1257
30.6328
30.1407
29.6489
29.1572
28.6655
28.1737
27.6816
27.1893
26.6966
26.2037
25.7105
25.2171
24.7235
24.2298
23.7362
23.2429
22.7501
22.258
21.7672
21.278
20.791
20.3069
19.8264
19.3504
18.88
18.4162
17.9601
17.5129
17.076
43.0082
43.1726
42.866
42.0693
41.1426
40.1995
39.303
38.4753
37.718
37.0235
36.3808
35.7792
35.209
34.6624
34.1331
33.6162
33.1083
32.6065
32.1089
31.6141
31.121
30.629
30.1376
29.6463
29.1551
28.6637
28.172
27.68
27.1876
26.6948
26.2017
25.7082
25.2143
24.7203
24.226
23.7318
23.2378
22.7441
22.2512
21.7594
21.2692
20.7812
20.296
19.8144
19.3373
18.8657
18.4007
17.9434
17.4951
17.0569
44.815
44.654
44.0199
42.8733
41.6717
40.5303
39.4991
38.5839
37.7719
37.0443
36.3827
35.771
35.1962
34.6481
34.1191
33.6035
33.0972
32.5971
32.1012
31.6078
31.116
30.625
30.1344
29.6438
29.153
28.6619
28.1704
27.6785
27.186
26.6931
26.1997
25.7059
25.2116
24.717
24.2222
23.7272
23.2323
22.7377
22.2438
21.7508
21.2593
20.7699
20.2833
19.8002
19.3215
18.8483
18.3816
17.9227
17.4726
17.0328
47.2149
46.4678
45.3386
43.7268
42.1906
40.8266
39.6554
38.6559
37.7954
37.0414
36.3667
35.7497
35.1738
34.6271
34.1005
33.5876
33.084
32.5864
32.0926
31.6011
31.1108
30.621
30.1313
29.6414
29.1511
28.6604
28.169
27.6772
27.1847
26.6916
26.1979
25.7037
25.209
24.7138
24.2183
23.7225
23.2266
22.7309
22.2357
21.7414
21.2484
20.7573
20.2689
19.7839
19.3032
18.8279
18.3591
17.8979
17.4457
17.0037
50.4756
48.6847
46.8106
44.5903
42.659
41.0568
39.7496
38.6767
37.7793
37.0091
36.3294
35.7131
35.1409
34.5987
34.0769
33.5685
33.0687
32.5744
32.0834
31.594
31.1054
30.617
30.1283
29.6392
29.1494
28.659
28.1679
27.6761
27.1835
26.6903
26.1963
25.7017
25.2065
24.7107
24.2144
23.7176
23.2207
22.7238
22.2272
21.7312
21.2365
20.7434
20.2529
19.7655
19.2824
18.8046
18.3331
17.8693
17.4144
16.9698
54.9764
51.3679
48.3914
45.3975
43.0198
41.181
39.7566
38.6311
37.7148
36.9423
36.268
35.6601
35.0967
34.5629
34.0484
33.5462
33.0515
32.5613
32.0735
31.5867
31.1001
30.6131
30.1255
29.6372
29.148
28.6579
28.167
27.6752
27.1826
26.6892
26.195
25.7
25.2042
24.7077
24.2105
23.7128
23.2147
22.7164
22.2182
21.7205
21.2237
20.7284
20.2353
19.7453
19.2594
18.7785
18.3039
17.837
17.3789
16.9311
61.2443
54.529
49.9589
46.0331
43.192
41.1497
39.6483
38.5042
37.5942
36.8375
36.181
35.59
35.0413
34.5198
34.0153
33.5211
33.0328
32.5474
32.0633
31.5794
31.0949
30.6095
30.123
29.6355
29.1469
28.6572
28.1664
27.6747
27.1821
26.6885
26.1939
25.6985
25.2021
24.7049
24.2069
23.7081
23.2088
22.709
22.209
21.7093
21.2102
20.7124
20.2165
19.7234
19.2342
18.7498
18.2717
17.801
17.3392
16.8877
70.7117
58.0847
51.1609
46.255
43.0363
40.8881
39.3862
38.2762
37.4077
36.6896
36.066
35.5017
34.9743
34.4695
33.9778
33.4935
33.0126
32.533
32.0531
31.5722
31.09
30.6063
30.121
29.6343
29.1462
28.6568
28.1663
27.6746
27.1819
26.6881
26.1932
25.6973
25.2004
24.7025
24.2035
23.7036
23.2029
22.7015
22.1996
21.6976
21.196
20.6953
20.1962
19.6996
19.2066
18.7182
18.2358
17.7608
17.2947
16.8389
88.223
61.7818
51.292
45.6607
42.3524
40.2992
38.9227
37.9231
37.1422
36.4913
35.9187
35.3928
34.8942
34.411
33.9355
33.4632
32.9912
32.518
32.0429
31.5654
31.0857
30.6037
30.1196
29.6337
29.1461
28.6571
28.1667
27.675
27.1821
26.6881
26.1929
25.6966
25.1991
24.7003
24.2004
23.6993
23.197
22.6938
22.1898
21.6853
21.1807
20.6767
20.1739
19.6731
19.1756
18.6824
18.195
17.7148
17.2435
16.7826
117.139
65.0807
50.6464
44.5472
41.3725
39.5568
38.3818
37.5317
36.8586
36.2855
35.7692
35.2844
34.816
34.3549
33.8956
33.4351
32.9717
32.5048
32.0341
31.5598
31.0823
30.6018
30.1188
29.6336
29.1464
28.6576
28.1673
27.6757
27.1827
26.6885
26.193
25.6962
25.1982
24.6987
24.1978
23.6956
23.1919
22.6869
22.1809
21.6739
21.1666
20.6593
20.1528
19.648
19.1461
18.6481
18.1557
17.6704
17.1939
16.7279
8.39502
10.3725
10.4857
10.878
11.0916
11.2447
11.3362
11.3865
11.4043
11.3969
11.3691
11.3248
11.2667
11.197
11.1175
11.0297
10.9347
10.8337
10.7274
10.6165
10.5019
10.3839
10.2631
10.1399
10.0146
9.88765
9.75925
9.62965
9.49906
9.36766
9.2356
9.10301
8.97001
8.83669
8.70314
8.56941
8.43557
8.30166
8.16772
8.03378
7.89986
7.76599
7.63217
7.49842
7.36474
7.23114
7.09761
6.96417
6.8308
6.69751
6.5643
6.43115
6.29807
6.16505
6.03209
5.89918
5.76631
5.63349
5.50071
5.36796
5.23525
5.10256
4.9699
4.83726
4.70464
4.57204
4.43945
4.30687
4.17431
4.04175
3.90921
3.77667
3.64413
3.5116
3.37907
3.24655
3.11403
2.98151
2.849
2.71648
2.58397
2.45146
2.31895
2.18644
2.05392
1.92141
1.7889
1.65639
1.52388
1.39137
1.25886
1.12635
0.99384
0.86133
0.728819
0.596309
0.463799
0.331286
0.198784
0.0662484
10.8522
11.4116
11.1153
11.2819
11.3764
11.4568
11.5007
11.5173
11.5098
11.4827
11.4391
11.3818
11.313
11.2343
11.1473
11.0531
10.9528
10.8472
10.7372
10.6232
10.506
10.3859
10.2634
10.1388
10.0125
9.88478
9.7558
9.6258
9.49496
9.36342
9.23133
9.09879
8.96589
8.83273
8.69936
8.56584
8.43223
8.29855
8.16485
8.03115
7.89746
7.76381
7.6302
7.49664
7.36315
7.22972
7.09636
6.96306
6.82983
6.69667
6.56356
6.43051
6.29752
6.16458
6.03168
5.89883
5.76602
5.63325
5.50051
5.3678
5.23511
5.10245
4.96981
4.83719
4.70459
4.572
4.43942
4.30686
4.1743
4.04175
3.90921
3.77667
3.64414
3.51161
3.37909
3.24657
3.11405
2.98153
2.84901
2.7165
2.58398
2.45147
2.31896
2.18645
2.05394
1.92142
1.78891
1.6564
1.52389
1.39138
1.25887
1.12636
0.993845
0.861334
0.728822
0.596311
0.4638
0.331287
0.198781
0.066254
12.1987
12.1664
11.6878
11.6783
11.6663
11.6757
11.6714
11.6531
11.6193
11.5716
11.5116
11.4409
11.3609
11.273
11.1782
11.0774
10.9716
10.8615
10.7475
10.6304
10.5105
10.3882
10.264
10.138
10.0107
9.88208
9.75249
9.62206
9.49094
9.35926
9.22711
9.0946
8.9618
8.82878
8.69559
8.56228
8.42888
8.29544
8.16197
8.0285
7.89504
7.7616
7.62821
7.49485
7.36155
7.22829
7.09509
6.96194
6.82885
6.6958
6.56281
6.42986
6.29695
6.16409
6.03127
5.89848
5.76573
5.633
5.5003
5.36763
5.23498
5.10234
4.96973
4.83712
4.70454
4.57196
4.4394
4.30684
4.17429
4.04175
3.90921
3.77668
3.64415
3.51162
3.3791
3.24658
3.11406
2.98154
2.84903
2.71651
2.584
2.45148
2.31897
2.18646
2.05395
1.92143
1.78892
1.65641
1.5239
1.39139
1.25887
1.12636
0.99385
0.861337
0.728825
0.596313
0.463801
0.331288
0.198778
0.0662593
13.1207
12.7592
12.1961
12.0526
11.9512
11.8955
11.8446
11.7916
11.7312
11.6627
11.5859
11.5015
11.4101
11.3127
11.2099
11.1025
10.9911
10.8762
10.7583
10.6379
10.5153
10.3909
10.2648
10.1375
10.009
9.87952
9.74929
9.61841
9.487
9.35515
9.22294
9.09044
8.95773
8.82484
8.69182
8.55871
8.42553
8.29231
8.15907
8.02583
7.8926
7.75938
7.6262
7.49304
7.35992
7.22684
7.0938
6.9608
6.82784
6.69492
6.56204
6.42919
6.29638
6.1636
6.03085
5.89812
5.76542
5.63275
5.50009
5.36745
5.23483
5.10223
4.96963
4.83705
4.70448
4.57192
4.43937
4.30682
4.17428
4.04174
3.90921
3.77668
3.64415
3.51163
3.37911
3.24659
3.11407
2.98156
2.84904
2.71653
2.58401
2.4515
2.31898
2.18647
2.05396
1.92144
1.78893
1.65642
1.52391
1.39139
1.25888
1.12637
0.993854
0.861341
0.728828
0.596315
0.463802
0.331289
0.198775
0.0662645
13.7908
13.2442
12.6424
12.3992
12.225
12.1115
12.0172
11.9306
11.8442
11.7548
11.6612
11.5629
11.4601
11.3531
11.2423
11.1281
11.011
10.8913
10.7695
10.6457
10.5204
10.3937
10.2658
10.137
10.0074
9.87704
9.74617
9.61483
9.4831
9.35107
9.21879
9.08631
8.95367
8.82091
8.68805
8.55513
8.42217
8.28918
8.15617
8.02316
7.89015
7.75715
7.62418
7.49122
7.35829
7.22538
7.0925
6.95965
6.82683
6.69404
6.56126
6.42852
6.2958
6.1631
6.03042
5.89776
5.76511
5.63249
5.49987
5.36727
5.23469
5.10211
4.96954
4.83698
4.70442
4.57188
4.43933
4.3068
4.17426
4.04173
3.90921
3.77668
3.64416
3.51164
3.37912
3.2466
3.11409
2.98157
2.84905
2.71654
2.58402
2.45151
2.319
2.18648
2.05397
1.92145
1.78894
1.65643
1.52391
1.3914
1.25889
1.12637
0.993859
0.861345
0.728831
0.596318
0.463803
0.33129
0.198772
0.0662696
14.2834
13.6456
13.0317
12.7164
12.484
12.3206
12.1866
12.0685
11.9569
11.8471
11.7368
11.6247
11.5104
11.3938
11.2749
11.1539
11.0311
10.9066
10.7807
10.6537
10.5256
10.3966
10.2669
10.1366
10.0058
9.87463
9.74309
9.61128
9.47924
9.34702
9.21466
9.08218
8.94962
8.81698
8.68429
8.55156
8.41881
8.28604
8.15326
8.02047
7.88769
7.75491
7.62215
7.48939
7.35664
7.22391
7.0912
6.9585
6.82581
6.69314
6.56048
6.42784
6.29521
6.16259
6.02998
5.89739
5.7648
5.63222
5.49965
5.36709
5.23454
5.10199
4.96944
4.8369
4.70437
4.57183
4.4393
4.30678
4.17425
4.04173
3.90921
3.77669
3.64417
3.51165
3.37913
3.24662
3.1141
2.98158
2.84907
2.71655
2.58404
2.45152
2.31901
2.18649
2.05398
1.92147
1.78895
1.65644
1.52392
1.39141
1.25889
1.12638
0.993864
0.861349
0.728835
0.59632
0.463805
0.331291
0.19877
0.0662745
14.6568
13.9824
13.3708
13.0044
12.7263
12.5203
12.351
12.2036
12.068
11.9386
11.8119
11.6863
11.5606
11.4344
11.3075
11.1797
11.0512
10.9219
10.7921
10.6616
10.5308
10.3995
10.268
10.1363
10.0043
9.87223
9.74003
9.60774
9.47538
9.34298
9.21054
9.07806
8.94557
8.81305
8.68053
8.54799
8.41545
8.2829
8.15034
8.01779
7.88523
7.75267
7.62011
7.48755
7.355
7.22244
7.08989
6.95734
6.82479
6.69224
6.5597
6.42716
6.29462
6.16208
6.02955
5.89702
5.76449
5.63196
5.49943
5.36691
5.23439
5.10186
4.96934
4.83682
4.70431
4.57179
4.43927
4.30675
4.17424
4.04172
3.9092
3.77669
3.64417
3.51166
3.37914
3.24663
3.11411
2.9816
2.84908
2.71657
2.58405
2.45154
2.31902
2.18651
2.05399
1.92148
1.78896
1.65645
1.52393
1.39141
1.2589
1.12638
0.993869
0.861353
0.728838
0.596322
0.463806
0.331292
0.198768
0.0662792
14.9507
14.2691
13.6668
13.2648
12.9512
12.7094
12.5088
12.3348
12.1767
12.0284
11.886
11.7471
11.6103
11.4747
11.3398
11.2054
11.0711
10.9371
10.8033
10.6695
10.5359
10.4024
10.2691
10.1359
10.0028
9.8698
9.73695
9.60419
9.47152
9.33893
9.20641
9.07394
8.94152
8.80913
8.67676
8.54442
8.41209
8.27976
8.14743
8.0151
7.88277
7.75043
7.61808
7.48572
7.35335
7.22097
7.08858
6.95618
6.82376
6.69134
6.55891
6.42647
6.29403
6.16157
6.02911
5.89664
5.76417
5.63169
5.49921
5.36673
5.23424
5.10174
4.96925
4.83675
4.70425
4.57174
4.43924
4.30673
4.17422
4.04171
3.9092
3.77669
3.64418
3.51167
3.37915
3.24664
3.11413
2.98161
2.8491
2.71658
2.58407
2.45155
2.31903
2.18652
2.054
1.92149
1.78897
1.65645
1.52394
1.39142
1.25891
1.12639
0.993873
0.861357
0.728841
0.596324
0.463807
0.331293
0.198766
0.0662837
15.1898
14.516
13.9258
13.4997
13.1585
12.887
12.6591
12.4609
12.282
12.116
11.9585
11.8068
11.6591
11.5143
11.3716
11.2305
11.0907
10.952
10.8142
10.6772
10.5409
10.4052
10.27
10.1354
10.0012
9.86733
9.73382
9.60061
9.46763
9.33487
9.20227
9.06981
8.93746
8.8052
8.673
8.54085
8.40873
8.27662
8.14452
8.01242
7.88031
7.74819
7.61605
7.48389
7.3517
7.2195
7.08727
6.95502
6.82274
6.69045
6.55813
6.42579
6.29344
6.16106
6.02868
5.89627
5.76386
5.63143
5.49899
5.36654
5.23409
5.10162
4.96915
4.83667
4.70419
4.5717
4.43921
4.30671
4.17421
4.04171
3.9092
3.77669
3.64419
3.51168
3.37916
3.24665
3.11414
2.98162
2.84911
2.71659
2.58408
2.45156
2.31905
2.18653
2.05401
1.9215
1.78898
1.65646
1.52395
1.39143
1.25891
1.1264
0.993878
0.861361
0.728844
0.596327
0.463808
0.331294
0.198764
0.0662879
15.3895
14.7309
14.1535
13.7113
13.3488
13.0528
12.8011
12.5812
12.3832
12.2005
12.0287
11.8648
11.7066
11.5529
11.4026
11.255
11.1098
10.9665
10.8248
10.6846
10.5456
10.4077
10.2708
10.1348
9.99943
9.86475
9.73062
9.59696
9.4637
9.33077
9.1981
9.06566
8.9334
8.80127
8.66924
8.53728
8.40537
8.27349
8.14162
8.00975
7.87786
7.74596
7.61402
7.48206
7.35007
7.21804
7.08597
6.95387
6.82173
6.68956
6.55735
6.42512
6.29285
6.16056
6.02824
5.89591
5.76355
5.63117
5.49877
5.36636
5.23394
5.1015
4.96905
4.83659
4.70413
4.57165
4.43917
4.30669
4.1742
4.0417
3.9092
3.7767
3.64419
3.51169
3.37918
3.24666
3.11415
2.98164
2.84912
2.71661
2.58409
2.45158
2.31906
2.18654
2.05402
1.92151
1.78899
1.65647
1.52395
1.39144
1.25892
1.1264
0.993883
0.861365
0.728847
0.596329
0.46381
0.331295
0.198762
0.0662918
15.5601
14.9193
14.3544
13.9018
13.5229
13.2066
12.9345
12.6953
12.4798
12.2817
12.0964
11.9207
11.7525
11.5901
11.4325
11.2787
11.1281
10.9803
10.8349
10.6915
10.55
10.41
10.2714
10.1339
9.99754
9.86205
9.72732
9.59324
9.4597
9.32662
9.19391
9.06149
8.92932
8.79732
8.66547
8.53371
8.40202
8.27036
8.13872
8.00708
7.87542
7.74374
7.61201
7.48025
7.34844
7.21658
7.08468
6.95272
6.82072
6.68867
6.55658
6.42445
6.29227
6.16006
6.02782
5.89554
5.76324
5.63091
5.49856
5.36618
5.23379
5.10138
4.96896
4.83652
4.70407
4.57161
4.43914
4.30667
4.17418
4.04169
3.9092
3.7767
3.6442
3.51169
3.37919
3.24668
3.11417
2.98165
2.84914
2.71662
2.58411
2.45159
2.31907
2.18655
2.05404
1.92152
1.789
1.65648
1.52396
1.39144
1.25893
1.12641
0.993888
0.861369
0.72885
0.596332
0.463811
0.331296
0.19876
0.0662955
15.7083
15.0856
14.5322
14.0731
13.6817
13.3486
13.0589
12.8025
12.5712
12.3588
12.1609
11.9742
11.7965
11.6258
11.4611
11.3012
11.1455
10.9934
10.8443
10.6979
10.5539
10.4118
10.2716
10.1329
9.99545
9.85918
9.72388
9.58941
9.45562
9.32241
9.18966
9.05729
8.92522
8.79337
8.6617
8.53015
8.39868
8.26725
8.13584
8.00443
7.873
7.74153
7.61002
7.47846
7.34683
7.21515
7.0834
6.95159
6.81973
6.6878
6.55582
6.42379
6.2917
6.15957
6.0274
5.89519
5.76294
5.63066
5.49835
5.36601
5.23365
5.10127
4.96887
4.83645
4.70402
4.57157
4.43911
4.30665
4.17417
4.04169
3.9092
3.77671
3.64421
3.5117
3.3792
3.24669
3.11418
2.98167
2.84915
2.71664
2.58412
2.4516
2.31908
2.18657
2.05405
1.92153
1.78901
1.65649
1.52397
1.39145
1.25893
1.12641
0.993893
0.861373
0.728854
0.596334
0.463813
0.331297
0.198759
0.0662988
15.8386
15.233
14.69
14.227
13.826
13.4791
13.1743
12.9028
12.6572
12.4317
12.222
12.025
11.8382
11.6597
11.4882
11.3225
11.1619
11.0056
10.853
10.7037
10.5573
10.4133
10.2714
10.1315
9.9931
9.85611
9.72029
9.58545
9.45145
9.31813
9.18536
9.05305
8.92109
8.78941
8.65792
8.52659
8.39534
8.26415
8.13298
8.0018
7.8706
7.73935
7.60805
7.47668
7.34524
7.21373
7.08214
6.95048
6.81875
6.68695
6.55507
6.42314
6.29114
6.15909
6.02699
5.89484
5.76265
5.63041
5.49814
5.36584
5.23351
5.10116
4.96878
4.83638
4.70396
4.57153
4.43909
4.30663
4.17416
4.04169
3.9092
3.77671
3.64422
3.51171
3.37921
3.2467
3.11419
2.98168
2.84917
2.71665
2.58413
2.45161
2.3191
2.18658
2.05406
1.92154
1.78902
1.6565
1.52398
1.39146
1.25894
1.12642
0.993898
0.861377
0.728857
0.596337
0.463815
0.331298
0.198758
0.0663019
15.9541
15.3641
14.8303
14.3653
13.9568
13.5985
13.2807
12.9959
12.7374
12.4999
12.2795
12.0727
11.8774
11.6915
11.5135
11.3424
11.177
11.0168
10.8609
10.7088
10.5601
10.4142
10.2709
10.1297
9.99047
9.8528
9.7165
9.58135
9.44716
9.31376
9.181
9.04877
8.91694
8.78543
8.65415
8.52303
8.39202
8.26107
8.13013
7.99919
7.86822
7.73719
7.6061
7.47493
7.34367
7.21233
7.08091
6.94939
6.81779
6.68611
6.55434
6.42251
6.2906
6.15862
6.02659
5.8945
5.76236
5.63017
5.49795
5.36568
5.23338
5.10105
4.96869
4.83632
4.70391
4.5715
4.43906
4.30661
4.17415
4.04168
3.9092
3.77672
3.64422
3.51173
3.37922
3.24672
3.11421
2.98169
2.84918
2.71666
2.58415
2.45163
2.31911
2.18659
2.05407
1.92155
1.78903
1.65651
1.52399
1.39147
1.25894
1.12642
0.993903
0.861382
0.72886
0.596339
0.463816
0.331299
0.198757
0.0663046
16.057
15.4807
14.9551
14.4892
14.0748
13.7071
13.3782
13.0817
12.8117
12.5633
12.3329
12.1172
11.9138
11.721
11.5369
11.3606
11.1908
11.0268
10.8677
10.713
10.5621
10.4146
10.2698
10.1276
9.98751
9.84923
9.7125
9.57707
9.44273
9.30929
9.17657
9.04444
8.91276
8.78143
8.65036
8.51948
8.38871
8.258
8.12731
7.99661
7.86587
7.73506
7.60418
7.4732
7.34214
7.21097
7.0797
6.94832
6.81685
6.68529
6.55363
6.42189
6.29007
6.15817
6.0262
5.89417
5.76209
5.62995
5.49776
5.36552
5.23325
5.10095
4.96862
4.83625
4.70387
4.57146
4.43904
4.3066
4.17415
4.04168
3.90921
3.77672
3.64423
3.51174
3.37924
3.24673
3.11422
2.98171
2.84919
2.71668
2.58416
2.45164
2.31912
2.1866
2.05408
1.92156
1.78904
1.65652
1.52399
1.39147
1.25895
1.12643
0.993908
0.861386
0.728864
0.596342
0.463818
0.331301
0.198757
0.066307
16.1488
15.5845
15.0659
14.5999
14.181
13.8055
13.467
13.1602
12.8799
12.6217
12.3821
12.1581
11.9474
11.7479
11.5583
11.377
11.2031
11.0355
10.8735
10.7163
10.5634
10.4142
10.2683
10.125
9.98417
9.84535
9.70826
9.57261
9.43816
9.30471
9.17205
9.04005
8.90854
8.77742
8.64658
8.51593
8.38541
8.25495
8.12452
7.99406
7.86355
7.73296
7.60229
7.47151
7.34063
7.20963
7.07851
6.94728
6.81594
6.68449
6.55294
6.4213
6.28956
6.15773
6.02583
5.89386
5.76182
5.62973
5.49758
5.36538
5.23314
5.10086
4.96854
4.8362
4.70383
4.57143
4.43902
4.30659
4.17414
4.04168
3.90921
3.77673
3.64425
3.51175
3.37925
3.24675
3.11424
2.98172
2.84921
2.71669
2.58417
2.45165
2.31913
2.18661
2.05409
1.92157
1.78905
1.65652
1.524
1.39148
1.25896
1.12643
0.993912
0.86139
0.728867
0.596345
0.46382
0.331302
0.198757
0.066309
16.2307
15.6768
15.1642
14.6985
14.276
13.8939
13.5473
13.2314
12.9419
12.6748
12.4269
12.1953
11.9777
11.7723
11.5773
11.3915
11.2137
11.0428
10.8781
10.7186
10.5639
10.4132
10.2661
10.1219
9.98043
9.84115
9.70375
9.56793
9.43342
9.3
9.16745
9.0356
8.90428
8.77339
8.64279
8.51239
8.38213
8.25193
8.12175
7.99154
7.86126
7.7309
7.60044
7.46986
7.33915
7.20832
7.07736
6.94627
6.81506
6.68373
6.55228
6.42072
6.28907
6.15732
6.02548
5.89356
5.76158
5.62952
5.49741
5.36524
5.23303
5.10077
4.96848
4.83615
4.70379
4.57141
4.43901
4.30658
4.17414
4.04169
3.90922
3.77674
3.64426
3.51176
3.37927
3.24676
3.11425
2.98174
2.84922
2.71671
2.58419
2.45167
2.31915
2.18663
2.0541
1.92158
1.78906
1.65653
1.52401
1.39149
1.25896
1.12644
0.993917
0.861394
0.728871
0.596347
0.463822
0.331303
0.198757
0.0663107
16.3035
15.7584
15.251
14.7858
14.3605
13.9729
13.6192
13.2954
12.9977
12.7227
12.4672
12.2286
12.0048
11.7938
11.5939
11.4039
11.2225
11.0486
10.8813
10.7199
10.5634
10.4114
10.2632
10.1183
9.97624
9.83658
9.69894
9.56302
9.42851
9.29516
9.16275
9.03108
8.89999
8.76933
8.63899
8.50887
8.37887
8.24894
8.11901
7.98905
7.85901
7.72888
7.59863
7.46824
7.33772
7.20706
7.07625
6.9453
6.81421
6.68299
6.55164
6.42018
6.2886
6.15692
6.02514
5.89328
5.76134
5.62933
5.49725
5.36511
5.23293
5.10069
4.96842
4.8361
4.70376
4.57139
4.43899
4.30658
4.17414
4.04169
3.90923
3.77676
3.64427
3.51178
3.37928
3.24678
3.11427
2.98176
2.84924
2.71672
2.5842
2.45168
2.31916
2.18664
2.05411
1.92159
1.78907
1.65654
1.52402
1.39149
1.25897
1.12645
0.993922
0.861398
0.728874
0.59635
0.463824
0.331305
0.198757
0.0663122
16.3677
15.8302
15.3272
14.8625
14.4349
14.0427
13.6829
13.3522
13.0473
12.7651
12.5028
12.2579
12.0284
11.8123
11.608
11.4141
11.2294
11.0528
10.8832
10.7199
10.562
10.4088
10.2597
10.1141
9.97157
9.83161
9.69383
9.55786
9.4234
9.29017
9.15794
9.02649
8.89564
8.76525
8.63519
8.50535
8.37563
8.24598
8.11632
7.98661
7.85681
7.7269
7.59686
7.46667
7.33633
7.20583
7.07517
6.94436
6.81339
6.68228
6.55103
6.41966
6.28816
6.15655
6.02483
5.89302
5.76113
5.62915
5.49711
5.365
5.23284
5.10062
4.96836
4.83607
4.70374
4.57137
4.43899
4.30658
4.17415
4.0417
3.90924
3.77677
3.64429
3.5118
3.3793
3.24679
3.11428
2.98177
2.84926
2.71674
2.58422
2.4517
2.31917
2.18665
2.05413
1.9216
1.78908
1.65655
1.52403
1.3915
1.25898
1.12645
0.993927
0.861403
0.728878
0.596353
0.463826
0.331307
0.198757
0.0663133
16.424
15.8928
15.3936
14.9294
14.4999
14.1038
13.7387
13.4019
13.0906
12.802
12.5336
12.2831
12.0484
11.8277
11.6194
11.422
11.2344
11.0552
10.8836
10.7186
10.5594
10.4052
10.2554
10.1093
9.96639
9.82623
9.68837
9.55244
9.41809
9.28503
9.15302
9.02182
8.89125
8.76115
8.63139
8.50184
8.37242
8.24305
8.11366
7.98421
7.85465
7.72497
7.59514
7.46515
7.33499
7.20465
7.07414
6.94346
6.81262
6.68161
6.55046
6.41917
6.28774
6.1562
6.02454
5.89278
5.76093
5.62899
5.49698
5.3649
5.23276
5.10056
4.96832
4.83604
4.70372
4.57136
4.43898
4.30658
4.17416
4.04171
3.90926
3.77678
3.6443
3.51181
3.37932
3.24681
3.1143
2.98179
2.84927
2.71675
2.58423
2.45171
2.31919
2.18666
2.05414
1.92161
1.78909
1.65656
1.52403
1.39151
1.25898
1.12646
0.993932
0.861407
0.728881
0.596356
0.463829
0.331308
0.198758
0.0663141
16.4728
15.9468
15.4506
14.987
14.5558
14.1563
13.7867
13.4446
13.1276
12.8334
12.5595
12.3039
12.0646
11.8398
11.6279
11.4275
11.2372
11.0559
10.8825
10.7161
10.5558
10.4007
10.2503
10.1038
9.96065
9.8204
9.68256
9.54673
9.41255
9.27973
9.14798
9.01707
8.88681
8.75703
8.62758
8.49835
8.36923
8.24015
8.11104
7.98185
7.85255
7.7231
7.59348
7.46368
7.3337
7.20352
7.07316
6.94261
6.81188
6.68098
6.54992
6.41871
6.28736
6.15587
6.02427
5.89256
5.76075
5.62885
5.49686
5.36481
5.23269
5.10051
4.96829
4.83602
4.70371
4.57136
4.43899
4.30659
4.17417
4.04173
3.90927
3.7768
3.64432
3.51183
3.37933
3.24683
3.11432
2.98181
2.84929
2.71677
2.58425
2.45172
2.3192
2.18667
2.05415
1.92162
1.78909
1.65657
1.52404
1.39152
1.25899
1.12646
0.993937
0.861411
0.728885
0.596359
0.463831
0.33131
0.198759
0.0663146
16.5143
15.9926
15.4989
15.0357
14.6031
14.2007
13.827
13.4803
13.1584
12.8592
12.5806
12.3205
12.0771
11.8486
11.6335
11.4304
11.2378
11.0546
10.8797
10.7121
10.5509
10.3952
10.2443
10.0976
9.95434
9.8141
9.67637
9.54072
9.40679
9.27425
9.14281
9.01224
8.88232
8.75289
8.62378
8.49488
8.36608
8.2373
8.10848
7.97956
7.8505
7.72128
7.59187
7.46227
7.33246
7.20244
7.07222
6.9418
6.81119
6.68039
6.54942
6.41829
6.287
6.15558
6.02403
5.89236
5.76059
5.62872
5.49677
5.36473
5.23264
5.10048
4.96826
4.836
4.7037
4.57136
4.43899
4.3066
4.17418
4.04174
3.90929
3.77682
3.64434
3.51185
3.37935
3.24685
3.11434
2.98182
2.84931
2.71678
2.58426
2.45174
2.31921
2.18669
2.05416
1.92163
1.7891
1.65658
1.52405
1.39152
1.259
1.12647
0.993942
0.861416
0.728889
0.596362
0.463834
0.331312
0.198761
0.0663148
16.5488
16.0306
15.5389
15.0759
14.642
14.2371
13.86
13.5092
13.183
12.8794
12.5966
12.3326
12.0856
11.8539
11.6361
11.4306
11.2361
11.0514
10.8752
10.7067
10.5448
10.3886
10.2375
10.0906
9.94742
9.80731
9.66978
9.5344
9.40079
9.26859
9.13752
9.00732
8.87778
8.74872
8.61997
8.49142
8.36295
8.23449
8.10596
7.97731
7.84851
7.71952
7.59033
7.46092
7.33128
7.20142
7.07134
6.94105
6.81054
6.67984
6.54896
6.4179
6.28668
6.15532
6.02381
5.89219
5.76045
5.62861
5.49669
5.36468
5.23259
5.10045
4.96825
4.836
4.7037
4.57137
4.43901
4.30662
4.1742
4.04177
3.90931
3.77684
3.64436
3.51187
3.37938
3.24687
3.11436
2.98184
2.84932
2.7168
2.58428
2.45175
2.31922
2.1867
2.05417
1.92164
1.78911
1.65659
1.52406
1.39153
1.259
1.12647
0.993947
0.86142
0.728892
0.596365
0.463836
0.331314
0.198762
0.0663148
16.5766
16.0611
15.5709
15.108
14.673
14.2658
13.8857
13.5314
13.2014
12.8941
12.6076
12.3401
12.0901
11.8557
11.6356
11.4281
11.2321
11.0461
10.869
10.6997
10.5374
10.381
10.2297
10.0829
9.93987
9.8
9.66278
9.52776
9.39453
9.26275
9.1321
9.00232
8.87319
8.74453
8.61617
8.48799
8.35987
8.23173
8.1035
7.97514
7.84659
7.71783
7.58885
7.45963
7.33017
7.20046
7.07052
6.94034
6.80995
6.67934
6.54854
6.41755
6.2864
6.15509
6.02363
5.89204
5.76034
5.62853
5.49662
5.36463
5.23257
5.10043
4.96824
4.836
4.70371
4.57139
4.43903
4.30664
4.17422
4.04179
3.90934
3.77687
3.64439
3.5119
3.3794
3.24689
3.11438
2.98186
2.84934
2.71682
2.58429
2.45177
2.31924
2.18671
2.05418
1.92165
1.78912
1.65659
1.52407
1.39154
1.25901
1.12648
0.993952
0.861424
0.728896
0.596368
0.463839
0.331316
0.198764
0.0663146
16.5978
16.0844
15.5953
15.1323
14.6961
14.287
13.9042
13.5469
13.2137
12.9031
12.6135
12.3431
12.0905
11.8539
11.6319
11.4229
11.2255
11.0386
10.8609
10.6912
10.5286
10.3722
10.221
10.0744
9.93166
9.79215
9.65535
9.52078
9.38802
9.25671
9.12654
8.99723
8.86855
8.74033
8.61238
8.48458
8.35682
8.22902
8.10111
7.97302
7.84473
7.71621
7.58744
7.45841
7.32912
7.19957
7.06976
6.9397
6.80941
6.67889
6.54817
6.41725
6.28615
6.15489
6.02348
5.89193
5.76025
5.62847
5.49658
5.36461
5.23256
5.10043
4.96825
4.83602
4.70373
4.57141
4.43905
4.30667
4.17425
4.04182
3.90936
3.7769
3.64441
3.51192
3.37942
3.24691
3.1144
2.98188
2.84936
2.71683
2.58431
2.45178
2.31925
2.18672
2.05419
1.92166
1.78913
1.6566
1.52407
1.39154
1.25901
1.12649
0.993957
0.861429
0.7289
0.596372
0.463842
0.331318
0.198766
0.0663141
16.6127
16.1008
15.6123
15.149
14.7118
14.3008
13.9157
13.5558
13.2198
12.9065
12.6142
12.3415
12.0868
11.8484
11.6248
11.4147
11.2165
11.0289
10.8508
10.681
10.5185
10.3622
10.2113
10.0651
9.92277
9.78376
9.64749
9.51346
9.38125
9.25048
9.12084
8.99205
8.86387
8.7361
8.60859
8.48121
8.35383
8.22637
8.09877
7.97098
7.84296
7.71467
7.58611
7.45727
7.32815
7.19874
7.06906
6.93912
6.80892
6.67849
6.54785
6.41699
6.28595
6.15473
6.02335
5.89184
5.76019
5.62843
5.49656
5.3646
5.23256
5.10045
4.96827
4.83604
4.70376
4.57144
4.43909
4.3067
4.17429
4.04185
3.9094
3.77693
3.64444
3.51195
3.37945
3.24694
3.11442
2.9819
2.84938
2.71685
2.58432
2.45179
2.31926
2.18673
2.0542
1.92167
1.78914
1.65661
1.52408
1.39155
1.25902
1.12649
0.993962
0.861433
0.728904
0.596375
0.463844
0.33132
0.198769
0.0663135
16.6213
16.1104
15.6221
15.1584
14.7201
14.3074
13.9204
13.5582
13.2199
12.9042
12.6098
12.3352
12.0788
11.8391
11.6145
11.4035
11.2048
11.017
10.8389
10.6692
10.5069
10.351
10.2006
10.0549
9.91319
9.77481
9.63917
9.50579
9.37421
9.24406
9.11501
8.98678
8.85914
8.73187
8.60483
8.47787
8.35088
8.22379
8.09652
7.96902
7.84126
7.71321
7.58486
7.45621
7.32725
7.19799
7.06843
6.9386
6.8085
6.67815
6.54757
6.41678
6.28578
6.15461
6.02327
5.89178
5.76015
5.62841
5.49656
5.36461
5.23258
5.10047
4.9683
4.83608
4.7038
4.57148
4.43912
4.30674
4.17432
4.04189
3.90943
3.77696
3.64447
3.51198
3.37947
3.24696
3.11444
2.98192
2.8494
2.71687
2.58434
2.45181
2.31928
2.18675
2.05421
1.92168
1.78915
1.65662
1.52409
1.39156
1.25903
1.1265
0.993967
0.861437
0.728908
0.596378
0.463847
0.331322
0.198771
0.0663127
16.6239
16.1134
15.625
15.1606
14.7212
14.307
13.9182
13.554
13.2138
12.8963
12.6002
12.3242
12.0666
11.8259
11.6007
11.3894
11.1905
11.0028
10.8249
10.6556
10.4938
10.3385
10.1888
10.0439
9.9029
9.76528
9.6304
9.49776
9.3669
9.23744
9.10905
8.98144
8.85436
8.72763
8.60108
8.47457
8.348
8.22127
8.09434
7.96714
7.83965
7.71184
7.5837
7.45523
7.32643
7.19731
7.06788
6.93815
6.80814
6.67787
6.54735
6.41661
6.28566
6.15453
6.02322
5.89175
5.76015
5.62842
5.49658
5.36464
5.23262
5.10052
4.96835
4.83612
4.70385
4.57153
4.43917
4.30678
4.17436
4.04193
3.90947
3.77699
3.64451
3.51201
3.3795
3.24699
3.11447
2.98194
2.84942
2.71689
2.58436
2.45182
2.31929
2.18676
2.05422
1.92169
1.78916
1.65663
1.52409
1.39156
1.25903
1.1265
0.993972
0.861442
0.728911
0.596382
0.46385
0.331324
0.198774
0.0663117
16.6206
16.1099
15.6211
15.1559
14.7152
14.2997
13.9092
13.5435
13.2016
12.8827
12.5854
12.3083
12.05
11.8089
11.5834
11.3721
11.1735
10.9862
10.8089
10.6402
10.4792
10.3248
10.176
10.0319
9.89189
9.75517
9.62117
9.48937
9.35933
9.23063
9.10296
8.97601
8.84956
8.7234
8.59736
8.47132
8.34518
8.21884
8.09224
7.96535
7.83813
7.71056
7.58263
7.45434
7.3257
7.19671
7.0674
6.93777
6.80785
6.67765
6.54719
6.4165
6.28559
6.15449
6.0232
5.89176
5.76017
5.62846
5.49663
5.36469
5.23267
5.10057
4.96841
4.83618
4.7039
4.57158
4.43922
4.30683
4.17441
4.04197
3.90951
3.77703
3.64454
3.51204
3.37953
3.24701
3.11449
2.98197
2.84944
2.71691
2.58437
2.45184
2.3193
2.18677
2.05424
1.9217
1.78917
1.65663
1.5241
1.39157
1.25904
1.12651
0.993976
0.861446
0.728915
0.596385
0.463853
0.331327
0.198777
0.0663106
16.6115
16.1002
15.6105
15.1442
14.7024
14.2854
13.8936
13.5265
13.1834
12.8634
12.5653
12.2877
12.0291
11.7879
11.5627
11.3518
11.1538
10.9672
10.7907
10.6231
10.4631
10.3098
10.1621
10.0191
9.88015
9.74447
9.61148
9.48064
9.35149
9.22364
9.09674
8.97052
8.84473
8.71917
8.59368
8.46813
8.34243
8.21648
8.09024
7.96366
7.83671
7.70937
7.58165
7.45354
7.32506
7.1962
7.067
6.93747
6.80762
6.67749
6.54709
6.41644
6.28557
6.15449
6.02323
5.8918
5.76023
5.62852
5.4967
5.36477
5.23275
5.10065
4.96848
4.83625
4.70397
4.57165
4.43928
4.30689
4.17446
4.04202
3.90955
3.77707
3.64458
3.51207
3.37956
3.24704
3.11452
2.98199
2.84946
2.71692
2.58439
2.45185
2.31932
2.18678
2.05425
1.92171
1.78918
1.65664
1.52411
1.39158
1.25904
1.12651
0.993981
0.86145
0.728919
0.596389
0.463857
0.331329
0.19878
0.0663095
16.5967
16.0843
15.5934
15.1259
14.6826
14.2644
13.8713
13.5031
13.1591
12.8384
12.5399
12.2622
12.0037
11.7629
11.5383
11.3282
11.1312
10.9458
10.7705
10.6041
10.4455
10.2935
10.1471
10.0054
9.86767
9.73319
9.60132
9.47155
9.34339
9.21646
9.09041
8.96496
8.83988
8.71496
8.59004
8.46501
8.33976
8.21422
8.08834
7.96207
7.83539
7.7083
7.58078
7.45285
7.32451
7.19578
7.06669
6.93724
6.80747
6.6774
6.54704
6.41643
6.28559
6.15454
6.0233
5.89188
5.76031
5.62861
5.49679
5.36486
5.23284
5.10074
4.96857
4.83633
4.70405
4.57172
4.43935
4.30695
4.17452
4.04207
3.9096
3.77712
3.64462
3.51211
3.37959
3.24707
3.11454
2.98201
2.84948
2.71694
2.58441
2.45187
2.31933
2.18679
2.05426
1.92172
1.78918
1.65665
1.52412
1.39158
1.25905
1.12652
0.993986
0.861454
0.728923
0.596392
0.46386
0.331332
0.198784
0.0663082
16.5763
16.0623
15.5699
15.1008
14.6562
14.2366
13.8424
13.4732
13.1287
12.8077
12.5092
12.2317
11.9738
11.7338
11.5103
11.3014
11.1058
10.9218
10.7481
10.5833
10.4263
10.2758
10.131
9.99078
9.85447
9.72132
9.59072
9.46212
9.33505
9.20911
9.08398
8.95936
8.83502
8.71077
8.58646
8.46197
8.33719
8.21207
8.08655
7.96059
7.83419
7.70733
7.58002
7.45226
7.32406
7.19546
7.06646
6.9371
6.80739
6.67737
6.54706
6.41649
6.28567
6.15463
6.0234
5.892
5.76043
5.62873
5.49691
5.36498
5.23295
5.10085
4.96867
4.83643
4.70414
4.5718
4.43943
4.30702
4.17458
4.04213
3.90965
3.77716
3.64466
3.51215
3.37963
3.2471
3.11457
2.98204
2.8495
2.71696
2.58442
2.45188
2.31934
2.1868
2.05427
1.92173
1.78919
1.65666
1.52412
1.39159
1.25905
1.12652
0.99399
0.861459
0.728927
0.596396
0.463863
0.331335
0.198787
0.066307
16.5503
16.0343
15.54
15.0692
14.623
14.2021
13.8068
13.437
13.0921
12.7712
12.473
12.1963
11.9393
11.7007
11.4786
11.2714
11.0775
10.8954
10.7236
10.5607
10.4055
10.2569
10.1138
9.97526
9.84054
9.70889
9.57967
9.45236
9.32647
9.20161
9.07745
8.95372
8.83017
8.70663
8.58295
8.45901
8.33472
8.21002
8.08487
7.95924
7.83311
7.70649
7.57937
7.45178
7.32372
7.19523
7.06633
6.93704
6.8074
6.67742
6.54715
6.4166
6.2858
6.15478
6.02355
5.89215
5.76059
5.62888
5.49705
5.36512
5.23308
5.10097
4.96878
4.83654
4.70424
4.57189
4.43951
4.30709
4.17465
4.04219
3.90971
3.77721
3.6447
3.51219
3.37966
3.24713
3.1146
2.98206
2.84952
2.71698
2.58444
2.4519
2.31936
2.18682
2.05428
1.92174
1.7892
1.65666
1.52413
1.39159
1.25906
1.12653
0.993995
0.861463
0.728931
0.5964
0.463867
0.331338
0.198791
0.0663057
16.5189
16.0004
15.5039
15.031
14.583
14.1608
13.7646
13.3943
13.0493
12.7288
12.4314
12.1558
11.9003
11.6633
11.4432
11.238
11.0463
10.8664
10.6968
10.5362
10.3831
10.2366
10.0955
9.95885
9.8259
9.69589
9.5682
9.44228
9.31767
9.19397
9.07086
8.94806
8.82535
8.70255
8.57952
8.45615
8.33237
8.2081
8.08333
7.95802
7.83216
7.70577
7.57885
7.45141
7.32349
7.19511
7.06629
6.93707
6.80748
6.67755
6.5473
6.41677
6.28599
6.15497
6.02375
5.89234
5.76077
5.62906
5.49723
5.36528
5.23324
5.10111
4.96891
4.83666
4.70435
4.57199
4.4396
4.30718
4.17473
4.04225
3.90977
3.77726
3.64475
3.51223
3.3797
3.24716
3.11463
2.98208
2.84954
2.717
2.58445
2.45191
2.31937
2.18683
2.05429
1.92175
1.78921
1.65667
1.52413
1.3916
1.25907
1.12653
0.993999
0.861467
0.728935
0.596403
0.463871
0.331341
0.198795
0.0663046
16.4821
15.9606
15.4614
14.9862
14.5363
14.1127
13.7157
13.3451
13.0003
12.6805
12.3842
12.1102
11.8566
11.6218
11.404
11.2013
11.0122
10.8349
10.6679
10.5098
10.3592
10.215
10.0761
9.94157
9.81056
9.68236
9.55632
9.43191
9.30867
9.18621
9.0642
8.94239
8.82056
8.69854
8.57619
8.45341
8.33014
8.20632
8.08192
7.95694
7.83135
7.70519
7.57845
7.45117
7.32338
7.1951
7.06636
6.9372
6.80765
6.67775
6.54753
6.41701
6.28623
6.15522
6.02399
5.89258
5.761
5.62927
5.49743
5.36546
5.23341
5.10127
4.96906
4.83679
4.70447
4.5721
4.4397
4.30726
4.1748
4.04232
3.90983
3.77732
3.6448
3.51227
3.37974
3.2472
3.11465
2.98211
2.84956
2.71702
2.58447
2.45193
2.31938
2.18684
2.0543
1.92175
1.78921
1.65668
1.52414
1.3916
1.25907
1.12654
0.994003
0.861471
0.728939
0.596407
0.463874
0.331344
0.1988
0.0663035
16.4401
15.9151
15.4127
14.9348
14.483
14.0579
13.6601
13.2893
12.9451
12.6262
12.3316
12.0595
11.8083
11.5761
11.3611
11.1614
10.9752
10.8009
10.6368
10.4816
10.3337
10.1921
10.0557
9.92346
9.79458
9.66833
9.54407
9.42128
9.29951
9.17836
9.05752
8.93675
8.81584
8.69462
8.57297
8.45081
8.32806
8.20469
8.08067
7.95601
7.83069
7.70475
7.5782
7.45107
7.32339
7.1952
7.06653
6.93742
6.80791
6.67804
6.54783
6.41731
6.28653
6.15551
6.02427
5.89285
5.76126
5.62952
5.49765
5.36567
5.2336
5.10144
4.96922
4.83693
4.7046
4.57222
4.4398
4.30736
4.17489
4.0424
3.90989
3.77738
3.64485
3.51231
3.37977
3.24723
3.11468
2.98213
2.84958
2.71704
2.58449
2.45194
2.31939
2.18685
2.0543
1.92176
1.78922
1.65668
1.52415
1.39161
1.25907
1.12654
0.994008
0.861475
0.728943
0.596411
0.463878
0.331348
0.198804
0.0663026
16.3928
15.8637
15.3578
14.877
14.4229
13.9963
13.5978
13.227
12.8835
12.5661
12.2734
12.0037
11.7553
11.5262
11.3144
11.1181
10.9353
10.7644
10.6037
10.4516
10.3068
10.1681
10.0343
9.90457
9.77799
9.65384
9.5315
9.41044
9.29021
9.17045
9.05085
8.93117
8.81121
8.69082
8.5699
8.44836
8.32614
8.20322
8.07959
7.95524
7.83019
7.70446
7.57809
7.45109
7.32352
7.19542
7.06681
6.93775
6.80826
6.6784
6.5482
6.41768
6.28689
6.15586
6.02461
5.89316
5.76155
5.62979
5.4979
5.36591
5.23381
5.10164
4.96939
4.83709
4.70474
4.57234
4.43991
4.30746
4.17498
4.04248
3.90996
3.77744
3.6449
3.51236
3.37981
3.24726
3.11471
2.98216
2.84961
2.71705
2.5845
2.45195
2.3194
2.18686
2.05431
1.92177
1.78923
1.65669
1.52415
1.39161
1.25908
1.12654
0.994012
0.861479
0.728947
0.596415
0.463883
0.331351
0.198809
0.0663021
16.3393
15.8055
15.2955
14.8113
14.3546
13.9265
13.5273
13.1567
12.8142
12.4986
12.2083
11.9416
11.6966
11.4711
11.2631
11.0707
10.8919
10.7248
10.5678
10.4193
10.2779
10.1424
10.0116
9.88463
9.76057
9.63871
9.51845
9.39926
9.2807
9.16242
9.04413
8.9256
8.80664
8.68713
8.56696
8.44606
8.32439
8.20193
8.07868
7.95465
7.82987
7.70435
7.57814
7.45128
7.32381
7.19577
7.06721
6.93818
6.80872
6.67886
6.54865
6.41813
6.28732
6.15627
6.02499
5.89352
5.76189
5.6301
5.49819
5.36617
5.23405
5.10185
4.96958
4.83726
4.70489
4.57248
4.44003
4.30756
4.17507
4.04256
3.91003
3.7775
3.64496
3.51241
3.37985
3.2473
3.11474
2.98218
2.84963
2.71707
2.58452
2.45197
2.31942
2.18687
2.05432
1.92178
1.78923
1.65669
1.52416
1.39162
1.25908
1.12655
0.994015
0.861483
0.728951
0.596419
0.463887
0.331356
0.198815
0.0663022
16.2774
15.738
15.223
14.7349
14.2753
13.8454
13.4455
13.0754
12.7344
12.421
12.1338
11.8707
11.6297
11.4086
11.2052
11.0175
10.8432
10.6807
10.528
10.3837
10.2462
10.1143
9.9869
9.86301
9.74178
9.6225
9.50455
9.38743
9.27071
9.15406
9.0372
8.91992
8.80205
8.68347
8.5641
8.44388
8.32279
8.20082
8.07797
7.95426
7.82974
7.70443
7.57838
7.45164
7.32426
7.19629
7.06777
6.93876
6.80931
6.67944
6.54922
6.41868
6.28784
6.15676
6.02545
5.89395
5.76228
5.63046
5.49852
5.36646
5.23432
5.10209
4.9698
4.83745
4.70506
4.57263
4.44017
4.30768
4.17517
4.04265
3.91011
3.77757
3.64501
3.51246
3.3799
3.24733
3.11477
2.98221
2.84965
2.71709
2.58453
2.45198
2.31943
2.18688
2.05433
1.92178
1.78924
1.6567
1.52416
1.39162
1.25909
1.12655
0.994019
0.861487
0.728955
0.596424
0.463892
0.331361
0.198822
0.0663039
16.2176
15.6726
15.1529
14.6609
14.1986
13.7669
13.3665
12.9969
12.6573
12.3464
12.0622
11.8028
11.5658
11.3491
11.1502
10.9669
10.7972
10.639
10.4905
10.3502
10.2165
10.0881
9.96392
9.84298
9.72444
9.60759
9.49182
9.37664
9.26165
9.14652
9.031
8.91487
8.79801
8.68029
8.56166
8.44206
8.32149
8.19995
8.07746
7.95405
7.82975
7.70462
7.57872
7.45208
7.32477
7.19685
7.06836
6.93936
6.8099
6.68003
6.54979
6.41922
6.28836
6.15724
6.0259
5.89436
5.76266
5.63081
5.49883
5.36675
5.23457
5.10232
4.97001
4.83764
4.70522
4.57277
4.44029
4.30779
4.17527
4.04273
3.91018
3.77763
3.64507
3.5125
3.37994
3.24737
3.1148
2.98223
2.84967
2.71711
2.58455
2.45199
2.31944
2.18688
2.05434
1.92179
1.78925
1.6567
1.52416
1.39163
1.25909
1.12656
0.994023
0.86149
0.728959
0.596428
0.463896
0.331366
0.198828
0.0663083
10.2647
10.2742
10.3424
10.4624
10.6142
10.7798
10.9433
11.093
11.2206
11.3213
11.393
11.4354
11.4496
11.4377
11.402
11.3453
11.2704
11.1799
11.0762
10.9615
10.8378
10.707
10.5704
10.4294
10.285
10.1384
9.99005
9.84076
9.691
9.54119
9.39163
9.24258
9.09423
8.9467
8.80008
8.65442
8.50975
8.36607
8.22335
8.08158
7.9407
7.80067
7.66144
7.52295
7.38515
7.24797
7.11136
6.97527
6.83965
6.70444
6.56961
6.43512
6.30091
6.16697
6.03325
5.89973
5.76638
5.63318
5.5001
5.36714
5.23426
5.10147
4.96874
4.83607
4.70344
4.57085
4.43829
4.30575
4.17324
4.04074
3.90825
3.77577
3.64329
3.51082
3.37836
3.24589
3.11342
2.98096
2.84849
2.71602
2.58354
2.45107
2.31859
2.1861
2.05362
1.92113
1.78864
1.65615
1.52366
1.39116
1.25866
1.12616
0.993662
0.861162
0.728661
0.596161
0.463663
0.331162
0.198683
0.0661537
10.2739
10.2829
10.3458
10.4562
10.5962
10.75
10.9031
11.0444
11.1661
11.2631
11.3332
11.3757
11.3915
11.382
11.3496
11.2966
11.2257
11.1392
11.0395
10.9287
10.8087
10.6813
10.5479
10.4098
10.2682
10.1239
9.97775
9.83037
9.68231
9.53397
9.38571
9.23779
9.0904
8.94369
8.79777
8.65271
8.50853
8.36525
8.22287
8.08137
7.94071
7.80085
7.66174
7.52335
7.38561
7.24847
7.11189
6.97581
6.84018
6.70497
6.57012
6.4356
6.30137
6.1674
6.03365
5.9001
5.76672
5.63349
5.50038
5.36739
5.23449
5.10167
4.96892
4.83623
4.70358
4.57098
4.4384
4.30585
4.17332
4.04081
3.90831
3.77582
3.64334
3.51087
3.37839
3.24592
3.11345
2.98098
2.84851
2.71603
2.58356
2.45108
2.3186
2.18611
2.05363
1.92114
1.78865
1.65616
1.52366
1.39116
1.25867
1.12617
0.993668
0.861168
0.728668
0.596168
0.463672
0.331172
0.198694
0.0661629
10.2759
10.2846
10.343
10.4449
10.5742
10.717
10.8601
10.9934
11.1091
11.2025
11.2709
11.3135
11.3307
11.3237
11.2945
11.2453
11.1784
11.096
11.0004
10.8937
10.7775
10.6537
10.5237
10.3887
10.2499
10.1082
9.96431
9.81898
9.67272
9.52598
9.37911
9.2324
9.08606
8.94025
8.7951
8.65068
8.50704
8.36422
8.22221
8.08101
7.94059
7.80092
7.66197
7.52369
7.38603
7.24895
7.1124
6.97634
6.84072
6.7055
6.57064
6.4361
6.30184
6.16784
6.03406
5.90048
5.76707
5.63381
5.50068
5.36766
5.23473
5.10189
4.96912
4.8364
4.70374
4.57111
4.43852
4.30596
4.17342
4.04089
3.90838
3.77589
3.6434
3.51091
3.37843
3.24595
3.11348
2.981
2.84853
2.71605
2.58357
2.45109
2.31861
2.18612
2.05364
1.92115
1.78866
1.65616
1.52367
1.39117
1.25867
1.12617
0.993675
0.861175
0.728676
0.596177
0.463681
0.331181
0.198708
0.0661671
10.2663
10.2757
10.3316
10.4281
10.5501
10.685
10.8209
10.948
11.0591
11.1496
11.2166
11.2592
11.2774
11.2725
11.246
11.1999
11.1363
11.0575
10.9654
10.8621
10.7493
10.6286
10.5015
10.3693
10.233
10.0935
9.95171
9.80823
9.66361
9.51833
9.37274
9.22714
9.08177
8.9368
8.79237
8.64856
8.50544
8.36305
8.2214
8.0805
7.94032
7.80085
7.66204
7.52388
7.38631
7.24929
7.11279
6.97675
6.84115
6.70593
6.57106
6.43651
6.30224
6.16822
6.03442
5.90081
5.76738
5.63409
5.50094
5.3679
5.23495
5.10209
4.96929
4.83656
4.70388
4.57124
4.43863
4.30605
4.1735
4.04097
3.90845
3.77594
3.64344
3.51095
3.37847
3.24599
3.1135
2.98103
2.84855
2.71607
2.58358
2.4511
2.31862
2.18613
2.05364
1.92115
1.78866
1.65617
1.52367
1.39118
1.25868
1.12618
0.993681
0.861182
0.728683
0.596184
0.463689
0.331189
0.198719
0.0661681
10.2454
10.2571
10.3124
10.4062
10.5236
10.6532
10.7838
10.9063
11.0139
11.1021
11.168
11.2105
11.2296
11.2263
11.202
11.1585
11.0979
11.0221
10.9331
10.8328
10.7229
10.6051
10.4807
10.3509
10.2169
10.0795
9.93962
9.79784
9.65475
9.51083
9.36644
9.2219
9.07745
8.93328
8.78954
8.64632
8.50371
8.36174
8.22045
8.07984
7.9399
7.80063
7.66198
7.52394
7.38647
7.24952
7.11307
6.97707
6.84149
6.70628
6.57142
6.43686
6.30258
6.16855
6.03473
5.90111
5.76765
5.63435
5.50117
5.36811
5.23514
5.10226
4.96945
4.8367
4.70401
4.57135
4.43873
4.30614
4.17358
4.04104
3.90851
3.776
3.64349
3.51099
3.3785
3.24602
3.11353
2.98105
2.84857
2.71608
2.5836
2.45111
2.31863
2.18614
2.05365
1.92116
1.78867
1.65617
1.52368
1.39118
1.25868
1.12619
0.993687
0.861188
0.72869
0.596191
0.463697
0.331196
0.198728
0.0661681
10.2135
10.2294
10.2862
10.3794
10.4945
10.6209
10.748
10.8673
10.9724
11.0587
11.1237
11.1662
11.1861
11.1841
11.1617
11.1205
11.0623
10.9892
10.9029
10.8053
10.6981
10.5829
10.4609
10.3334
10.2014
10.066
9.92786
9.78768
9.64604
9.5034
9.36015
9.21663
9.07306
8.92967
8.78659
8.64396
8.50184
8.36029
8.21936
8.07905
7.93936
7.80028
7.6618
7.52389
7.38652
7.24966
7.11327
6.97731
6.84176
6.70657
6.57171
6.43716
6.30287
6.16883
6.035
5.90137
5.7679
5.63458
5.50138
5.36831
5.23532
5.10243
4.9696
4.83684
4.70413
4.57146
4.43883
4.30623
4.17366
4.0411
3.90857
3.77605
3.64354
3.51103
3.37854
3.24605
3.11356
2.98107
2.84859
2.7161
2.58361
2.45113
2.31864
2.18615
2.05366
1.92117
1.78868
1.65618
1.52369
1.39119
1.25869
1.12619
0.993694
0.861195
0.728697
0.596198
0.463704
0.331202
0.198737
0.0661677
10.171
10.1931
10.2533
10.3482
10.4632
10.5884
10.7136
10.8309
10.9342
11.0193
11.0837
11.1262
11.1466
11.1458
11.1249
11.0856
11.0296
10.9587
10.8748
10.7797
10.6748
10.5618
10.442
10.3166
10.1866
10.053
9.91646
9.77778
9.63749
9.49606
9.35391
9.21134
9.06863
8.92598
8.78356
8.64148
8.49985
8.35872
8.21814
8.07813
7.93869
7.79982
7.66151
7.52374
7.38648
7.2497
7.11337
6.97747
6.84195
6.70679
6.57195
6.4374
6.30312
6.16907
6.03524
5.90159
5.76811
5.63478
5.50157
5.36848
5.23549
5.10258
4.96974
4.83696
4.70424
4.57156
4.43892
4.30631
4.17373
4.04117
3.90863
3.7761
3.64358
3.51107
3.37857
3.24608
3.11358
2.98109
2.84861
2.71612
2.58363
2.45114
2.31865
2.18616
2.05367
1.92118
1.78868
1.65619
1.52369
1.3912
1.2587
1.1262
0.9937
0.861201
0.728703
0.596205
0.463711
0.331208
0.198745
0.0661671
10.1181
10.1483
10.2141
10.3128
10.4299
10.5557
10.6806
10.7971
10.8995
10.9839
11.0478
11.0903
11.1112
11.1112
11.0916
11.0539
10.9996
10.9307
10.8489
10.7558
10.6531
10.5421
10.4243
10.3007
10.1725
10.0405
9.90547
9.76817
9.62914
9.48886
9.34772
9.20607
9.06417
8.92224
8.78044
8.63892
8.49776
8.35704
8.21681
8.07709
7.9379
7.79924
7.66111
7.52348
7.38634
7.24965
7.1134
6.97755
6.84208
6.70695
6.57213
6.4376
6.30332
6.16928
6.03544
5.90179
5.7683
5.63496
5.50174
5.36864
5.23563
5.10271
4.96986
4.83707
4.70434
4.57165
4.439
4.30639
4.1738
4.04123
3.90868
3.77615
3.64362
3.51111
3.37861
3.24611
3.11361
2.98112
2.84862
2.71613
2.58364
2.45115
2.31866
2.18617
2.05368
1.92119
1.78869
1.6562
1.5237
1.3912
1.2587
1.12621
0.993706
0.861207
0.728709
0.596211
0.463717
0.331214
0.198752
0.0661665
10.0553
10.0956
10.1689
10.2737
10.3948
10.5231
10.6491
10.7659
10.8681
10.9522
11.0159
11.0584
11.0797
11.0804
11.0618
11.0252
10.9725
10.9052
10.8251
10.7338
10.6328
10.5237
10.4076
10.2857
10.159
10.0285
9.89489
9.75887
9.62101
9.48179
9.34162
9.20083
9.0597
8.91845
8.77726
8.63626
8.49557
8.35525
8.21536
8.07594
7.93701
7.79856
7.6606
7.52312
7.3861
7.24952
7.11335
6.97756
6.84214
6.70704
6.57225
6.43774
6.30347
6.16944
6.0356
5.90195
5.76846
5.63511
5.50189
5.36878
5.23576
5.10283
4.96997
4.83718
4.70444
4.57174
4.43908
4.30646
4.17386
4.04129
3.90873
3.77619
3.64366
3.51115
3.37864
3.24613
3.11363
2.98114
2.84864
2.71615
2.58366
2.45117
2.31868
2.18618
2.05369
1.9212
1.7887
1.6562
1.52371
1.39121
1.25871
1.12621
0.993713
0.861214
0.728716
0.596217
0.463723
0.331219
0.198758
0.0661661
9.9828
10.0351
10.1181
10.2311
10.3582
10.4907
10.6193
10.7374
10.8401
10.9243
10.988
11.0305
11.052
11.0532
11.0352
10.9996
10.948
10.882
10.8033
10.7135
10.6141
10.5065
10.3919
10.2715
10.1463
10.0171
9.88473
9.74988
9.6131
9.47487
9.3356
9.19563
9.05523
8.91464
8.77402
8.63354
8.49329
8.35337
8.21382
8.07469
7.93601
7.79778
7.66
7.52268
7.38578
7.2493
7.11322
6.9775
6.84213
6.70708
6.57232
6.43783
6.30358
6.16956
6.03573
5.90208
5.76859
5.63524
5.50202
5.3689
5.23588
5.10294
4.97007
4.83727
4.70452
4.57182
4.43915
4.30652
4.17392
4.04134
3.90878
3.77624
3.6437
3.51118
3.37867
3.24616
3.11366
2.98116
2.84866
2.71617
2.58368
2.45118
2.31869
2.18619
2.0537
1.9212
1.78871
1.65621
1.52371
1.39122
1.25872
1.12622
0.993719
0.86122
0.728721
0.596223
0.463729
0.331224
0.198764
0.0661659
9.90072
9.96713
10.0619
10.1853
10.3206
10.4589
10.5913
10.7117
10.8156
10.9002
10.964
11.0065
11.0281
11.0294
11.0119
10.977
10.9262
10.8612
10.7836
10.695
10.5969
10.4906
10.3773
10.2582
10.1342
10.0062
9.875
9.74122
9.60544
9.46812
9.32969
9.19048
9.05078
8.9108
8.77074
8.63075
8.49094
8.3514
8.21219
8.07335
7.93492
7.7969
7.65931
7.52214
7.38537
7.249
7.11301
6.97737
6.84206
6.70705
6.57233
6.43787
6.30365
6.16964
6.03583
5.90218
5.7687
5.63535
5.50212
5.369
5.23598
5.10303
4.97016
4.83735
4.7046
4.57189
4.43922
4.30658
4.17398
4.04139
3.90883
3.77628
3.64374
3.51122
3.3787
3.24619
3.11368
2.98118
2.84868
2.71619
2.58369
2.4512
2.3187
2.18621
2.05371
1.92121
1.78872
1.65622
1.52372
1.39122
1.25872
1.12622
0.993725
0.861226
0.728727
0.596228
0.463734
0.331228
0.19877
0.0661661
9.809
9.89185
10.0007
10.137
10.2823
10.428
10.5654
10.6889
10.7945
10.8799
10.9439
10.9863
11.0078
11.0092
10.9918
10.9572
10.9069
10.8426
10.7658
10.6782
10.5811
10.4759
10.3637
10.2457
10.1228
9.9959
9.86571
9.7329
9.59801
9.46154
9.32389
9.1854
9.04634
8.90696
8.76743
8.62791
8.48852
8.34935
8.21047
8.07192
7.93374
7.79594
7.65853
7.52152
7.38489
7.24863
7.11273
6.97717
6.84193
6.70698
6.5723
6.43787
6.30368
6.16969
6.03589
5.90225
5.76877
5.63543
5.5022
5.36908
5.23606
5.10311
4.97024
4.83743
4.70467
4.57196
4.43928
4.30664
4.17403
4.04144
3.90887
3.77632
3.64378
3.51125
3.37873
3.24621
3.11371
2.9812
2.8487
2.7162
2.58371
2.45121
2.31871
2.18622
2.05372
1.92122
1.78873
1.65623
1.52373
1.39123
1.25873
1.12623
0.993731
0.861232
0.728733
0.596233
0.463739
0.331232
0.198774
0.0661667
9.70736
9.8093
9.9348
10.0864
10.2437
10.3986
10.5421
10.6694
10.7771
10.8634
10.9277
10.97
10.9911
10.9923
10.9748
10.9402
10.8901
10.8262
10.75
10.6631
10.5668
10.4624
10.3512
10.2341
10.1121
9.98614
9.85685
9.7249
9.59084
9.45515
9.31821
9.18038
9.04194
8.90311
8.76409
8.62502
8.48604
8.34724
8.20867
8.07041
7.93247
7.79489
7.65767
7.52082
7.38433
7.24819
7.11239
6.97691
6.84174
6.70684
6.57221
6.43783
6.30366
6.1697
6.03591
5.9023
5.76883
5.63549
5.50227
5.36915
5.23613
5.10318
4.97031
4.83749
4.70473
4.57201
4.43933
4.30669
4.17407
4.04148
3.90891
3.77635
3.64381
3.51128
3.37876
3.24624
3.11373
2.98122
2.84872
2.71622
2.58372
2.45122
2.31873
2.18623
2.05373
1.92123
1.78873
1.65624
1.52374
1.39124
1.25874
1.12624
0.993737
0.861238
0.728738
0.596239
0.463744
0.331236
0.198779
0.0661677
9.59527
9.71949
9.86449
10.0341
10.2056
10.371
10.5217
10.6535
10.7636
10.851
10.9154
10.9574
10.9781
10.9787
10.9608
10.9259
10.8758
10.812
10.7361
10.6496
10.5538
10.4501
10.3396
10.2233
10.1021
9.97693
9.84843
9.71724
9.58392
9.44893
9.31266
9.17544
9.03757
8.89927
8.76072
8.6221
8.48351
8.34505
8.2068
8.06881
7.93112
7.79376
7.65673
7.52004
7.38369
7.24768
7.11198
6.97659
6.84149
6.70666
6.57208
6.43774
6.30361
6.16967
6.03591
5.90231
5.76885
5.63553
5.50231
5.3692
5.23618
5.10323
4.97036
4.83754
4.70478
4.57206
4.43938
4.30674
4.17412
4.04152
3.90895
3.77639
3.64384
3.51131
3.37878
3.24626
3.11375
2.98124
2.84874
2.71624
2.58374
2.45124
2.31874
2.18624
2.05374
1.92124
1.78874
1.65624
1.52374
1.39124
1.25874
1.12624
0.993744
0.861243
0.728744
0.596244
0.463749
0.33124
0.198782
0.0661691
9.47193
9.62234
9.79015
9.98073
10.1685
10.3459
10.5047
10.6414
10.7542
10.8426
10.9071
10.9487
10.9686
10.9684
10.9497
10.9143
10.8638
10.7999
10.724
10.6377
10.5423
10.439
10.329
10.2133
10.0928
9.96825
9.84043
9.70992
9.57725
9.44289
9.30723
9.17058
9.03324
8.89543
8.75734
8.61913
8.48092
8.34281
8.20487
8.06715
7.92971
7.79255
7.65571
7.51919
7.38299
7.2471
7.11151
6.97621
6.84119
6.70643
6.5719
6.43761
6.30351
6.16961
6.03587
5.9023
5.76886
5.63554
5.50234
5.36923
5.23622
5.10328
4.9704
4.83759
4.70483
4.57211
4.43943
4.30678
4.17416
4.04156
3.90898
3.77642
3.64387
3.51133
3.37881
3.24629
3.11377
2.98126
2.84876
2.71625
2.58375
2.45125
2.31875
2.18625
2.05375
1.92125
1.78875
1.65625
1.52375
1.39125
1.25875
1.12625
0.99375
0.861249
0.728749
0.596248
0.463753
0.331243
0.198786
0.0661709
9.33624
9.51775
9.71221
9.92708
10.1333
10.3241
10.4917
10.6337
10.7492
10.8386
10.9029
10.9437
10.9626
10.9613
10.9416
10.9053
10.8542
10.7898
10.7137
10.6273
10.532
10.429
10.3193
10.2041
10.0841
9.96009
9.83284
9.70292
9.57083
9.43704
9.30192
9.1658
9.02896
8.89161
8.75395
8.61614
8.47829
8.34051
8.20287
8.06542
7.92822
7.79128
7.65463
7.51827
7.38222
7.24645
7.11098
6.97578
6.84084
6.70614
6.57168
6.43743
6.30338
6.16952
6.03581
5.90226
5.76884
5.63554
5.50235
5.36925
5.23624
5.1033
4.97044
4.83762
4.70486
4.57214
4.43946
4.30681
4.17419
4.04159
3.90901
3.77645
3.6439
3.51136
3.37883
3.24631
3.11379
2.98128
2.84877
2.71627
2.58377
2.45126
2.31876
2.18626
2.05376
1.92126
1.78876
1.65626
1.52376
1.39126
1.25876
1.12626
0.993756
0.861254
0.728754
0.596253
0.463757
0.331247
0.198788
0.0661732
9.18677
9.40558
9.63126
9.87407
10.1009
10.3064
10.4833
10.6308
10.7489
10.839
10.9029
10.9426
10.9601
10.9573
10.9363
10.8989
10.8468
10.7816
10.705
10.6184
10.523
10.42
10.3106
10.1956
10.076
9.95245
9.82567
9.69624
9.56466
9.43137
9.29675
9.16111
9.02472
8.88781
8.75056
8.61312
8.47562
8.33816
8.20081
8.06363
7.92666
7.78994
7.65348
7.51729
7.38138
7.24575
7.11039
6.97529
6.84043
6.70582
6.57142
6.43722
6.30322
6.16939
6.03572
5.90219
5.76879
5.63551
5.50233
5.36925
5.23625
5.10332
4.97046
4.83765
4.70489
4.57217
4.43949
4.30684
4.17422
4.04162
3.90904
3.77648
3.64392
3.51138
3.37885
3.24633
3.11381
2.9813
2.84879
2.71628
2.58378
2.45128
2.31878
2.18627
2.05377
1.92127
1.78877
1.65627
1.52377
1.39127
1.25876
1.12626
0.993761
0.86126
0.728759
0.596257
0.463761
0.33125
0.198791
0.0661759
9.02171
9.28578
9.54807
9.82286
10.0725
10.2937
10.4803
10.6332
10.7536
10.8441
10.9072
10.9454
10.9611
10.9565
10.9338
10.8949
10.8415
10.7754
10.6981
10.6109
10.5152
10.4121
10.3027
10.1879
10.0685
9.9453
9.81889
9.68987
9.55873
9.42588
9.2917
9.1565
9.02054
8.88403
8.74716
8.61008
8.47292
8.33577
8.1987
8.06178
7.92505
7.78853
7.65226
7.51625
7.38049
7.24499
7.10975
6.97475
6.83998
6.70544
6.57111
6.43698
6.30302
6.16924
6.0356
5.9021
5.76873
5.63547
5.50231
5.36924
5.23625
5.10333
4.97047
4.83767
4.70491
4.5722
4.43952
4.30687
4.17425
4.04165
3.90907
3.7765
3.64395
3.51141
3.37888
3.24635
3.11383
2.98132
2.84881
2.7163
2.5838
2.45129
2.31879
2.18629
2.05378
1.92128
1.78878
1.65628
1.52378
1.39127
1.25877
1.12627
0.993767
0.861265
0.728764
0.596262
0.463765
0.331253
0.198792
0.0661791
8.83887
9.15842
9.46372
9.77494
10.0494
10.2873
10.4835
10.6414
10.7637
10.8541
10.9158
10.9521
10.9656
10.9588
10.934
10.8933
10.8384
10.771
10.6927
10.6048
10.5086
10.4053
10.2957
10.1809
10.0616
9.93863
9.8125
9.68381
9.55303
9.42057
9.28679
9.15198
9.0164
8.88027
8.74376
8.60703
8.47019
8.33333
8.19654
8.05987
7.92337
7.78707
7.65099
7.51515
7.37954
7.24418
7.10905
6.97416
6.83949
6.70503
6.57077
6.4367
6.30279
6.16905
6.03545
5.90199
5.76864
5.6354
5.50226
5.36921
5.23623
5.10332
4.97047
4.83768
4.70492
4.57221
4.43954
4.30689
4.17427
4.04167
3.90909
3.77652
3.64397
3.51143
3.3789
3.24637
3.11385
2.98134
2.84882
2.71632
2.58381
2.4513
2.3188
2.1863
2.05379
1.92129
1.78879
1.65629
1.52378
1.39128
1.25878
1.12628
0.993773
0.861271
0.728769
0.596266
0.463768
0.331256
0.198794
0.0661827
8.63565
9.02389
9.37972
9.73218
10.0333
10.2882
10.4939
10.6562
10.7796
10.8691
10.9289
10.9626
10.9735
10.9641
10.9369
10.894
10.8373
10.7684
10.6889
10.6001
10.5032
10.3993
10.2895
10.1746
10.0553
9.93241
9.80648
9.67804
9.54756
9.41543
9.28199
9.14753
9.01231
8.87653
8.74037
8.60396
8.46742
8.33086
8.19433
8.05792
7.92165
7.78555
7.64966
7.51399
7.37854
7.24331
7.10831
6.97353
6.83895
6.70458
6.57039
6.43638
6.30253
6.16884
6.03528
5.90185
5.76854
5.63532
5.5022
5.36917
5.2362
5.10331
4.97047
4.83768
4.70493
4.57223
4.43955
4.30691
4.17429
4.04169
3.90911
3.77654
3.64399
3.51145
3.37892
3.24639
3.11387
2.98135
2.84884
2.71633
2.58382
2.45132
2.31881
2.18631
2.05381
1.9213
1.7888
1.6563
1.52379
1.39129
1.25879
1.12628
0.993779
0.861276
0.728773
0.59627
0.463771
0.331259
0.198795
0.0661866
8.4091
8.88309
9.29819
9.69695
10.0262
10.298
10.5123
10.678
10.8016
10.8894
10.9465
10.9771
10.9848
10.9723
10.9423
10.897
10.8381
10.7675
10.6865
10.5965
10.4988
10.3943
10.2841
10.1689
10.0495
9.92664
9.80081
9.67255
9.54231
9.41045
9.27731
9.14317
9.00828
8.87282
8.73697
8.60087
8.46463
8.32835
8.19209
8.05591
7.91987
7.78398
7.64828
7.51278
7.37749
7.2424
7.10752
6.97285
6.83838
6.70409
6.56998
6.43603
6.30225
6.1686
6.03509
5.90169
5.76841
5.63522
5.50213
5.36911
5.23616
5.10328
4.97045
4.83767
4.70493
4.57223
4.43956
4.30692
4.1743
4.04171
3.90913
3.77656
3.64401
3.51147
3.37894
3.24641
3.11389
2.98137
2.84886
2.71635
2.58384
2.45133
2.31883
2.18632
2.05382
1.92131
1.78881
1.6563
1.5238
1.3913
1.25879
1.12629
0.993785
0.861281
0.728778
0.596274
0.463774
0.331262
0.198795
0.066191
8.15591
8.7378
9.22209
9.67226
10.0302
10.3183
10.5397
10.7075
10.8301
10.9152
10.9687
10.9956
10.9994
10.9835
10.9503
10.9021
10.8409
10.7682
10.6855
10.5942
10.4954
10.3902
10.2794
10.1638
10.0442
9.92128
9.79548
9.66733
9.53726
9.40563
9.27275
9.13889
9.00429
8.86913
8.73358
8.59778
8.46182
8.3258
8.1898
8.05387
7.91804
7.78237
7.64685
7.51152
7.37639
7.24144
7.10669
6.97213
6.83776
6.70356
6.56953
6.43566
6.30193
6.16834
6.03487
5.90152
5.76827
5.63511
5.50204
5.36904
5.23611
5.10324
4.97043
4.83766
4.70493
4.57223
4.43957
4.30693
4.17432
4.04172
3.90914
3.77658
3.64403
3.51149
3.37895
3.24643
3.1139
2.98139
2.84887
2.71636
2.58385
2.45134
2.31884
2.18633
2.05383
1.92132
1.78882
1.65631
1.52381
1.3913
1.2588
1.12629
0.99379
0.861286
0.728782
0.596278
0.463777
0.331265
0.198795
0.0661956
7.87227
8.5912
9.15551
9.6619
10.0481
10.3508
10.5774
10.7453
10.8653
10.9465
10.9956
11.0179
11.0174
10.9974
10.9606
10.9093
10.8454
10.7704
10.6859
10.5931
10.4931
10.3869
10.2754
10.1593
10.0394
9.91631
9.79047
9.66237
9.53241
9.40096
9.2683
9.13469
9.00035
8.86547
8.7302
8.59467
8.45899
8.32323
8.18748
8.05178
7.91618
7.7807
7.64538
7.51022
7.37524
7.24044
7.10582
6.97138
6.83711
6.703
6.56905
6.43525
6.30159
6.16805
6.03463
5.90132
5.76811
5.63498
5.50193
5.36896
5.23605
5.1032
4.97039
4.83763
4.70491
4.57223
4.43957
4.30694
4.17433
4.04173
3.90916
3.7766
3.64404
3.5115
3.37897
3.24644
3.11392
2.9814
2.84889
2.71638
2.58387
2.45136
2.31885
2.18634
2.05384
1.92133
1.78883
1.65632
1.52382
1.39131
1.25881
1.1263
0.993796
0.861291
0.728787
0.596281
0.46378
0.331267
0.198795
0.0662006
7.55364
8.4487
9.10411
9.67055
10.0829
10.3973
10.6262
10.792
10.9076
10.9835
11.0271
11.044
11.0385
11.0141
10.9733
10.9185
10.8516
10.7741
10.6875
10.593
10.4916
10.3843
10.272
10.1554
10.0351
9.91172
9.78575
9.65764
9.52775
9.39643
9.26395
9.13056
8.99646
8.86183
8.72683
8.59156
8.45613
8.32063
8.18512
8.04965
7.91427
7.77899
7.64386
7.50888
7.37406
7.2394
7.10491
6.97059
6.83642
6.70241
6.56854
6.43482
6.30122
6.16774
6.03437
5.9011
5.76793
5.63484
5.50182
5.36887
5.23598
5.10314
4.97035
4.83761
4.7049
4.57222
4.43957
4.30694
4.17433
4.04174
3.90917
3.77661
3.64406
3.51152
3.37899
3.24646
3.11394
2.98142
2.8489
2.71639
2.58388
2.45137
2.31886
2.18635
2.05385
1.92134
1.78884
1.65633
1.52382
1.39132
1.25881
1.12631
0.993802
0.861296
0.728791
0.596285
0.463783
0.33127
0.198795
0.0662059
7.1963
8.31988
9.07568
9.70399
10.1381
10.4597
10.6871
10.848
10.9571
11.0262
11.0631
11.0739
11.0628
11.0333
10.9882
10.9296
10.8594
10.7792
10.6903
10.5938
10.491
10.3825
10.2693
10.152
10.0312
9.90748
9.78132
9.65313
9.52327
9.39203
9.2597
9.12649
8.99261
8.85822
8.72346
8.58844
8.45326
8.31801
8.18273
8.04749
7.91232
7.77725
7.6423
7.50749
7.37283
7.23832
7.10396
6.96976
6.8357
6.70179
6.56801
6.43436
6.30083
6.16741
6.03409
5.90087
5.76774
5.63468
5.50169
5.36877
5.2359
5.10308
4.97031
4.83757
4.70487
4.5722
4.43956
4.30694
4.17434
4.04175
3.90918
3.77662
3.64407
3.51153
3.379
3.24647
3.11395
2.98143
2.84892
2.7164
2.58389
2.45138
2.31887
2.18637
2.05386
1.92135
1.78885
1.65634
1.52383
1.39133
1.25882
1.12631
0.993807
0.861301
0.728795
0.596289
0.463785
0.331273
0.198794
0.0662115
6.80113
8.22109
9.08062
9.76904
10.2174
10.5398
10.761
10.9136
11.0139
11.0745
11.1037
11.1073
11.09
11.055
11.0051
10.9424
10.8687
10.7855
10.6941
10.5957
10.4911
10.3814
10.2671
10.149
10.0276
9.90355
9.77715
9.64884
9.51894
9.38776
9.25554
9.12249
8.9888
8.85462
8.72009
8.58531
8.45038
8.31536
8.18032
8.0453
7.91034
7.77547
7.64071
7.50607
7.37157
7.23721
7.10298
6.9689
6.83495
6.70114
6.56745
6.43388
6.30042
6.16706
6.0338
5.90062
5.76753
5.63451
5.50155
5.36865
5.23581
5.10301
4.97025
4.83753
4.70484
4.57218
4.43955
4.30693
4.17434
4.04176
3.90919
3.77663
3.64408
3.51155
3.37901
3.24649
3.11396
2.98145
2.84893
2.71642
2.58391
2.4514
2.31889
2.18638
2.05387
1.92136
1.78886
1.65635
1.52384
1.39133
1.25883
1.12632
0.993813
0.861306
0.728799
0.596292
0.463788
0.331275
0.198793
0.0662173
6.34407
8.17425
9.13242
9.87347
10.3244
10.6391
10.8485
10.9889
11.0779
11.1284
11.1485
11.1443
11.12
11.0791
11.024
10.9569
10.8794
10.793
10.699
10.5984
10.492
10.3808
10.2654
10.1465
10.0245
9.89993
9.77322
9.64474
9.51477
9.3836
9.25146
9.11855
8.98503
8.85105
8.71674
8.58218
8.44748
8.31269
8.17787
8.04307
7.90832
7.77365
7.63908
7.50462
7.37028
7.23606
7.10197
6.96801
6.83418
6.70046
6.56687
6.43337
6.29999
6.16669
6.03349
5.90036
5.76731
5.63433
5.5014
5.36853
5.23571
5.10293
4.97019
4.83749
4.70481
4.57216
4.43953
4.30693
4.17433
4.04176
3.90919
3.77664
3.6441
3.51156
3.37903
3.2465
3.11398
2.98146
2.84894
2.71643
2.58392
2.45141
2.3189
2.18639
2.05388
1.92137
1.78886
1.65636
1.52385
1.39134
1.25883
1.12633
0.993818
0.861311
0.728804
0.596296
0.46379
0.331277
0.198791
0.0662232
5.62667
8.20459
9.25158
10.0262
10.4627
10.7588
10.9496
11.0739
11.149
11.1875
11.1975
11.1845
11.1527
11.1053
11.0447
10.9728
10.8914
10.8017
10.7048
10.6019
10.4936
10.3809
10.2643
10.1444
10.0216
9.89657
9.76952
9.64081
9.51074
9.37956
9.24747
9.11466
8.9813
8.8475
8.71339
8.57905
8.44457
8.31
8.17541
8.04082
7.90628
7.7718
7.63742
7.50313
7.36895
7.23488
7.10093
6.9671
6.83338
6.69977
6.56626
6.43285
6.29954
6.16631
6.03316
5.90008
5.76708
5.63413
5.50124
5.3684
5.2356
5.10285
4.97013
4.83744
4.70477
4.57213
4.43952
4.30692
4.17433
4.04176
3.9092
3.77665
3.64411
3.51157
3.37904
3.24651
3.11399
2.98147
2.84896
2.71644
2.58393
2.45142
2.31891
2.1864
2.05389
1.92138
1.78887
1.65637
1.52386
1.39135
1.25884
1.12633
0.993824
0.861316
0.728808
0.596299
0.463793
0.33128
0.19879
0.0662293
4.30001
8.40085
9.47985
10.2382
10.635
10.899
11.0641
11.168
11.2266
11.2516
11.2502
11.2277
11.1878
11.1335
11.067
10.9902
10.9045
10.8113
10.7115
10.606
10.4958
10.3814
10.2635
10.1426
10.0191
9.89346
9.76601
9.63705
9.50684
9.3756
9.24355
9.11083
8.9776
8.84397
8.71004
8.57591
8.44165
8.3073
8.17292
8.03855
7.90421
7.76993
7.63573
7.50161
7.3676
7.23368
7.09987
6.96616
6.83255
6.69905
6.56563
6.43231
6.29907
6.16591
6.03282
5.8998
5.76683
5.63393
5.50107
5.36826
5.23549
5.10276
4.97006
4.83738
4.70473
4.5721
4.4395
4.3069
4.17432
4.04176
3.9092
3.77665
3.64411
3.51158
3.37905
3.24653
3.11401
2.98149
2.84897
2.71646
2.58394
2.45143
2.31892
2.18641
2.0539
1.92139
1.78888
1.65637
1.52387
1.39136
1.25885
1.12634
0.99383
0.861321
0.728812
0.596303
0.463795
0.331282
0.198788
0.0662356
3.79122
9.07526
9.88382
10.5191
10.842
11.0586
11.1909
11.2704
11.3102
11.3201
11.3064
11.2736
11.2251
11.1635
11.0909
11.0088
10.9187
10.8218
10.7189
10.6109
10.4985
10.3824
10.2632
10.1411
10.0168
9.89057
9.76268
9.63342
9.50304
9.37173
9.23968
9.10703
8.97392
8.84045
8.7067
8.57277
8.43871
8.30458
8.17041
8.03625
7.90212
7.76803
7.63401
7.50007
7.36622
7.23246
7.09878
6.9652
6.83171
6.69831
6.56499
6.43175
6.29859
6.16549
6.03246
5.8995
5.76658
5.63372
5.5009
5.36812
5.23537
5.10266
4.96998
4.83732
4.70469
4.57207
4.43947
4.30689
4.17432
4.04176
3.9092
3.77666
3.64412
3.51159
3.37906
3.24654
3.11402
2.9815
2.84899
2.71647
2.58396
2.45145
2.31893
2.18642
2.05391
1.9214
1.78889
1.65638
1.52387
1.39136
1.25885
1.12634
0.993835
0.861325
0.728816
0.596306
0.463798
0.331285
0.198787
0.066242
)
;

boundaryField
{
    inlet
    {
        type            zeroGradient;
    }
    outlet
    {
        type            fixedValue;
        value           uniform 0;
    }
    frontAndBack
    {
        type            empty;
    }
    walls
    {
        type            zeroGradient;
    }
}

