/*--------------------------------*- C++ -*----------------------------------*\
  =========                 |
  \\      /  F ield         | OpenFOAM: The Open Source CFD Toolbox
   \\    /   O peration     | Website:  https://openfoam.org
    \\  /    A nd           | Version:  6
     \\/     M anipulation  |
\*---------------------------------------------------------------------------*/
FoamFile
{
    version     2.0;
    format      ascii;
    class       volScalarField;
    location    "0";
    object      p;
}
// * * * * * * * * * * * * * * * * * * * * * * * * * * * * * * * * * * * * * //

dimensions      [0 2 -2 0 0 0 0];

internalField   nonuniform List<scalar> 
9000
(
124.12
68.9471
53.6452
47.1797
43.8135
41.8876
40.6411
39.7391
39.0251
38.4171
37.8696
37.3557
36.8594
36.3709
35.8844
35.3969
34.9064
34.4124
33.9146
33.4132
32.9088
32.4017
31.8923
31.3814
30.8691
30.3561
29.8426
29.3291
28.8159
28.3032
27.7916
27.2812
26.7726
26.2661
25.7623
25.2617
24.7653
24.2738
23.7885
23.311
22.8434
22.3888
21.9514
21.5374
21.156
20.8193
20.533
20.2659
20.2565
19.1238
93.4715
65.4479
54.3287
48.3598
44.8521
42.6747
41.2148
40.1544
39.3261
38.6358
38.0286
37.4711
36.9428
36.4309
35.9273
35.4272
34.9277
34.4271
33.9247
33.4201
32.9134
32.4047
31.8944
31.3827
30.8701
30.3568
29.8432
29.3296
28.8162
28.3035
27.7916
27.281
26.7718
26.2647
25.7599
25.258
24.7595
24.2654
23.7763
23.2935
22.8184
22.3528
21.8989
21.4594
21.0366
20.6304
20.2279
19.7779
19.2654
17.6455
74.9115
61.5289
54.1898
48.9897
45.5772
43.2992
41.7065
40.5292
39.608
38.8465
38.1853
37.5871
37.0283
36.4934
35.9728
35.46
34.9511
34.4437
33.9363
33.4281
32.9189
32.4085
31.8969
31.3845
30.8713
30.3577
29.8438
29.33
28.8165
28.3035
27.7913
27.2802
26.7705
26.2624
25.7564
25.2528
24.752
24.2547
23.7612
23.2722
22.7885
22.3104
21.8381
21.3708
20.9046
20.4292
19.9168
19.295
18.4798
16.9654
64.8777
57.7608
52.9164
48.7549
45.7426
43.5769
41.9847
40.7712
39.8062
39.0037
38.3077
37.6811
37.0998
36.5473
36.013
35.4898
34.973
34.4596
33.9478
33.4364
32.9247
32.4126
31.8998
31.3865
30.8727
30.3586
29.8444
29.3303
28.8165
28.3031
27.7905
27.2789
26.7684
26.2594
25.752
25.2466
24.7434
24.2427
23.7447
23.2496
22.7573
22.2673
21.778
21.2861
20.7843
20.2575
19.6748
18.9695
18.0657
16.7368
58.2355
54.4112
51.2559
48.0818
45.5607
43.6106
42.0999
40.9062
39.9343
39.1152
38.4003
37.7559
37.1589
36.5934
36.0485
35.5168
34.9934
34.4749
33.9591
33.4447
32.9308
32.417
31.903
31.3887
30.8742
30.3596
29.845
29.3305
28.8162
28.3025
27.7894
27.2771
26.7658
26.2557
25.7469
25.2396
24.7339
24.2298
23.7274
23.2263
22.7258
22.2247
21.7203
21.2077
20.6782
20.1156
19.4919
18.7555
17.8504
16.6825
53.4666
51.5686
49.5815
47.2273
45.179
43.4797
42.0932
40.9551
40.0032
39.1864
38.4658
37.8125
37.2061
36.6318
36.0791
35.5409
35.012
34.4892
33.9699
33.4528
32.9368
32.4214
31.9062
31.391
30.8758
30.3606
29.8454
29.3305
28.8159
28.3016
27.788
27.275
26.7628
26.2515
25.7412
25.232
24.7238
24.2165
23.7097
23.203
22.6951
22.1841
21.6669
21.1379
20.588
20.0023
19.3576
18.6172
17.7442
16.7099
50.0124
49.2203
48.0226
46.3131
44.6835
43.2366
41.994
40.9337
40.0209
39.2213
38.5058
37.8517
37.2415
36.6622
36.1045
35.5615
35.0286
34.5022
33.9801
33.4606
32.9428
32.4258
31.9094
31.3933
30.8774
30.3615
29.8459
29.3304
28.8153
28.3005
27.7863
27.2725
26.7594
26.247
25.7352
25.2241
24.7135
24.2031
23.6924
23.1805
22.6661
22.1469
21.6195
21.0782
20.5147
19.9161
19.2646
18.5356
17.7077
16.7831
47.4707
47.2995
46.6262
45.4097
44.1347
42.9235
41.8292
40.8581
39.9966
39.2249
38.5233
37.8748
37.2655
36.6848
36.1246
35.5787
35.0428
34.5138
33.9893
33.4679
32.9484
32.4301
31.9126
31.3956
30.8789
30.3625
29.8462
29.3303
28.8146
28.2993
27.7844
27.2699
26.7559
26.2423
25.7291
25.2162
24.7034
24.1901
23.6759
23.1596
22.6398
22.114
21.5789
21.0293
20.4577
19.8541
19.2053
18.4961
17.7161
16.8803
45.5577
45.731
45.4047
44.5588
43.575
42.574
41.6223
40.7438
39.9403
39.2034
38.5218
37.8839
37.2795
36.7004
36.1397
35.5924
35.0548
34.5239
33.9976
33.4745
32.9536
32.4342
31.9157
31.3978
30.8804
30.3633
29.8465
29.33
28.8138
28.2979
27.7823
27.2671
26.7522
26.2375
25.723
25.2085
24.6936
24.1779
23.6606
23.1407
22.6165
22.0859
21.5455
20.9908
20.4158
19.8127
19.1725
18.4868
17.7522
16.9876
44.0883
44.4489
44.3522
43.7819
43.0327
42.2131
41.3926
40.6046
39.8611
39.1629
38.5052
37.8815
37.2849
36.7096
36.1503
35.603
35.0645
34.5324
34.0049
33.4805
32.9584
32.4379
31.9185
31.3998
30.8817
30.364
29.8467
29.3296
28.8129
28.2964
27.7802
27.2642
26.7485
26.2328
25.717
25.201
24.6844
24.1665
23.6468
23.124
22.5966
22.0626
21.519
20.9621
20.3871
19.7884
19.1602
18.4988
17.8049
17.0976
42.9407
43.3993
43.4546
43.0879
42.5251
41.8587
41.1551
40.4518
39.7674
39.109
38.4773
37.87
37.2833
36.7135
36.157
35.6107
35.0722
34.5395
34.0111
33.4858
32.9627
32.4413
31.9211
31.4017
30.8829
30.3646
29.8468
29.3292
28.8119
28.2949
27.778
27.2614
26.7448
26.2282
25.7114
25.1941
24.6759
24.1563
23.6346
23.1097
22.5802
22.0441
21.4992
20.9422
20.3697
19.7778
19.1633
18.5253
17.8671
17.2057
42.0328
42.5391
42.6952
42.4786
42.0625
41.5233
40.9214
40.295
39.6664
39.0471
38.4419
37.852
37.2764
36.7132
36.1604
35.6159
35.0781
34.5453
34.0163
33.4903
32.9665
32.4444
31.9234
31.4033
30.884
30.3651
29.8467
29.3286
28.8108
28.2933
27.7759
27.2585
26.7412
26.2238
25.706
25.1876
24.6682
24.1473
23.6242
23.0978
22.567
22.0301
21.4852
20.9298
20.3615
19.7779
19.1776
18.5614
17.9339
17.3097
41.3085
41.8349
42.0579
41.9519
41.6503
41.2154
40.7002
40.1418
39.5641
38.9817
38.4023
37.8299
37.2658
36.7098
36.1613
35.6192
35.0823
34.5498
34.0207
33.4942
32.9698
32.447
31.9254
31.4048
30.8848
30.3655
29.8466
29.328
28.8097
28.2916
27.7737
27.2558
26.7378
26.2197
25.7011
25.1818
24.6615
24.1396
23.6155
23.0883
22.557
22.0202
21.4764
20.9239
20.3609
19.7863
19.1998
18.6034
18.0022
17.4081
40.7291
41.261
41.5286
41.5038
41.291
40.9402
40.4977
39.998
39.4656
38.9167
38.3615
37.8059
37.253
36.7043
36.1603
35.6208
35.0853
34.5533
34.0242
33.4974
32.9726
32.4492
31.9271
31.4059
30.8855
30.3657
29.8463
29.3273
28.8085
28.29
27.7715
27.2531
26.7346
26.2158
25.6966
25.1766
24.6556
24.133
23.6084
23.0809
22.5498
22.0139
21.472
20.9231
20.3661
19.8007
19.2273
18.6487
18.0697
17.5004
40.2676
40.7979
41.0952
41.1298
40.9852
40.7014
40.3184
39.8682
39.3748
38.8555
38.322
37.7817
37.2394
36.6977
36.1582
35.6213
35.0873
34.5559
34.0269
33.5
32.9748
32.4511
31.9285
31.4069
30.886
30.3657
29.8459
29.3265
28.8073
28.2883
27.7694
27.2505
26.7315
26.2122
25.6925
25.172
24.6505
24.1276
23.6028
23.0755
22.545
22.0105
21.4712
20.9264
20.3757
19.8192
19.2581
18.6951
18.135
17.5861
39.905
40.4307
40.7477
40.8254
40.7325
40.501
40.1656
39.7558
39.295
38.8008
38.2859
37.7591
37.2262
36.6909
36.1554
35.621
35.0884
34.5577
34.029
33.502
32.9766
32.4525
31.9295
31.4075
30.8862
30.3656
29.8454
29.3256
28.806
28.2867
27.7674
27.2481
26.7286
26.2089
25.6888
25.168
24.6462
24.1232
23.5986
23.0718
22.5423
22.0096
21.4733
20.9329
20.3884
19.8404
19.2904
18.7412
18.1972
17.6651
39.628
40.1484
40.4785
40.5869
40.5319
40.3399
40.0413
39.6633
39.2284
38.7546
38.255
37.7394
37.2144
36.6844
36.1525
35.6204
35.089
34.559
34.0305
33.5034
32.9778
32.4535
31.9302
31.4079
30.8863
30.3653
29.8447
29.3246
28.8047
28.285
27.7654
27.2457
26.7259
26.2059
25.6855
25.1645
24.6426
24.1197
23.5954
23.0694
22.5412
22.0107
21.4774
20.9414
20.403
19.863
19.323
18.7859
18.2554
17.7373
39.4273
39.9431
40.2814
40.4109
40.3826
40.2189
39.9471
39.5925
39.1771
38.7186
38.2307
37.7237
37.2048
36.6791
36.1499
35.6196
35.0892
34.5597
34.0314
33.5044
32.9787
32.4541
31.9306
31.4079
30.8861
30.3648
29.844
29.3235
28.8033
28.2833
27.7634
27.2435
26.7234
26.2031
25.6825
25.1614
24.6396
24.1169
23.5932
23.0681
22.5414
22.0131
21.483
20.9513
20.4186
19.8859
19.3549
18.8282
18.3092
17.8027
39.2967
39.8091
40.1523
40.2949
40.2836
40.1382
39.8838
39.5447
39.1421
38.6939
38.214
37.7128
37.198
36.6752
36.148
35.6188
35.0892
34.5601
34.0319
33.5049
32.9791
32.4543
31.9306
31.4078
30.8856
30.3641
29.843
29.3223
28.8019
28.2816
27.7614
27.2413
26.721
26.2005
25.6798
25.1587
24.637
24.1147
23.5916
23.0675
22.5424
22.0164
21.4894
20.9618
20.4345
19.9084
19.3852
18.8675
18.3582
17.8614
39.2323
39.743
40.0885
40.2373
40.2343
40.0978
39.852
39.5205
39.1245
38.6814
38.2054
37.7071
37.1945
36.6732
36.1469
35.6184
35.0891
34.5602
34.032
33.505
32.979
32.4542
31.9303
31.4073
30.885
30.3632
29.842
29.3211
28.8004
28.2799
27.7595
27.2391
26.7187
26.1981
25.6773
25.1562
24.6347
24.1128
23.5904
23.0675
22.544
22.0201
21.496
20.9724
20.4498
19.9296
19.4133
18.9033
18.4022
17.9135
39.2323
39.7429
40.0885
40.2373
40.2343
40.0978
39.852
39.5205
39.1244
38.6814
38.2053
37.7071
37.1944
36.673
36.1468
35.6182
35.0889
34.5599
34.0317
33.5046
32.9786
32.4536
31.9297
31.4065
30.8841
30.3622
29.8408
29.3197
28.7988
28.2782
27.7576
27.237
26.7164
26.1957
25.6749
25.1539
24.6327
24.1112
23.5895
23.0676
22.5456
22.0238
21.5025
20.9824
20.4641
19.9491
19.4388
18.9353
18.4411
17.9591
39.2966
39.809
40.1523
40.2948
40.2836
40.1381
39.8837
39.5446
39.142
38.6938
38.2138
37.7126
37.1978
36.6749
36.1476
35.6183
35.0886
34.5594
34.031
33.5038
32.9777
32.4527
31.9287
31.4055
30.883
30.361
29.8394
29.3182
28.7972
28.2764
27.7556
27.2349
26.7142
26.1934
25.6726
25.1516
24.6306
24.1096
23.5886
23.0677
22.5471
22.0272
21.5084
20.9913
20.4769
19.9663
19.4611
18.9632
18.4746
17.9982
39.4271
39.943
40.2813
40.4108
40.3825
40.2188
39.947
39.5924
39.1769
38.7184
38.2305
37.7234
37.2044
36.6786
36.1493
35.6187
35.0882
34.5585
34.0299
33.5026
32.9764
32.4514
31.9274
31.4042
30.8816
30.3596
29.838
29.3166
28.7955
28.2745
27.7536
27.2328
26.7119
26.1911
25.6702
25.1494
24.6286
24.1079
23.5875
23.0675
22.5482
22.03
21.5133
20.999
20.4878
19.981
19.4801
18.9867
18.5029
18.0309
39.6277
40.1483
40.4783
40.5868
40.5318
40.3398
40.0412
39.6631
39.2282
38.7543
38.2547
37.739
37.2138
36.6837
36.1516
35.6193
35.0876
34.5573
34.0284
33.5009
32.9748
32.4498
31.9258
31.4026
30.8801
30.3581
29.8364
29.315
28.7938
28.2727
27.7516
27.2306
26.7097
26.1887
25.6678
25.147
24.6264
24.106
23.5861
23.0669
22.5486
22.0318
21.517
21.0049
20.4965
19.9929
19.4954
19.0058
18.5258
18.0574
39.9047
40.4305
40.7476
40.8253
40.7323
40.5008
40.1654
39.7556
39.2947
38.8005
38.2855
37.7586
37.2255
36.69
36.1543
35.6197
35.0867
34.5556
34.0263
33.4988
32.9727
32.4478
31.9239
31.4008
30.8784
30.3564
29.8347
29.3132
28.7919
28.2707
27.7496
27.2284
26.7073
26.1862
25.6653
25.1445
24.6239
24.1037
23.5842
23.0656
22.5482
22.0325
21.5192
21.009
20.5027
20.0016
19.507
19.0203
18.5433
18.0777
40.2672
40.7976
41.095
41.1296
40.985
40.7013
40.3182
39.8679
39.3745
38.8552
38.3215
37.7811
37.2386
36.6967
36.1569
35.6197
35.0852
34.5533
34.0237
33.4961
32.9701
32.4454
31.9217
31.3988
30.8765
30.3545
29.8329
29.3114
28.7901
28.2687
27.7474
27.2262
26.7049
26.1837
25.6626
25.1417
24.6211
24.1011
23.5818
23.0635
22.5467
22.0319
21.5197
21.0109
20.5063
20.0071
19.5146
19.0302
18.5554
18.0919
40.7287
41.2607
41.5284
41.5036
41.2908
40.9401
40.4975
39.9977
39.4653
38.9163
38.361
37.8051
37.2521
36.7032
36.1589
35.6189
35.083
34.5504
34.0206
33.493
32.9672
32.4427
31.9193
31.3966
30.8744
30.3526
29.831
29.3096
28.7881
28.2667
27.7453
27.2238
26.7024
26.181
25.6597
25.1386
24.6179
24.0978
23.5786
23.0606
22.5441
22.0299
21.5184
21.0105
20.5071
20.0093
19.5183
19.0355
18.5623
18.1002
41.3081
41.8346
42.0577
41.9517
41.6501
41.2152
40.7
40.1415
39.5638
38.9812
38.4018
37.8292
37.2648
36.7086
36.1597
35.6171
35.0797
34.5466
34.0167
33.4893
32.9638
32.4397
31.9166
31.3942
30.8723
30.3506
29.8291
29.3077
28.7862
28.2647
27.7431
27.2214
26.6998
26.1781
25.6565
25.1352
24.6143
24.0941
23.5747
23.0566
22.5403
22.0262
21.5151
21.0077
20.5051
20.0081
19.518
19.0362
18.5639
18.1026
42.0324
42.5388
42.6949
42.4784
42.0623
41.5231
40.9212
40.2947
39.666
39.0466
38.4413
37.8512
37.2754
36.7119
36.1587
35.6137
35.0753
34.5418
34.012
33.485
32.9599
32.4363
31.9137
31.3916
30.87
30.3485
29.8272
29.3057
28.7842
28.2626
27.7409
27.219
26.697
26.1751
25.6532
25.1315
24.6103
24.0897
23.57
23.0517
22.5351
22.021
21.5098
21.0026
20.5001
20.0034
19.5137
19.0322
18.5603
18.0993
42.9403
43.399
43.4543
43.0877
42.5249
41.8585
41.1549
40.4515
39.7671
39.1086
38.4767
37.8692
37.2823
36.7121
36.1552
35.6084
35.0693
34.5358
34.0065
33.4801
32.9557
32.4327
31.9106
31.389
30.8677
30.3465
29.8252
29.3039
28.7823
28.2606
27.7386
27.2165
26.6943
26.1719
25.6496
25.1275
24.6058
24.0847
23.5645
23.0457
22.5287
22.0141
21.5025
20.9949
20.4922
19.9953
19.5054
19.0237
18.5516
18.0904
44.0879
44.4486
44.352
43.7817
43.0325
42.2129
41.3924
40.6043
39.8608
39.1624
38.5046
37.8807
37.2839
36.7082
36.1485
35.6007
35.0615
34.5286
34.0001
33.4745
32.951
32.4288
31.9073
31.3863
30.8654
30.3444
29.8233
29.302
28.7805
28.2586
27.7365
27.214
26.6914
26.1687
25.6459
25.1232
24.6009
24.0791
23.5582
23.0386
22.5209
22.0055
21.4932
20.9848
20.4813
19.9837
19.4931
19.0107
18.5379
18.0758
45.5573
45.7307
45.4045
44.5586
43.5749
42.5738
41.6221
40.7436
39.94
39.203
38.5212
37.8831
37.2785
36.699
36.1379
35.5901
35.0518
34.52
33.9927
33.4684
32.946
32.4247
31.904
31.3835
30.8631
30.3424
29.8215
29.3003
28.7787
28.2567
27.7343
27.2116
26.6886
26.1653
25.6419
25.1186
24.5955
24.0729
23.5511
23.0306
22.5118
21.9953
21.4819
20.9723
20.4676
19.9688
19.4769
18.9933
18.5192
18.0559
47.4703
47.2992
46.626
45.4096
44.1345
42.9233
41.8291
40.8579
39.9964
39.2246
38.5228
37.8741
37.2646
36.6836
36.1229
35.5764
35.0399
34.51
33.9844
33.4617
32.9406
32.4204
31.9006
31.3808
30.8608
30.3406
29.8198
29.2987
28.777
28.2549
27.7323
27.2092
26.6857
26.1619
25.6379
25.1138
24.5898
24.0662
23.5433
23.0216
22.5014
21.9835
21.4686
20.9575
20.4511
19.9505
19.4569
18.9716
18.4956
18.0305
50.0121
49.2201
48.0224
46.313
44.6834
43.2365
41.9939
40.9336
40.0207
39.221
38.5054
37.8511
37.2406
36.661
36.1029
35.5594
35.0257
34.4985
33.9753
33.4545
32.935
32.4161
31.8972
31.3782
30.8588
30.3388
29.8184
29.2973
28.7756
28.2533
27.7304
27.2069
26.6829
26.1585
25.6338
25.1088
24.5838
24.0591
23.5349
23.0116
22.4899
21.9703
21.4535
20.9403
20.4318
19.9291
19.4332
18.9455
18.4673
17.9999
53.4663
51.5684
49.5813
47.2272
45.1789
43.4796
42.0931
40.955
40.0031
39.1863
38.4655
37.8121
37.2054
36.6308
36.0777
35.5389
35.0094
34.4857
33.9654
33.4469
32.9292
32.4117
31.894
31.3758
30.8569
30.3374
29.8171
29.2961
28.7743
28.2518
27.7287
27.2048
26.6803
26.1552
25.6296
25.1037
24.5776
24.0515
23.5259
23.001
22.4773
21.9556
21.4366
20.921
20.41
19.9045
19.4059
18.9154
18.4343
17.9641
58.2353
54.411
51.2558
48.0818
45.5606
43.6106
42.0999
40.9062
39.9343
39.1152
38.4001
37.7556
37.1584
36.5926
36.0473
35.5152
34.9911
34.4717
33.9548
33.4391
32.9235
32.4076
31.891
31.3736
30.8554
30.3362
29.8161
29.2952
28.7733
28.2507
27.7272
27.2029
26.6778
26.152
25.6256
25.0986
24.5712
24.0437
23.5164
22.9896
22.4638
21.9398
21.4181
20.8997
20.3856
19.877
19.3751
18.8812
18.3968
17.9232
64.8775
57.7607
52.9163
48.7549
45.7426
43.577
41.9848
40.7713
39.8063
39.0038
38.3077
37.681
37.0995
36.5468
36.0121
35.4885
34.971
34.4568
33.944
33.4312
32.9179
32.4037
31.8883
31.3718
30.8542
30.3354
29.8155
29.2946
28.7727
28.2498
27.726
27.2013
26.6756
26.149
25.6217
25.0936
24.5649
24.0358
23.5066
22.9777
22.4496
21.9228
21.3982
20.8765
20.359
19.8467
19.341
18.8432
18.3548
17.8774
74.9113
61.5288
54.1898
48.9897
45.5772
43.2993
41.7066
40.5294
39.6083
38.8467
38.1855
37.5872
37.0282
36.4932
35.9722
35.459
34.9496
34.4414
33.933
33.4236
32.9127
32.4002
31.8861
31.3705
30.8534
30.335
29.8153
29.2944
28.7724
28.2493
27.7252
27.2
26.6737
26.1464
25.618
25.0887
24.5586
24.0278
23.4966
22.9653
22.4345
21.9047
21.3767
20.8514
20.3298
19.8133
19.3031
18.8007
18.3078
17.8259
93.4714
65.4479
54.3287
48.3598
44.8522
42.675
41.2151
40.1547
39.3265
38.6362
38.029
37.4715
36.9431
36.431
35.9272
35.4268
34.9267
34.4255
33.9221
33.4163
32.9081
32.3974
31.8846
31.3698
30.8533
30.3351
29.8156
29.2948
28.7726
28.2493
27.7248
27.1991
26.6722
26.144
25.6146
25.084
24.5523
24.0196
23.4861
22.9522
22.4182
21.8849
21.353
20.8233
20.297
19.7754
19.2599
18.7521
18.2537
17.7663
124.12
68.947
53.6452
47.1798
43.8137
41.8879
40.6415
39.7396
39.0256
38.4177
37.8703
37.3564
36.86
36.3713
35.8847
35.3969
34.906
34.4113
33.9127
33.4103
32.9044
32.3954
31.8837
31.3696
30.8535
30.3357
29.8163
29.2954
28.7732
28.2497
27.7248
27.1986
26.6711
26.1422
25.6118
25.08
24.5468
24.0122
23.4766
22.9401
22.4032
21.8665
21.3306
20.7967
20.2657
19.7391
19.2184
18.7051
18.2012
17.7085
8.85715
10.96
11.0866
11.5066
11.7366
11.902
12.0016
12.0572
12.078
12.0718
12.0438
11.998
11.9373
11.8643
11.7807
11.6882
11.588
11.4812
11.3688
11.2515
11.1301
11.0052
10.8772
10.7466
10.6139
10.4793
10.3432
10.2058
10.0673
9.92803
9.78802
9.64744
9.50643
9.36508
9.22349
9.08171
8.93982
8.79785
8.65586
8.51387
8.37191
8.23
8.08815
7.94637
7.80467
7.66306
7.52154
7.3801
7.23875
7.09748
6.95629
6.81518
6.67414
6.53317
6.39225
6.2514
6.11059
5.96983
5.82912
5.68844
5.5478
5.40719
5.26661
5.12605
4.98551
4.84499
4.70448
4.56399
4.42351
4.28304
4.14258
4.00213
3.86168
3.72124
3.5808
3.44037
3.29994
3.15951
3.01908
2.87866
2.73823
2.59781
2.45739
2.31696
2.17654
2.03612
1.8957
1.75528
1.61486
1.47444
1.33401
1.19359
1.05317
0.91275
0.772329
0.631907
0.491486
0.351063
0.210648
0.0702054
11.4574
12.0583
11.7516
11.933
12.0372
12.1257
12.1751
12.1951
12.1892
12.1622
12.1175
12.058
11.986
11.9035
11.8119
11.7127
11.6068
11.4953
11.3789
11.2583
11.1342
11.007
10.8773
10.7453
10.6114
10.476
10.3393
10.2015
10.0628
9.92337
9.78333
9.64282
9.50193
9.36075
9.21936
9.07782
8.93618
8.79447
8.65274
8.51101
8.3693
8.22763
8.08601
7.94445
7.80295
7.66153
7.52018
7.3789
7.2377
7.09656
6.9555
6.81449
6.67354
6.53266
6.39182
6.25103
6.11028
5.96958
5.82891
5.68827
5.54766
5.40708
5.26652
5.12598
4.98545
4.84495
4.70445
4.56397
4.4235
4.28304
4.14258
4.00213
3.86169
3.72125
3.58081
3.44038
3.29995
3.15952
3.0191
2.87867
2.73825
2.59782
2.4574
2.31698
2.17655
2.03613
1.89571
1.75529
1.61486
1.47444
1.33402
1.1936
1.05318
0.912754
0.772332
0.63191
0.491488
0.351064
0.210645
0.0702109
12.8836
12.8567
12.3567
12.3517
12.3434
12.3569
12.3554
12.3384
12.3048
12.256
12.1939
12.1202
12.0365
11.9442
11.8444
11.7382
11.6265
11.5101
11.3896
11.2656
11.1387
11.0092
10.8776
10.7442
10.6092
10.473
10.3356
10.1974
10.0584
9.91877
9.77869
9.63822
9.49745
9.35643
9.21525
9.07393
8.93253
8.79108
8.6496
8.50812
8.36666
8.22523
8.08384
7.9425
7.80121
7.65998
7.5188
7.37769
7.23663
7.09563
6.95468
6.81378
6.67294
6.53213
6.39137
6.25065
6.10996
5.96931
5.82868
5.68809
5.54751
5.40696
5.26642
5.1259
4.9854
4.84491
4.70443
4.56395
4.42349
4.28303
4.14258
4.00214
3.8617
3.72126
3.58083
3.4404
3.29997
3.15954
3.01911
2.87869
2.73826
2.59784
2.45741
2.31699
2.17657
2.03614
1.89572
1.7553
1.61487
1.47445
1.33403
1.1936
1.05318
0.912759
0.772335
0.631912
0.491489
0.351065
0.210643
0.0702162
13.8607
13.4843
12.8943
12.7474
12.6444
12.5891
12.5382
12.4846
12.4229
12.3521
12.2722
12.184
12.0883
11.9859
11.8777
11.7644
11.6468
11.5254
11.4007
11.2733
11.1435
11.0117
10.8783
10.7433
10.6072
10.47
10.332
10.1933
10.054
9.91423
9.7741
9.63366
9.49298
9.35212
9.21113
9.07003
8.92887
8.78767
8.64645
8.50523
8.36401
8.22282
8.08166
7.94054
7.79945
7.65841
7.51741
7.37646
7.23555
7.09468
6.95385
6.81307
6.67232
6.5316
6.39092
6.25026
6.10964
5.96904
5.82846
5.6879
5.54736
5.40683
5.26632
5.12583
4.98534
4.84486
4.70439
4.56393
4.42348
4.28303
4.14259
4.00215
3.86171
3.72127
3.58084
3.44041
3.29998
3.15955
3.01913
2.8787
2.73828
2.59785
2.45743
2.317
2.17658
2.03615
1.89573
1.75531
1.61488
1.47446
1.33403
1.19361
1.05319
0.912763
0.772339
0.631915
0.49149
0.351066
0.21064
0.0702214
14.5714
13.9981
13.3666
13.1141
12.9339
12.8174
12.7206
12.6315
12.5422
12.4493
12.3516
12.2488
12.1409
12.0283
11.9116
11.7912
11.6675
11.5411
11.4122
11.2813
11.1486
11.0144
10.879
10.7426
10.6052
10.4671
10.3284
10.1893
10.0497
9.90973
9.76953
9.62911
9.48853
9.34782
9.20701
9.06613
8.92521
8.78426
8.64329
8.50231
8.36135
8.2204
8.07947
7.93856
7.79768
7.65683
7.516
7.37521
7.23445
7.09372
6.95301
6.81234
6.67169
6.53106
6.39046
6.24987
6.10931
5.96876
5.82823
5.68771
5.5472
5.40671
5.26622
5.12575
4.98528
4.84482
4.70436
4.56391
4.42347
4.28303
4.14259
4.00215
3.86172
3.72128
3.58085
3.44042
3.3
3.15957
3.01914
2.87872
2.73829
2.59787
2.45744
2.31702
2.17659
2.03617
1.89574
1.75532
1.61489
1.47447
1.33404
1.19362
1.05319
0.912767
0.772342
0.631917
0.491492
0.351067
0.210638
0.0702265
15.0943
14.4238
13.779
13.4498
13.208
13.0385
12.8997
12.7772
12.6611
12.5467
12.4314
12.3139
12.1938
12.0711
11.9458
11.8182
11.6885
11.557
11.4238
11.2894
11.1538
11.0172
10.8799
10.7419
10.6033
10.4643
10.325
10.1853
10.0454
9.90524
9.76497
9.62458
9.48408
9.34352
9.2029
9.06223
8.92154
8.78083
8.64012
8.49939
8.35867
8.21796
8.07726
7.93657
7.79589
7.65523
7.51459
7.37396
7.23335
7.09275
6.95217
6.8116
6.67105
6.53051
6.38999
6.24947
6.10897
5.96848
5.82799
5.68751
5.54704
5.40658
5.26612
5.12567
4.98522
4.84477
4.70433
4.56389
4.42345
4.28302
4.14259
4.00215
3.86172
3.7213
3.58087
3.44044
3.30001
3.15958
3.01916
2.87873
2.73831
2.59788
2.45745
2.31703
2.1766
2.03618
1.89575
1.75533
1.6149
1.47447
1.33405
1.19362
1.0532
0.912772
0.772346
0.63192
0.491493
0.351069
0.210636
0.0702313
15.4911
14.7813
14.1385
13.7549
13.4645
13.2499
13.0735
12.9201
12.7786
12.6433
12.5107
12.3788
12.2467
12.1139
11.9801
11.8452
11.7095
11.5729
11.4355
11.2975
11.159
11.0201
10.8808
10.7412
10.6015
10.4615
10.3215
10.1813
10.0411
9.90077
9.76043
9.62005
9.47964
9.33922
9.19878
9.05833
8.91787
8.77741
8.63694
8.49647
8.356
8.21552
8.07505
7.93458
7.79411
7.65364
7.51317
7.3727
7.23224
7.09178
6.95132
6.81087
6.67041
6.52997
6.38952
6.24907
6.10863
5.96819
5.82775
5.68732
5.54688
5.40645
5.26602
5.12559
4.98515
4.84473
4.7043
4.56387
4.42344
4.28301
4.14259
4.00216
3.86173
3.72131
3.58088
3.44045
3.30003
3.1596
3.01917
2.87875
2.73832
2.59789
2.45747
2.31704
2.17662
2.03619
1.89576
1.75534
1.61491
1.47448
1.33406
1.19363
1.0532
0.912776
0.772349
0.631923
0.491495
0.35107
0.210634
0.070236
15.8039
15.0858
14.4524
14.0309
13.7026
13.45
13.2405
13.0587
12.8934
12.7382
12.5888
12.443
12.299
12.1562
12.014
11.8721
11.7303
11.5886
11.4471
11.3056
11.1642
11.0228
10.8816
10.7406
10.5996
10.4587
10.318
10.1773
10.0368
9.89629
9.75587
9.61551
9.4752
9.33492
9.19467
9.05443
8.91421
8.77399
8.63377
8.49355
8.35332
8.21308
8.07284
7.93258
7.79232
7.65204
7.51175
7.37144
7.23113
7.09081
6.95047
6.81013
6.66978
6.52942
6.38905
6.24867
6.10829
5.96791
5.82752
5.68712
5.54672
5.40632
5.26591
5.1255
4.98509
4.84468
4.70426
4.56385
4.42343
4.28301
4.14259
4.00216
3.86174
3.72132
3.58089
3.44047
3.30004
3.15962
3.01919
2.87876
2.73834
2.59791
2.45748
2.31705
2.17663
2.0362
1.89577
1.75535
1.61492
1.47449
1.33406
1.19364
1.05321
0.912781
0.772353
0.631925
0.491497
0.351071
0.210632
0.0702404
16.0585
15.3485
14.7274
14.2801
13.9224
13.6382
13.3996
13.1921
13.0048
12.8307
12.6653
12.5059
12.3504
12.1978
12.0473
11.8984
11.7507
11.6041
11.4584
11.3134
11.1691
11.0255
10.8824
10.7398
10.5976
10.4559
10.3144
10.1733
10.0324
9.89179
9.75131
9.61097
9.47075
9.33062
9.19055
9.05053
8.91054
8.77057
8.6306
8.49063
8.35065
8.21065
8.07063
7.9306
7.79053
7.65044
7.51033
7.37019
7.23002
7.08984
6.94962
6.80939
6.66914
6.52887
6.38858
6.24827
6.10796
5.96762
5.82728
5.68693
5.54656
5.40619
5.26581
5.12542
4.98503
4.84463
4.70423
4.56382
4.42341
4.283
4.14259
4.00217
3.86175
3.72133
3.5809
3.44048
3.30006
3.15963
3.0192
2.87878
2.73835
2.59792
2.4575
2.31707
2.17664
2.03621
1.89578
1.75536
1.61493
1.4745
1.33407
1.19364
1.05321
0.912785
0.772356
0.631928
0.491498
0.351072
0.210631
0.0702445
16.2716
15.5772
14.9694
14.5047
14.1242
13.8138
13.55
13.3195
13.1118
12.9201
12.7395
12.567
12.4005
12.2384
12.0798
11.924
11.7706
11.6191
11.4693
11.3209
11.1738
11.0279
10.8829
10.7388
10.5955
10.4529
10.3108
10.1692
10.0281
9.88726
9.74672
9.60641
9.46629
9.32631
9.18643
9.04663
8.90688
8.76715
8.62744
8.48772
8.34798
8.20823
8.06844
7.92862
7.78876
7.64886
7.50892
7.36894
7.22893
7.08887
6.94878
6.80866
6.66851
6.52832
6.38811
6.24788
6.10762
5.96734
5.82705
5.68673
5.5464
5.40606
5.26571
5.12534
4.98497
4.84459
4.7042
4.5638
4.4234
4.28299
4.14259
4.00217
3.86176
3.72134
3.58092
3.44049
3.30007
3.15965
3.01922
2.87879
2.73837
2.59794
2.45751
2.31708
2.17665
2.03622
1.89579
1.75536
1.61494
1.47451
1.33408
1.19365
1.05322
0.91279
0.77236
0.631931
0.4915
0.351074
0.21063
0.0702483
16.4537
15.778
15.183
14.7069
14.309
13.9768
13.6913
13.4403
13.214
13.0058
12.8109
12.626
12.4488
12.2776
12.1112
11.9488
11.7897
11.6334
11.4796
11.328
11.1781
11.03
10.8832
10.7377
10.5933
10.4498
10.3071
10.1651
10.0236
9.88267
9.7421
9.60183
9.46182
9.322
9.18232
9.04274
8.90322
8.76375
8.62429
8.48482
8.34533
8.20581
8.06625
7.92665
7.78699
7.64728
7.50752
7.3677
7.22784
7.08792
6.94795
6.80794
6.66788
6.52779
6.38765
6.24749
6.10729
5.96707
5.82682
5.68654
5.54625
5.40594
5.26561
5.12526
4.98491
4.84454
4.70417
4.56378
4.42339
4.28299
4.14259
4.00218
3.86176
3.72135
3.58093
3.44051
3.30009
3.15966
3.01924
2.87881
2.73838
2.59795
2.45752
2.31709
2.17666
2.03623
1.8958
1.75537
1.61494
1.47451
1.33408
1.19365
1.05322
0.912794
0.772364
0.631934
0.491502
0.351075
0.210628
0.0702519
16.6121
15.9553
15.3722
14.889
14.4775
14.1275
13.8232
13.5539
13.3107
13.0874
12.8791
12.6825
12.4951
12.3151
12.1412
11.9724
11.8078
11.647
11.4893
11.3345
11.182
11.0317
10.8832
10.7363
10.5908
10.4465
10.3032
10.1608
10.0191
9.87803
9.73743
9.59722
9.45733
9.31767
9.1782
9.03885
8.89958
8.76036
8.62115
8.48194
8.3427
8.20342
8.06409
7.9247
7.78525
7.64573
7.50614
7.36648
7.22676
7.08698
6.94713
6.80722
6.66727
6.52726
6.3872
6.2471
6.10697
5.96679
5.82659
5.68636
5.5461
5.40581
5.26551
5.12519
4.98485
4.8445
4.70414
4.56376
4.42338
4.28299
4.14259
4.00218
3.86177
3.72136
3.58094
3.44052
3.3001
3.15968
3.01925
2.87882
2.7384
2.59797
2.45754
2.31711
2.17668
2.03625
1.89582
1.75538
1.61495
1.47452
1.33409
1.19366
1.05323
0.912799
0.772367
0.631936
0.491504
0.351076
0.210628
0.0702551
16.7516
16.1126
15.5403
15.0528
14.6309
14.266
13.9456
13.6601
13.4018
13.1645
12.9437
12.7361
12.5391
12.3507
12.1696
11.9946
11.8249
11.6596
11.4983
11.3403
11.1853
11.0329
10.8828
10.7346
10.5881
10.443
10.2992
10.1564
10.0145
9.87331
9.73271
9.59257
9.45282
9.31334
9.17408
9.03496
8.89595
8.75698
8.61804
8.47908
8.34009
8.20105
8.06195
7.92277
7.78352
7.64419
7.50478
7.36528
7.2257
7.08605
6.94632
6.80653
6.66666
6.52674
6.38676
6.24673
6.10665
5.96653
5.82637
5.68618
5.54595
5.4057
5.26542
5.12512
4.9848
4.84446
4.70411
4.56374
4.42337
4.28298
4.14259
4.00219
3.86178
3.72137
3.58096
3.44054
3.30012
3.15969
3.01927
2.87884
2.73841
2.59798
2.45755
2.31712
2.17669
2.03626
1.89583
1.75539
1.61496
1.47453
1.3341
1.19367
1.05323
0.912803
0.772371
0.631939
0.491506
0.351078
0.210627
0.070258
16.8753
16.2526
15.6898
15.2
14.7699
14.3928
14.0585
13.7588
13.4867
13.2367
13.0044
12.7864
12.5804
12.3841
12.1962
12.0154
11.8406
11.6712
11.5063
11.3454
11.188
11.0336
10.8819
10.7325
10.5851
10.4393
10.295
10.1519
10.0098
9.8685
9.72792
9.58789
9.44828
9.309
9.16996
9.03109
8.89233
8.75363
8.61494
8.47624
8.33751
8.19871
8.05983
7.92087
7.78182
7.64268
7.50344
7.3641
7.22467
7.08514
6.94553
6.80584
6.66608
6.52624
6.38633
6.24637
6.10635
5.96628
5.82616
5.686
5.54581
5.40558
5.26533
5.12505
4.98475
4.84442
4.70408
4.56373
4.42336
4.28298
4.14259
4.0022
3.86179
3.72139
3.58097
3.44055
3.30013
3.15971
3.01928
2.87886
2.73843
2.598
2.45756
2.31713
2.1767
2.03627
1.89584
1.7554
1.61497
1.47454
1.33411
1.19367
1.05324
0.912808
0.772375
0.631942
0.491508
0.351079
0.210627
0.0702606
16.9856
16.3773
15.8229
15.3319
14.8955
14.5083
14.162
13.8498
13.5654
13.3038
13.0608
12.8333
12.6188
12.4151
12.2208
12.0344
11.8549
11.6815
11.5133
11.3496
11.1899
11.0337
10.8806
10.73
10.5817
10.4353
10.2905
10.1471
10.0049
9.8636
9.72306
9.58315
9.44371
9.30464
9.16584
9.02722
8.88873
8.75029
8.61188
8.47344
8.33495
8.19639
8.05775
7.91901
7.78016
7.6412
7.50212
7.36294
7.22365
7.08426
6.94477
6.80518
6.6655
6.52575
6.38592
6.24602
6.10605
5.96603
5.82596
5.68584
5.54568
5.40548
5.26525
5.12498
4.9847
4.84439
4.70406
4.56372
4.42336
4.28298
4.1426
4.00221
3.86181
3.7214
3.58099
3.44057
3.30015
3.15973
3.0193
2.87887
2.73844
2.59801
2.45758
2.31715
2.17671
2.03628
1.89585
1.75541
1.61498
1.47455
1.33411
1.19368
1.05325
0.912812
0.772379
0.631945
0.49151
0.351081
0.210626
0.0702629
17.0841
16.4884
15.9413
15.4499
15.0085
14.6129
14.2564
13.9331
13.6377
13.3655
13.1128
12.8765
12.6541
12.4435
12.2431
12.0516
11.8677
11.6905
11.5191
11.3528
11.1911
11.0332
10.8786
10.727
10.5779
10.431
10.2858
10.1422
9.99987
9.85858
9.71813
9.57835
9.43911
9.30027
9.16172
9.02337
8.88514
8.74699
8.60884
8.47067
8.33243
8.19412
8.0557
7.91717
7.77852
7.63975
7.50084
7.36182
7.22267
7.0834
6.94402
6.80454
6.66495
6.52528
6.38552
6.24568
6.10577
5.9658
5.82576
5.68568
5.54555
5.40538
5.26517
5.12493
4.98466
4.84436
4.70404
4.56371
4.42335
4.28299
4.14261
4.00222
3.86182
3.72141
3.581
3.44059
3.30017
3.15974
3.01932
2.87889
2.73846
2.59803
2.45759
2.31716
2.17673
2.03629
1.89586
1.75542
1.61499
1.47455
1.33412
1.19369
1.05325
0.912817
0.772382
0.631948
0.491512
0.351083
0.210626
0.0702648
17.172
16.5871
16.0463
15.555
15.1097
14.707
14.3416
14.0087
13.7035
13.4218
13.1602
12.9158
12.6861
12.4691
12.2631
12.0667
11.8787
11.698
11.5237
11.355
11.1913
11.0318
10.8761
10.7235
10.5737
10.4263
10.2809
10.1371
9.99469
9.85343
9.7131
9.5735
9.43447
9.29588
9.15759
9.01952
8.88158
8.74371
8.60584
8.46793
8.32996
8.19188
8.0537
7.91538
7.77693
7.63834
7.4996
7.36072
7.22171
7.08257
6.9433
6.80392
6.66442
6.52483
6.38514
6.24536
6.1055
5.96558
5.82558
5.68553
5.54543
5.40529
5.2651
5.12487
4.98462
4.84433
4.70403
4.5637
4.42335
4.28299
4.14262
4.00223
3.86183
3.72143
3.58102
3.4406
3.30018
3.15976
3.01933
2.8789
2.73847
2.59804
2.45761
2.31717
2.17674
2.0363
1.89587
1.75543
1.615
1.47456
1.33413
1.19369
1.05326
0.912821
0.772386
0.631951
0.491515
0.351084
0.210627
0.0702664
17.2502
16.6746
16.1391
15.6482
15.1997
14.791
14.418
14.0766
13.7626
13.4724
13.2028
12.951
12.7146
12.4917
12.2805
12.0796
11.8878
11.7039
11.5269
11.3561
11.1906
11.0297
10.8728
10.7195
10.5691
10.4213
10.2756
10.1317
9.98932
9.84815
9.70798
9.56859
9.4298
9.29147
9.15347
9.01569
8.87805
8.74046
8.60287
8.46524
8.32752
8.18969
8.05174
7.91363
7.77538
7.63697
7.4984
7.35967
7.22079
7.08177
6.94262
6.80333
6.66392
6.5244
6.38478
6.24506
6.10525
5.96537
5.82542
5.6854
5.54533
5.4052
5.26503
5.12483
4.98459
4.84431
4.70402
4.56369
4.42335
4.283
4.14263
4.00224
3.86185
3.72145
3.58104
3.44062
3.3002
3.15978
3.01935
2.87892
2.73849
2.59806
2.45762
2.31719
2.17675
2.03631
1.89588
1.75544
1.61501
1.47457
1.33413
1.1937
1.05326
0.912826
0.77239
0.631954
0.491517
0.351086
0.210627
0.0702676
17.3193
16.7515
16.2206
15.7302
15.2791
14.8654
14.4858
14.1369
13.8152
13.5174
13.2405
12.9819
12.7394
12.5111
12.2952
12.0902
11.8949
11.7081
11.5287
11.3559
11.1888
11.0267
10.8689
10.7148
10.564
10.4158
10.27
10.1261
9.98375
9.84273
9.70275
9.5636
9.42508
9.28705
9.14935
9.01188
8.87454
8.73725
8.59995
8.46259
8.32514
8.18755
8.04983
7.91193
7.77387
7.63564
7.49723
7.35866
7.21991
7.08101
6.94196
6.80277
6.66344
6.524
6.38444
6.24478
6.10502
5.96518
5.82526
5.68528
5.54523
5.40513
5.26498
5.12479
4.98456
4.8443
4.70401
4.5637
4.42336
4.28301
4.14264
4.00226
3.86187
3.72146
3.58106
3.44064
3.30022
3.1598
3.01937
2.87894
2.7385
2.59807
2.45764
2.3172
2.17676
2.03633
1.89589
1.75545
1.61501
1.47458
1.33414
1.1937
1.05327
0.912831
0.772394
0.631958
0.491519
0.351088
0.210628
0.0702686
17.3799
16.8188
16.2916
15.8017
15.3484
14.9304
14.5451
14.1897
13.8611
13.5565
13.2731
13.0084
12.7605
12.5272
12.307
12.0984
11.8999
11.7105
11.5289
11.3543
11.1859
11.0227
10.8641
10.7095
10.5583
10.4099
10.264
10.1202
9.97797
9.83714
9.69741
9.55854
9.42033
9.28261
9.14523
9.00808
8.87106
8.73408
8.59707
8.46
8.3228
8.18547
8.04797
7.91029
7.77242
7.63437
7.49612
7.35769
7.21907
7.08029
6.94134
6.80224
6.663
6.52362
6.38412
6.24452
6.10481
5.96501
5.82512
5.68517
5.54515
5.40507
5.26493
5.12476
4.98454
4.84429
4.70401
4.5637
4.42337
4.28302
4.14266
4.00228
3.86188
3.72148
3.58108
3.44066
3.30024
3.15981
3.01939
2.87895
2.73852
2.59809
2.45765
2.31721
2.17677
2.03634
1.8959
1.75546
1.61502
1.47459
1.33415
1.19371
1.05327
0.912835
0.772398
0.631961
0.491522
0.351089
0.210629
0.0702693
17.4325
16.8768
16.3528
15.8633
15.4081
14.9864
14.5962
14.2351
13.9005
13.5897
13.3005
13.0305
12.7776
12.5399
12.3159
12.104
11.9027
11.7109
11.5275
11.3514
11.1818
11.0177
10.8585
10.7035
10.552
10.4036
10.2577
10.114
9.97197
9.83139
9.69195
9.5534
9.41552
9.27814
9.14112
9.00431
8.86761
8.73095
8.59425
8.45745
8.32053
8.18344
8.04617
7.9087
7.77103
7.63315
7.49506
7.35677
7.21828
7.07961
6.94076
6.80175
6.66258
6.52327
6.38384
6.24428
6.10462
5.96485
5.825
5.68507
5.54508
5.40501
5.2649
5.12473
4.98453
4.84429
4.70401
4.56371
4.42338
4.28304
4.14267
4.0023
3.86191
3.72151
3.5811
3.44068
3.30026
3.15983
3.0194
2.87897
2.73854
2.5981
2.45766
2.31723
2.17679
2.03635
1.89591
1.75547
1.61503
1.47459
1.33415
1.19372
1.05328
0.91284
0.772402
0.631964
0.491524
0.351091
0.210631
0.0702696
17.4772
16.9261
16.4046
15.9154
15.4586
15.0337
14.6392
14.2731
13.9332
13.6171
13.3227
13.0479
12.7906
12.5491
12.3217
12.1069
11.9032
11.7094
11.5244
11.347
11.1764
11.0117
10.852
10.6967
10.5452
10.3968
10.251
10.1075
9.96574
9.82547
9.68637
9.54817
9.41067
9.27367
9.137
9.00055
8.8642
8.72787
8.59148
8.45497
8.31832
8.18148
8.04444
7.90718
7.76969
7.63198
7.49405
7.3559
7.21753
7.07897
6.94022
6.80129
6.6622
6.52296
6.38358
6.24407
6.10445
5.96472
5.8249
5.685
5.54502
5.40497
5.26487
5.12472
4.98452
4.84429
4.70402
4.56372
4.4234
4.28306
4.14269
4.00232
3.86193
3.72153
3.58112
3.4407
3.30028
3.15985
3.01942
2.87899
2.73855
2.59812
2.45768
2.31724
2.1768
2.03636
1.89592
1.75548
1.61504
1.4746
1.33416
1.19372
1.05328
0.912844
0.772406
0.631967
0.491527
0.351093
0.210632
0.0702697
17.5146
16.967
16.4475
15.9585
15.5003
15.0726
14.6744
14.3039
13.9593
13.6386
13.3397
13.0606
12.7995
12.5546
12.3243
12.107
11.9012
11.7058
11.5194
11.3411
11.1698
11.0046
10.8446
10.6892
10.5377
10.3894
10.2439
10.1006
9.95925
9.81936
9.68065
9.54287
9.40577
9.26917
9.1329
8.99682
8.86083
8.72484
8.58876
8.45256
8.31617
8.17959
8.04277
7.90572
7.76843
7.63088
7.4931
7.35508
7.21684
7.07838
6.93973
6.80088
6.66186
6.52268
6.38335
6.24388
6.1043
5.96461
5.82481
5.68493
5.54497
5.40495
5.26486
5.12472
4.98453
4.8443
4.70404
4.56374
4.42342
4.28308
4.14272
4.00234
3.86195
3.72155
3.58114
3.44072
3.3003
3.15987
3.01944
2.87901
2.73857
2.59813
2.45769
2.31725
2.17681
2.03637
1.89593
1.75549
1.61505
1.47461
1.33417
1.19373
1.05329
0.912849
0.772409
0.63197
0.49153
0.351095
0.210634
0.0702696
17.5447
17
16.482
15.993
15.5334
15.1033
14.7018
14.3275
13.9789
13.6541
13.3513
13.0686
12.8042
12.5564
12.3236
12.1042
11.8968
11.7
11.5126
11.3336
11.1618
10.9963
10.8363
10.6809
10.5295
10.3815
10.2364
10.0935
9.95252
9.81306
9.67481
9.53748
9.40083
9.26466
9.1288
8.99313
8.85751
8.72186
8.58611
8.45021
8.3141
8.17777
8.04118
7.90434
7.76723
7.62985
7.49221
7.35433
7.2162
7.07785
6.93928
6.80051
6.66155
6.52243
6.38315
6.24373
6.10418
5.96452
5.82475
5.68489
5.54495
5.40493
5.26486
5.12472
4.98454
4.84432
4.70406
4.56377
4.42345
4.28311
4.14275
4.00237
3.86198
3.72158
3.58117
3.44075
3.30032
3.15989
3.01946
2.87902
2.73859
2.59815
2.45771
2.31726
2.17682
2.03638
1.89594
1.7555
1.61506
1.47462
1.33417
1.19373
1.05329
0.912854
0.772413
0.631974
0.491532
0.351097
0.210636
0.0702692
17.5678
17.0252
16.5083
16.0191
15.5583
15.126
14.7216
14.3441
13.9919
13.6637
13.3575
13.0717
12.8046
12.5544
12.3195
12.0984
11.8897
11.6919
11.5039
11.3244
11.1523
10.9868
10.8269
10.6718
10.5207
10.3731
10.2284
10.086
9.94551
9.80657
9.66883
9.532
9.39584
9.26013
9.12472
8.98946
8.85423
8.71895
8.58353
8.44793
8.31211
8.17602
8.03967
7.90303
7.7661
7.62889
7.4914
7.35364
7.21562
7.07736
6.93888
6.80018
6.66129
6.52222
6.38299
6.2436
6.10409
5.96445
5.8247
5.68486
5.54494
5.40493
5.26487
5.12474
4.98456
4.84434
4.70409
4.5638
4.42348
4.28314
4.14278
4.0024
3.86201
3.7216
3.58119
3.44077
3.30035
3.15992
3.01948
2.87904
2.7386
2.59816
2.45772
2.31728
2.17683
2.03639
1.89595
1.75551
1.61506
1.47462
1.33418
1.19374
1.0533
0.912858
0.772417
0.631977
0.491535
0.351099
0.210638
0.0702687
17.5841
17.043
16.5268
16.0372
15.5752
15.1409
14.734
14.3536
13.9985
13.6672
13.3583
13.0699
12.8005
12.5484
12.312
12.0896
11.88
11.6816
11.4931
11.3135
11.1414
10.9761
10.8165
10.6617
10.5112
10.3641
10.2199
10.0781
9.93824
9.79989
9.66272
9.52644
9.3908
9.2556
9.12066
8.98584
8.85101
8.7161
8.58103
8.44574
8.3102
8.17437
8.03824
7.9018
7.76505
7.628
7.49065
7.35301
7.2151
7.07694
6.93853
6.7999
6.66107
6.52205
6.38286
6.24351
6.10402
5.96441
5.82468
5.68486
5.54494
5.40495
5.26489
5.12477
4.9846
4.84438
4.70412
4.56383
4.42351
4.28317
4.14281
4.00243
3.86204
3.72163
3.58122
3.4408
3.30037
3.15994
3.0195
2.87906
2.73862
2.59818
2.45773
2.31729
2.17685
2.0364
1.89596
1.75552
1.61507
1.47463
1.33419
1.19375
1.0533
0.912863
0.772421
0.63198
0.491538
0.351101
0.21064
0.0702679
17.5938
17.0536
16.5376
16.0475
15.5842
15.1481
14.739
14.3562
13.9986
13.6649
13.3536
13.0632
12.792
12.5385
12.3009
12.0777
11.8675
11.6688
11.4803
11.3008
11.129
10.9641
10.805
10.6508
10.5009
10.3545
10.211
10.0699
9.9307
9.793
9.65647
9.52079
9.38573
9.25106
9.11662
8.98225
8.84785
8.71333
8.57861
8.44363
8.30837
8.1728
8.0369
7.90066
7.76409
7.62719
7.48997
7.35246
7.21465
7.07657
6.93824
6.79968
6.6609
6.52192
6.38277
6.24345
6.10399
5.96439
5.82468
5.68487
5.54497
5.40498
5.26492
5.12481
4.98464
4.84442
4.70416
4.56387
4.42356
4.28321
4.14285
4.00247
3.86207
3.72167
3.58125
3.44082
3.30039
3.15996
3.01952
2.87908
2.73864
2.59819
2.45775
2.3173
2.17686
2.03641
1.89597
1.75552
1.61508
1.47464
1.33419
1.19375
1.05331
0.912867
0.772425
0.631984
0.491541
0.351104
0.210643
0.070267
17.5969
17.0572
16.541
16.0501
15.5856
15.1479
14.7368
14.3519
13.9922
13.6565
13.3434
13.0514
12.779
12.5245
12.2862
12.0626
11.8522
11.6536
11.4654
11.2862
11.1151
10.9508
10.7924
10.639
10.4899
10.3443
10.2016
10.0613
9.92288
9.78592
9.65008
9.51506
9.38062
9.24652
9.1126
8.97872
8.84476
8.71063
8.57627
8.44162
8.30664
8.17133
8.03565
7.89961
7.76321
7.62647
7.48938
7.35197
7.21426
7.07627
6.93801
6.7995
6.66077
6.52183
6.38271
6.24342
6.10398
5.96441
5.82471
5.6849
5.54501
5.40503
5.26497
5.12486
4.98469
4.84447
4.70421
4.56392
4.4236
4.28326
4.14289
4.00251
3.86211
3.7217
3.58128
3.44085
3.30042
3.15998
3.01954
2.8791
2.73866
2.59821
2.45776
2.31732
2.17687
2.03642
1.89598
1.75553
1.61509
1.47464
1.3342
1.19376
1.05331
0.912871
0.772429
0.631987
0.491544
0.351106
0.210645
0.070266
17.5938
17.0539
16.5371
16.0453
15.5795
15.1402
14.7275
14.3408
13.9793
13.6421
13.3277
13.0346
12.7614
12.5063
12.2678
12.0443
11.8341
11.6359
11.4483
11.2699
11.0995
10.9361
10.7787
10.6263
10.4781
10.3335
10.1918
10.0523
9.91478
9.77864
9.64357
9.50926
9.37547
9.24198
9.10862
8.97525
8.84174
8.70802
8.57403
8.4397
8.30502
8.16995
8.0345
7.89866
7.76243
7.62583
7.48887
7.35157
7.21395
7.07603
6.93783
6.79938
6.66069
6.52179
6.3827
6.24343
6.10401
5.96445
5.82476
5.68496
5.54507
5.40509
5.26504
5.12492
4.98475
4.84453
4.70427
4.56398
4.42365
4.2833
4.14293
4.00255
3.86215
3.72173
3.58131
3.44088
3.30045
3.16001
3.01956
2.87912
2.73867
2.59823
2.45778
2.31733
2.17688
2.03643
1.89599
1.75554
1.61509
1.47465
1.33421
1.19376
1.05332
0.912876
0.772433
0.631991
0.491547
0.351108
0.210648
0.0702648
17.5845
17.0439
16.5262
16.0332
15.5661
15.1253
14.711
14.3228
13.9601
13.6217
13.3064
13.0127
12.7391
12.484
12.2457
12.0226
11.8131
11.6157
11.429
11.2516
11.0824
10.9201
10.7639
10.6126
10.4656
10.3221
10.1814
10.043
9.90641
9.77116
9.63693
9.50339
9.37031
9.23746
9.10469
8.97184
8.83881
8.70551
8.57189
8.43789
8.3035
8.16869
8.03346
7.89781
7.76174
7.62528
7.48845
7.35125
7.21371
7.07586
6.93772
6.79932
6.66067
6.5218
6.38273
6.24348
6.10407
5.96452
5.82483
5.68504
5.54515
5.40517
5.26512
5.125
4.98482
4.8446
4.70434
4.56404
4.42371
4.28336
4.14298
4.00259
3.86219
3.72177
3.58134
3.44091
3.30047
3.16003
3.01959
2.87914
2.73869
2.59824
2.45779
2.31734
2.17689
2.03644
1.896
1.75555
1.6151
1.47466
1.33421
1.19377
1.05332
0.91288
0.772437
0.631994
0.49155
0.351111
0.210651
0.0702636
17.569
17.0273
16.5083
16.014
15.5454
15.1031
14.6875
14.2981
13.9343
13.5952
13.2794
12.9856
12.7122
12.4575
12.2198
11.9975
11.7891
11.5929
11.4074
11.2314
11.0636
10.9028
10.7479
10.598
10.4523
10.3101
10.1706
10.0333
9.89777
9.7635
9.63017
9.49746
9.36513
9.23297
9.1008
8.9685
8.83596
8.7031
8.56986
8.4362
8.3021
8.16754
8.03253
7.89707
7.76116
7.62484
7.48811
7.35101
7.21355
7.07577
6.93768
6.79932
6.6607
6.52186
6.3828
6.24357
6.10417
5.96462
5.82494
5.68514
5.54525
5.40527
5.26521
5.12509
4.98491
4.84468
4.70441
4.56411
4.42377
4.28341
4.14303
4.00264
3.86223
3.72181
3.58138
3.44094
3.3005
3.16006
3.01961
2.87916
2.73871
2.59826
2.45781
2.31735
2.1769
2.03645
1.896
1.75556
1.61511
1.47466
1.33422
1.19377
1.05333
0.912884
0.772441
0.631998
0.491553
0.351113
0.210654
0.0702623
17.5476
17.0042
16.4836
15.9876
15.5174
15.0738
14.6569
14.2666
13.9021
13.5626
13.2468
12.9533
12.6805
12.4266
12.19
11.9691
11.7621
11.5674
11.3836
11.2093
11.0431
10.884
10.7307
10.5824
10.4383
10.2974
10.1593
10.0233
9.88887
9.75567
9.62331
9.49149
9.35995
9.22851
9.09698
8.96525
8.83322
8.7008
8.56795
8.43463
8.30082
8.16652
8.03172
7.89644
7.76069
7.6245
7.48788
7.35086
7.21348
7.07575
6.93771
6.79938
6.66079
6.52196
6.38292
6.24369
6.1043
5.96475
5.82507
5.68527
5.54537
5.40539
5.26532
5.12519
4.985
4.84477
4.70449
4.56418
4.42384
4.28348
4.14309
4.00269
3.86227
3.72185
3.58142
3.44098
3.30053
3.16008
3.01963
2.87918
2.73873
2.59827
2.45782
2.31737
2.17691
2.03646
1.89601
1.75556
1.61512
1.47467
1.33422
1.19378
1.05333
0.912889
0.772445
0.632001
0.491557
0.351116
0.210658
0.070261
17.5204
16.9748
16.4521
15.9542
15.4824
15.0373
14.6193
14.2282
13.8634
13.5239
13.2085
12.9157
12.6439
12.3914
12.1564
11.9372
11.732
11.5393
11.3575
11.1852
11.021
10.8638
10.7124
10.5659
10.4234
10.2842
10.1475
10.0129
9.87973
9.74768
9.61636
9.48547
9.35479
9.22409
9.09324
8.9621
8.83059
8.69862
8.56617
8.43319
8.29967
8.16562
8.03104
7.89593
7.76033
7.62426
7.48774
7.35081
7.21349
7.07581
6.9378
6.7995
6.66093
6.52212
6.38309
6.24386
6.10446
5.96491
5.82523
5.68542
5.54552
5.40552
5.26545
5.12531
4.98511
4.84487
4.70458
4.56426
4.42391
4.28354
4.14315
4.00274
3.86232
3.72189
3.58145
3.44101
3.30056
3.16011
3.01965
2.8792
2.73874
2.59829
2.45783
2.31738
2.17692
2.03647
1.89602
1.75557
1.61512
1.47467
1.33423
1.19378
1.05334
0.912893
0.772449
0.632005
0.49156
0.351118
0.210661
0.0702598
17.4873
16.939
16.4139
15.9139
15.4402
14.9937
14.5747
14.183
13.8181
13.479
13.1644
12.8728
12.6025
12.3518
12.1188
11.9018
11.6989
11.5086
11.3291
11.1591
10.9973
10.8422
10.693
10.5485
10.4079
10.2704
10.1353
10.0021
9.87036
9.73954
9.60933
9.47945
9.34965
9.21975
9.08959
8.95906
8.82808
8.69658
8.56453
8.43189
8.29867
8.16486
8.03048
7.89555
7.7601
7.62414
7.48771
7.35085
7.21358
7.07595
6.93798
6.7997
6.66114
6.52233
6.3833
6.24407
6.10467
5.96511
5.82541
5.6856
5.54568
5.40567
5.26559
5.12544
4.98523
4.84498
4.70468
4.56435
4.42399
4.28361
4.14321
4.0028
3.86237
3.72194
3.58149
3.44104
3.30059
3.16014
3.01968
2.87922
2.73876
2.5983
2.45785
2.31739
2.17694
2.03648
1.89603
1.75558
1.61513
1.47468
1.33423
1.19379
1.05334
0.912897
0.772452
0.632008
0.491563
0.351121
0.210665
0.0702586
17.4485
16.897
16.369
15.8665
15.3908
14.9428
14.5229
14.1309
13.7662
13.4279
13.1145
12.8245
12.5562
12.3078
12.0773
11.8628
11.6627
11.4751
11.2984
11.1311
10.9718
10.8193
10.6724
10.5301
10.3915
10.256
10.1227
9.99111
9.86079
9.73128
9.60225
9.47342
9.34456
9.21548
9.08605
8.95615
8.82572
8.69469
8.56304
8.43075
8.29782
8.16425
8.03007
7.89531
7.75998
7.62413
7.48779
7.35099
7.21378
7.07617
6.93822
6.79996
6.6614
6.5226
6.38356
6.24433
6.10491
5.96534
5.82563
5.6858
5.54587
5.40585
5.26575
5.12558
4.98536
4.84509
4.70479
4.56445
4.42408
4.28369
4.14328
4.00286
3.86242
3.72198
3.58153
3.44108
3.30062
3.16016
3.0197
2.87924
2.73878
2.59832
2.45786
2.3174
2.17694
2.03649
1.89604
1.75558
1.61513
1.47469
1.33424
1.19379
1.05335
0.912901
0.772456
0.632012
0.491567
0.351124
0.210669
0.0702575
17.404
16.8489
16.3176
15.8123
15.3344
14.8849
14.4641
14.0719
13.7077
13.3705
13.0587
12.7708
12.505
12.2593
12.0317
11.8204
11.6234
11.439
11.2654
11.1012
10.9448
10.795
10.6507
10.5108
10.3745
10.241
10.1097
9.97981
9.85104
9.72293
9.59515
9.46742
9.33954
9.21132
9.08263
8.95339
8.82351
8.69296
8.56172
8.42977
8.29712
8.1638
8.02981
7.8952
7.76
7.62425
7.48798
7.35124
7.21406
7.07649
6.93855
6.80029
6.66173
6.52292
6.38387
6.24462
6.10519
5.9656
5.82587
5.68603
5.54608
5.40604
5.26592
5.12574
4.9855
4.84522
4.7049
4.56455
4.42417
4.28377
4.14335
4.00292
3.86248
3.72203
3.58157
3.44111
3.30065
3.16019
3.01972
2.87926
2.7388
2.59833
2.45787
2.31741
2.17695
2.0365
1.89604
1.75559
1.61514
1.47469
1.33424
1.1938
1.05335
0.912904
0.77246
0.632016
0.491571
0.351127
0.210673
0.0702566
17.3541
16.7946
16.2596
15.7512
15.2709
14.8197
14.3982
14.006
13.6426
13.3068
12.9971
12.7117
12.4488
12.2064
11.9823
11.7745
11.5812
11.4003
11.2302
11.0693
10.9162
10.7694
10.628
10.4908
10.3569
10.2256
10.0963
9.96828
9.84116
9.71452
9.58805
9.46149
9.33462
9.20728
9.07937
8.95079
8.82148
8.69141
8.56058
8.42897
8.2966
8.16351
8.02971
7.89525
7.76016
7.6245
7.48829
7.3516
7.21445
7.07689
6.93895
6.80069
6.66213
6.5233
6.38424
6.24496
6.10551
5.9659
5.82615
5.68628
5.54631
5.40625
5.26611
5.12591
4.98566
4.84536
4.70502
4.56465
4.42426
4.28385
4.14342
4.00298
3.86254
3.72208
3.58162
3.44115
3.30068
3.16022
3.01975
2.87928
2.73881
2.59835
2.45788
2.31742
2.17696
2.03651
1.89605
1.7556
1.61515
1.4747
1.33425
1.1938
1.05335
0.912908
0.772464
0.632019
0.491574
0.351131
0.210678
0.070256
17.2976
16.7331
16.1937
15.6817
15.1987
14.7459
14.3236
13.9316
13.5693
13.2353
12.9282
12.6459
12.3866
12.148
11.9279
11.7243
11.535
11.3583
11.1921
11.0351
10.8855
10.7422
10.6039
10.4696
10.3384
10.2096
10.0824
9.95639
9.83104
9.70599
9.58091
9.45557
9.32977
9.20337
9.07625
8.94835
8.81963
8.69006
8.55963
8.42836
8.29627
8.1634
8.02978
7.89546
7.76048
7.62489
7.48874
7.35207
7.21494
7.07739
6.93945
6.80118
6.66259
6.52374
6.38466
6.24536
6.10588
5.96624
5.82646
5.68656
5.54656
5.40648
5.26632
5.1261
4.98582
4.8455
4.70515
4.56477
4.42436
4.28394
4.1435
4.00305
3.86259
3.72213
3.58166
3.44119
3.30072
3.16024
3.01977
2.8793
2.73883
2.59836
2.4579
2.31743
2.17697
2.03651
1.89606
1.7556
1.61515
1.4747
1.33425
1.1938
1.05336
0.912912
0.772467
0.632023
0.491579
0.351135
0.210683
0.0702561
17.2322
16.6617
16.1171
15.6009
15.1149
14.6601
14.2371
13.8456
13.4847
13.1532
12.8492
12.5708
12.3158
12.0818
11.8665
11.6678
11.4834
11.3114
11.1499
10.9972
10.8518
10.7123
10.5776
10.4466
10.3184
10.1923
10.0676
9.94381
9.82043
9.6971
9.57355
9.44954
9.32489
9.19949
9.07323
8.94606
8.81795
8.68888
8.55888
8.42796
8.29615
8.1635
8.03006
7.89587
7.76098
7.62546
7.48935
7.35271
7.21558
7.07802
6.94007
6.80177
6.66316
6.52428
6.38515
6.24582
6.1063
5.96663
5.82681
5.68688
5.54685
5.40674
5.26655
5.1263
4.98601
4.84567
4.7053
4.5649
4.42448
4.28404
4.14359
4.00312
3.86266
3.72218
3.58171
3.44123
3.30075
3.16027
3.01979
2.87932
2.73885
2.59838
2.45791
2.31744
2.17698
2.03652
1.89606
1.75561
1.61515
1.4747
1.33425
1.19381
1.05336
0.912915
0.772471
0.632027
0.491583
0.35114
0.21069
0.0702576
17.1689
16.5926
16.043
15.5227
15.0337
14.5772
14.1535
13.7625
13.4032
13.0742
12.7735
12.4989
12.2481
12.0187
11.8082
11.6142
11.4346
11.2672
11.1102
10.9617
10.8202
10.6845
10.5532
10.4253
10.3
10.1765
10.0541
9.93235
9.8108
9.68909
9.56696
9.44418
9.32061
9.19612
9.07064
8.94414
8.81658
8.68798
8.55836
8.42775
8.29619
8.16373
8.03043
7.89635
7.76155
7.62607
7.48999
7.35336
7.21624
7.07866
6.94069
6.80236
6.66372
6.5248
6.38564
6.24627
6.10671
5.967
5.82716
5.68719
5.54713
5.40699
5.26677
5.1265
4.98618
4.84582
4.70543
4.56502
4.42458
4.28413
4.14366
4.00319
3.86271
3.72223
3.58175
3.44126
3.30078
3.1603
3.01982
2.87934
2.73886
2.59839
2.45792
2.31745
2.17699
2.03653
1.89607
1.75561
1.61516
1.47471
1.33426
1.19381
1.05336
0.912918
0.772474
0.632031
0.491587
0.351144
0.210695
0.0702617
10.8748
10.8844
10.9562
11.083
11.2437
11.4194
11.5931
11.7522
11.8882
11.9958
12.0727
12.1186
12.1345
12.1226
12.0855
12.0261
11.9472
11.8517
11.7421
11.6207
11.4898
11.3511
11.2063
11.0568
10.9037
10.7481
10.5907
10.4323
10.2733
10.1143
9.95555
9.79734
9.63987
9.48328
9.32766
9.17308
9.01956
8.8671
8.71567
8.56526
8.41582
8.26729
8.11961
7.97274
7.8266
7.68114
7.53629
7.39201
7.24822
7.1049
6.96197
6.8194
6.67716
6.53519
6.39346
6.25195
6.11062
5.96946
5.82843
5.68752
5.54671
5.40598
5.26533
5.12473
4.98419
4.84368
4.70321
4.56276
4.42234
4.28193
4.14153
4.00115
3.86077
3.72039
3.58002
3.43965
3.29927
3.1589
3.01853
2.87815
2.73777
2.59738
2.457
2.31661
2.17622
2.03582
1.89542
1.75502
1.61462
1.47421
1.33381
1.1934
1.05299
0.912577
0.772167
0.631756
0.491349
0.350937
0.210548
0.0701094
10.8845
10.8936
10.9599
11.0766
11.225
11.3881
11.5507
11.701
11.8306
11.9343
12.0094
12.0553
12.0728
12.0636
12.0299
11.9744
11.8997
11.8084
11.703
11.5858
11.4588
11.3238
11.1824
11.036
10.8858
10.7327
10.5776
10.4212
10.2641
10.1066
9.94925
9.79224
9.6358
9.48009
9.32522
9.17127
9.01827
8.86624
8.71518
8.56505
8.41584
8.26748
8.11995
7.97317
7.8271
7.68169
7.53687
7.39259
7.24881
7.10547
6.96252
6.81993
6.67765
6.53565
6.39389
6.25235
6.11099
5.96979
5.82873
5.68779
5.54696
5.4062
5.26553
5.12491
4.98434
4.84382
4.70333
4.56287
4.42243
4.28201
4.1416
4.00121
3.86082
3.72044
3.58006
3.43968
3.2993
3.15892
3.01854
2.87816
2.73778
2.5974
2.45701
2.31662
2.17622
2.03583
1.89543
1.75503
1.61462
1.47422
1.33381
1.1934
1.05299
0.912584
0.772174
0.631764
0.491357
0.350947
0.210559
0.0701185
10.8867
10.8956
10.9572
11.0649
11.2019
11.3533
11.5054
11.6471
11.7704
11.8701
11.9435
11.9894
12.0084
12.0017
11.9715
11.9199
11.8494
11.7625
11.6615
11.5486
11.4256
11.2945
11.1566
11.0135
10.8663
10.7159
10.5633
10.4091
10.2538
10.0981
9.94222
9.7865
9.63117
9.47643
9.32238
9.16912
9.0167
8.86516
8.71449
8.56469
8.41573
8.26758
8.1202
7.97355
7.82757
7.68221
7.53743
7.39317
7.24939
7.10604
6.96308
6.82047
6.67817
6.53613
6.39434
6.25277
6.11138
5.97014
5.82905
5.68808
5.54722
5.40644
5.26574
5.1251
4.98451
4.84397
4.70346
4.56298
4.42253
4.2821
4.14168
4.00127
3.86088
3.72048
3.5801
3.43971
3.29933
3.15895
3.01857
2.87818
2.7378
2.59741
2.45702
2.31663
2.17623
2.03583
1.89544
1.75503
1.61463
1.47422
1.33382
1.19341
1.053
0.91259
0.772181
0.631772
0.491366
0.350956
0.210572
0.0701226
10.8768
10.8864
10.9452
11.0473
11.1765
11.3197
11.4639
11.5991
11.7176
11.8142
11.886
11.9319
11.952
11.9474
11.9199
11.8716
11.8047
11.7215
11.6243
11.515
11.3955
11.2677
11.133
10.9928
10.8483
10.7003
10.5499
10.3976
10.2441
10.0899
9.93543
9.7809
9.62661
9.47276
9.31947
9.16687
9.015
8.86392
8.71364
8.56415
8.41545
8.26751
8.12029
7.97376
7.82788
7.68259
7.53785
7.39362
7.24986
7.10651
6.96355
6.82092
6.6786
6.53654
6.39473
6.25313
6.11171
5.97045
5.82934
5.68834
5.54745
5.40665
5.26592
5.12527
4.98466
4.8441
4.70358
4.56309
4.42262
4.28218
4.14175
4.00133
3.86093
3.72053
3.58014
3.43975
3.29936
3.15897
3.01859
2.8782
2.73781
2.59742
2.45703
2.31664
2.17624
2.03584
1.89544
1.75504
1.61464
1.47423
1.33382
1.19341
1.05301
0.912597
0.772188
0.631779
0.491375
0.350964
0.210583
0.0701237
10.8548
10.8668
10.925
11.0242
11.1485
11.2861
11.4248
11.5551
11.6698
11.7639
11.8345
11.8803
11.9013
11.8985
11.8733
11.8278
11.7639
11.684
11.5899
11.4838
11.3676
11.2427
11.1109
10.9733
10.8311
10.6854
10.537
10.3865
10.2347
10.082
9.92872
9.77532
9.62201
9.46901
9.31646
9.16449
9.01316
8.86253
8.71263
8.56346
8.41502
8.26729
8.12024
7.97384
7.82806
7.68285
7.53817
7.39398
7.25023
7.1069
6.96393
6.8213
6.67897
6.5369
6.39507
6.25345
6.11201
5.97073
5.82959
5.68857
5.54766
5.40684
5.2661
5.12542
4.9848
4.84422
4.70369
4.56319
4.42271
4.28225
4.14182
4.00139
3.86098
3.72057
3.58018
3.43978
3.29939
3.159
3.01861
2.87822
2.73783
2.59744
2.45704
2.31665
2.17625
2.03585
1.89545
1.75505
1.61464
1.47424
1.33383
1.19342
1.05301
0.912604
0.772195
0.631786
0.491382
0.350971
0.210592
0.0701236
10.8211
10.8375
10.8973
10.9959
11.1179
11.252
11.387
11.5139
11.6258
11.718
11.7877
11.8334
11.8552
11.8537
11.8306
11.7874
11.7262
11.649
11.5579
11.4546
11.3412
11.2191
11.0898
10.9546
10.8147
10.671
10.5245
10.3757
10.2254
10.074
9.92202
9.7697
9.61734
9.46516
9.31333
9.16198
9.01118
8.861
8.71148
8.56262
8.41445
8.26693
8.12006
7.9738
7.82813
7.683
7.53838
7.39424
7.25053
7.10721
6.96426
6.82163
6.67929
6.53721
6.39537
6.25373
6.11227
5.97098
5.82982
5.68878
5.54786
5.40702
5.26626
5.12557
4.98493
4.84434
4.70379
4.56328
4.42279
4.28233
4.14188
4.00145
3.86103
3.72062
3.58021
3.43981
3.29942
3.15902
3.01863
2.87824
2.73784
2.59745
2.45705
2.31666
2.17626
2.03586
1.89546
1.75505
1.61465
1.47424
1.33384
1.19343
1.05302
0.91261
0.772202
0.631793
0.491389
0.350977
0.210601
0.0701232
10.7762
10.7991
10.8625
10.9629
11.0848
11.2176
11.3506
11.4755
11.5855
11.6764
11.7453
11.791
11.8133
11.8131
11.7915
11.7504
11.6914
11.6167
11.528
11.4274
11.3164
11.1967
11.0697
10.9368
10.7989
10.6571
10.5123
10.3652
10.2163
10.0662
9.91536
9.76407
9.61262
9.46124
9.3101
9.15934
9.00906
8.85933
8.71018
8.56165
8.41374
8.26645
8.11976
7.97365
7.82809
7.68305
7.53851
7.39442
7.25074
7.10745
6.96451
6.82189
6.67956
6.53747
6.39562
6.25397
6.11251
5.9712
5.83003
5.68898
5.54803
5.40718
5.26641
5.1257
4.98505
4.84445
4.70389
4.56337
4.42287
4.2824
4.14194
4.0015
3.86108
3.72066
3.58025
3.43985
3.29945
3.15905
3.01865
2.87826
2.73786
2.59746
2.45707
2.31667
2.17627
2.03587
1.89547
1.75506
1.61466
1.47425
1.33384
1.19343
1.05303
0.912616
0.772208
0.6318
0.491396
0.350983
0.210608
0.0701226
10.7203
10.7517
10.821
10.9255
11.0495
11.183
11.3157
11.4397
11.5488
11.6388
11.7073
11.7529
11.7758
11.7765
11.7562
11.7167
11.6597
11.587
11.5005
11.402
11.2933
11.1757
11.0508
10.9198
10.7838
10.6438
10.5006
10.3549
10.2074
10.0585
9.90877
9.75845
9.60786
9.45725
9.30678
9.15661
9.00684
8.85754
8.70877
8.56055
8.41291
8.26584
8.11933
7.97338
7.82794
7.68301
7.53854
7.39451
7.25088
7.10763
6.96471
6.8221
6.67977
6.53769
6.39584
6.25419
6.11271
5.97139
5.83021
5.68915
5.54819
5.40733
5.26654
5.12582
4.98516
4.84455
4.70398
4.56345
4.42294
4.28246
4.142
4.00156
3.86112
3.7207
3.58029
3.43988
3.29947
3.15907
3.01867
2.87827
2.73788
2.59748
2.45708
2.31668
2.17628
2.03588
1.89547
1.75507
1.61466
1.47426
1.33385
1.19344
1.05303
0.912623
0.772214
0.631806
0.491402
0.350988
0.210615
0.0701221
10.6539
10.6959
10.7732
10.884
11.0123
11.1485
11.2824
11.4066
11.5156
11.6053
11.6735
11.7192
11.7424
11.7438
11.7246
11.6863
11.6308
11.5598
11.4752
11.3786
11.2717
11.1561
11.0331
10.9038
10.7695
10.6311
10.4893
10.345
10.1987
10.051
9.90226
9.75286
9.6031
9.45321
9.30339
9.15378
9.00451
8.85564
8.70723
8.55933
8.41196
8.26512
8.1188
7.973
7.8277
7.68287
7.53849
7.39453
7.25095
7.10774
6.96485
6.82226
6.67994
6.53787
6.39602
6.25436
6.11288
5.97156
5.83037
5.6893
5.54833
5.40746
5.26666
5.12594
4.98527
4.84465
4.70407
4.56353
4.42301
4.28252
4.14206
4.0016
3.86117
3.72074
3.58032
3.43991
3.2995
3.1591
3.01869
2.87829
2.73789
2.59749
2.45709
2.31669
2.17629
2.03589
1.89548
1.75508
1.61467
1.47426
1.33386
1.19345
1.05304
0.912629
0.772221
0.631812
0.491408
0.350993
0.210622
0.0701217
10.5771
10.6318
10.7193
10.8388
10.9736
11.1141
11.2507
11.3764
11.4859
11.5757
11.6439
11.6897
11.7131
11.7149
11.6964
11.6592
11.6048
11.5352
11.4521
11.3571
11.2518
11.1378
11.0164
10.8887
10.7559
10.6189
10.4785
10.3354
10.1903
10.0436
9.89585
9.74732
9.59833
9.44914
9.29994
9.15088
9.00208
8.85363
8.70559
8.558
8.4109
8.26429
8.11817
7.97253
7.82736
7.68265
7.53836
7.39447
7.25095
7.10778
6.96492
6.82236
6.68006
6.538
6.39616
6.25451
6.11303
5.9717
5.83051
5.68943
5.54846
5.40758
5.26677
5.12604
4.98536
4.84473
4.70415
4.5636
4.42308
4.28258
4.14211
4.00165
3.86121
3.72078
3.58035
3.43994
3.29953
3.15912
3.01871
2.87831
2.73791
2.59751
2.45711
2.3167
2.1763
2.0359
1.89549
1.75508
1.61468
1.47427
1.33386
1.19345
1.05304
0.912635
0.772227
0.631818
0.491414
0.350998
0.210627
0.0701217
10.4902
10.5598
10.6597
10.7903
10.9336
11.0804
11.221
11.3491
11.4598
11.5502
11.6185
11.6642
11.6877
11.6897
11.6717
11.6351
11.5817
11.5131
11.4311
11.3374
11.2335
11.1209
11.0009
10.8746
10.7431
10.6073
10.4681
10.3262
10.1821
10.0364
9.88954
9.74182
9.59358
9.44505
9.29644
9.14791
8.99957
8.85153
8.70385
8.55657
8.40974
8.26335
8.11743
7.97196
7.82693
7.68233
7.53814
7.39433
7.25088
7.10776
6.96494
6.82241
6.68014
6.5381
6.39626
6.25462
6.11314
5.97181
5.83062
5.68954
5.54856
5.40768
5.26687
5.12613
4.98544
4.84481
4.70422
4.56366
4.42314
4.28264
4.14216
4.0017
3.86125
3.72081
3.58039
3.43997
3.29955
3.15914
3.01874
2.87833
2.73793
2.59752
2.45712
2.31671
2.17631
2.03591
1.8955
1.75509
1.61469
1.47428
1.33387
1.19346
1.05305
0.912641
0.772232
0.631823
0.491419
0.351002
0.210633
0.0701219
10.393
10.4799
10.5948
10.7389
10.8929
11.0476
11.1936
11.325
11.4375
11.5286
11.5971
11.6428
11.6662
11.6682
11.6503
11.6141
11.5612
11.4933
11.4122
11.3195
11.2167
11.1053
10.9864
10.8613
10.731
10.5963
10.4582
10.3173
10.1742
10.0294
9.88335
9.73639
9.58884
9.44094
9.2929
9.14487
8.99699
8.84934
8.70201
8.55504
8.40847
8.26232
8.1166
7.9713
7.82642
7.68194
7.53785
7.39412
7.25074
7.10768
6.96491
6.82241
6.68017
6.53815
6.39633
6.2547
6.11323
5.9719
5.83071
5.68963
5.54865
5.40777
5.26695
5.12621
4.98552
4.84488
4.70428
4.56372
4.42319
4.28269
4.1422
4.00174
3.86129
3.72085
3.58042
3.44
3.29958
3.15917
3.01876
2.87835
2.73794
2.59754
2.45713
2.31673
2.17632
2.03592
1.89551
1.7551
1.61469
1.47428
1.33388
1.19347
1.05306
0.912647
0.772238
0.631828
0.491424
0.351007
0.210637
0.0701226
10.2852
10.3923
10.5247
10.6851
10.8519
11.0162
11.1687
11.3042
11.419
11.5111
11.5799
11.6255
11.6485
11.6503
11.6323
11.596
11.5434
11.4759
11.3954
11.3034
11.2015
11.0909
10.973
10.8489
10.7196
10.5859
10.4488
10.3088
10.1666
10.0226
9.87729
9.73104
9.58413
9.43683
9.28932
9.14178
8.99433
8.84708
8.70009
8.55342
8.40712
8.2612
8.11568
7.97055
7.82582
7.68146
7.53748
7.39384
7.25054
7.10754
6.96482
6.82237
6.68015
6.53816
6.39636
6.25474
6.11328
5.97197
5.83078
5.68971
5.54873
5.40784
5.26702
5.12628
4.98558
4.84494
4.70434
4.56378
4.42324
4.28274
4.14225
4.00178
3.86132
3.72088
3.58045
3.44002
3.2996
3.15919
3.01878
2.87837
2.73796
2.59755
2.45715
2.31674
2.17633
2.03593
1.89552
1.75511
1.6147
1.47429
1.33388
1.19347
1.05306
0.912653
0.772244
0.631834
0.491429
0.351011
0.210641
0.0701236
10.1663
10.2969
10.45
10.6295
10.8113
10.9868
11.147
11.2872
11.4046
11.4979
11.5669
11.6121
11.6346
11.6359
11.6174
11.5809
11.5281
11.4608
11.3806
11.2891
11.1877
11.0778
10.9607
10.8374
10.7089
10.5761
10.4398
10.3006
10.1592
10.0159
9.87135
9.72575
9.57946
9.43272
9.28572
9.13865
8.99162
8.84474
8.69809
8.55172
8.40568
8.25999
8.11467
7.96972
7.82514
7.68092
7.53704
7.3935
7.25027
7.10734
6.96468
6.82227
6.6801
6.53813
6.39636
6.25476
6.11332
5.97201
5.83083
5.68976
5.54879
5.4079
5.26708
5.12633
4.98564
4.845
4.70439
4.56383
4.42329
4.28278
4.14229
4.00182
3.86136
3.72091
3.58048
3.44005
3.29963
3.15921
3.0188
2.87838
2.73797
2.59757
2.45716
2.31675
2.17634
2.03594
1.89553
1.75512
1.61471
1.4743
1.33389
1.19348
1.05307
0.912659
0.772249
0.631839
0.491433
0.351014
0.210645
0.0701251
10.0354
10.1937
10.3709
10.5727
10.7717
10.9601
11.1288
11.2743
11.3945
11.489
11.5581
11.6028
11.6245
11.6249
11.6056
11.5685
11.5154
11.4479
11.3677
11.2764
11.1754
11.066
10.9494
10.8267
10.6989
10.5668
10.4312
10.2928
10.152
10.0095
9.86554
9.72055
9.57483
9.42861
9.2821
9.13547
8.98885
8.84233
8.69601
8.54994
8.40416
8.2587
8.11358
7.96881
7.82438
7.6803
7.53654
7.3931
7.24995
7.10709
6.96449
6.82213
6.68
6.53807
6.39632
6.25475
6.11332
5.97203
5.83086
5.6898
5.54883
5.40794
5.26713
5.12638
4.98569
4.84504
4.70444
4.56387
4.42333
4.28282
4.14233
4.00185
3.86139
3.72094
3.5805
3.44007
3.29965
3.15923
3.01881
2.8784
2.73799
2.59758
2.45717
2.31676
2.17635
2.03595
1.89554
1.75513
1.61472
1.47431
1.3339
1.19349
1.05308
0.912665
0.772254
0.631843
0.491438
0.351018
0.210648
0.070127
9.89136
10.0826
10.288
10.5155
10.7341
10.9367
11.1148
11.266
11.3891
11.4846
11.5535
11.5975
11.6181
11.6173
11.597
11.559
11.5051
11.4371
11.3567
11.2653
11.1644
11.0553
10.9391
10.8169
10.6896
10.5581
10.4231
10.2853
10.1452
10.0032
9.85986
9.71543
9.57024
9.42452
9.27847
9.13226
8.98603
8.83987
8.69387
8.54808
8.40256
8.25733
8.11242
7.96782
7.82356
7.67961
7.53597
7.39263
7.24958
7.10679
6.96425
6.82195
6.67986
6.53797
6.39626
6.2547
6.1133
5.97203
5.83087
5.68982
5.54885
5.40798
5.26717
5.12642
4.98573
4.84508
4.70448
4.56391
4.42337
4.28285
4.14236
4.00188
3.86142
3.72097
3.58053
3.4401
3.29967
3.15925
3.01883
2.87842
2.73801
2.5976
2.45719
2.31678
2.17637
2.03596
1.89555
1.75514
1.61473
1.47432
1.3339
1.19349
1.05308
0.91267
0.77226
0.631848
0.491442
0.351021
0.210651
0.0701294
9.73261
9.96327
10.2018
10.4589
10.6994
10.9176
11.1057
11.2627
11.3886
11.4849
11.5534
11.5962
11.6154
11.6131
11.5913
11.552
11.4972
11.4284
11.3475
11.2558
11.1548
11.0457
10.9297
10.8078
10.681
10.5499
10.4155
10.2781
10.1386
9.99714
9.85431
9.7104
9.56569
9.42044
9.27483
9.12902
8.98316
8.83735
8.69166
8.54616
8.40089
8.25589
8.11118
7.96677
7.82266
7.67885
7.53534
7.39211
7.24914
7.10644
6.96397
6.82173
6.67969
6.53784
6.39616
6.25464
6.11325
5.972
5.83086
5.68982
5.54887
5.40799
5.26719
5.12645
4.98576
4.84512
4.70451
4.56394
4.4234
4.28289
4.14239
4.00191
3.86145
3.721
3.58056
3.44012
3.29969
3.15927
3.01885
2.87844
2.73802
2.59761
2.4572
2.31679
2.17638
2.03597
1.89556
1.75515
1.61473
1.47432
1.33391
1.1935
1.05309
0.912676
0.772265
0.631853
0.491446
0.351025
0.210653
0.0701322
9.55725
9.83579
10.1131
10.4041
10.6689
10.9038
11.1022
11.265
11.3934
11.4902
11.5578
11.599
11.6164
11.6121
11.5886
11.5477
11.4915
11.4218
11.34
11.2478
11.1465
11.0372
10.9213
10.7996
10.673
10.5423
10.4082
10.2713
10.1322
9.99125
9.84889
9.70545
9.5612
9.41637
9.27117
9.12576
8.98026
8.83477
8.68939
8.54417
8.39915
8.25438
8.10988
7.96565
7.8217
7.67804
7.53465
7.39153
7.24866
7.10604
6.96365
6.82146
6.67948
6.53767
6.39603
6.25454
6.11319
5.97195
5.83083
5.6898
5.54886
5.408
5.26721
5.12647
4.98578
4.84514
4.70454
4.56397
4.42343
4.28292
4.14242
4.00194
3.86148
3.72102
3.58058
3.44014
3.29972
3.15929
3.01887
2.87845
2.73804
2.59762
2.45721
2.3168
2.17639
2.03598
1.89557
1.75515
1.61474
1.47433
1.33392
1.19351
1.05309
0.912681
0.77227
0.631857
0.491449
0.351028
0.210655
0.0701354
9.36293
9.7002
10.0231
10.3528
10.6439
10.8965
11.1053
11.2734
11.4039
11.5006
11.5668
11.606
11.621
11.6144
11.5887
11.546
11.4881
11.417
11.3342
11.2412
11.1394
11.0298
10.9137
10.792
10.6656
10.5351
10.4013
10.2648
10.1261
9.98554
9.8436
9.70058
9.55675
9.41233
9.26752
9.12247
8.97731
8.83215
8.68706
8.54212
8.39735
8.25281
8.10851
7.96446
7.82068
7.67716
7.5339
7.3909
7.24813
7.1056
6.96328
6.82116
6.67923
6.53747
6.39587
6.25442
6.11309
5.97189
5.83078
5.68977
5.54885
5.408
5.26721
5.12648
4.9858
4.84516
4.70456
4.564
4.42346
4.28294
4.14245
4.00197
3.8615
3.72105
3.5806
3.44017
3.29974
3.15931
3.01889
2.87847
2.73805
2.59764
2.45723
2.31681
2.1764
2.03599
1.89558
1.75516
1.61475
1.47434
1.33393
1.19351
1.0531
0.912687
0.772275
0.631861
0.491453
0.351031
0.210656
0.0701391
9.14689
9.55689
9.93332
10.3068
10.6263
10.897
11.1158
11.2887
11.4205
11.5163
11.5805
11.6171
11.6292
11.6199
11.5916
11.5466
11.4869
11.4141
11.33
11.2361
11.1335
11.0235
10.9071
10.7852
10.6588
10.5284
10.3948
10.2586
10.1202
9.98
9.83844
9.6958
9.55235
9.40831
9.26386
9.11916
8.97434
8.82948
8.68469
8.54001
8.39549
8.25117
8.10708
7.96322
7.8196
7.67623
7.5331
7.39021
7.24755
7.10511
6.96287
6.82082
6.67895
6.53725
6.39569
6.25427
6.11298
5.9718
5.83072
5.68973
5.54882
5.40798
5.2672
5.12648
4.98581
4.84518
4.70458
4.56402
4.42348
4.28296
4.14247
4.00199
3.86152
3.72107
3.58062
3.44019
3.29976
3.15933
3.01891
2.87849
2.73807
2.59765
2.45724
2.31683
2.17641
2.036
1.89559
1.75517
1.61476
1.47435
1.33393
1.19352
1.05311
0.912692
0.772279
0.631866
0.491456
0.351034
0.210657
0.0701432
8.90598
9.4068
9.84607
10.2687
10.618
10.9069
11.1349
11.3115
11.4435
11.5376
11.599
11.6323
11.6411
11.6285
11.5973
11.5496
11.4876
11.413
11.3274
11.2322
11.1287
11.018
10.9012
10.7791
10.6525
10.5222
10.3887
10.2527
10.1145
9.97464
9.8334
9.6911
9.548
9.40431
9.2602
9.11584
8.97133
8.82678
8.68226
8.53785
8.39357
8.24948
8.10559
7.96191
7.81846
7.67525
7.53225
7.38948
7.24693
7.10458
6.96242
6.82045
6.67864
6.53699
6.39548
6.2541
6.11285
5.97169
5.83064
5.68967
5.54878
5.40795
5.26719
5.12648
4.98581
4.84518
4.70459
4.56403
4.4235
4.28298
4.14249
4.00201
3.86154
3.72109
3.58064
3.44021
3.29977
3.15935
3.01892
2.8785
2.73808
2.59767
2.45725
2.31684
2.17642
2.03601
1.8956
1.75518
1.61477
1.47435
1.33394
1.19353
1.05311
0.912698
0.772284
0.63187
0.491459
0.351037
0.210657
0.0701476
8.63666
9.25179
9.76444
10.2417
10.6216
10.9278
11.1635
11.3424
11.4734
11.5646
11.6223
11.6516
11.6564
11.6402
11.6056
11.555
11.4904
11.4136
11.3263
11.2296
11.125
11.0135
10.8961
10.7736
10.6468
10.5164
10.383
10.247
10.1091
9.96943
9.82847
9.68648
9.54369
9.40033
9.25654
9.11249
8.96829
8.82403
8.6798
8.53564
8.39161
8.24773
8.10405
7.96056
7.81728
7.67421
7.53136
7.38871
7.24627
7.10401
6.96194
6.82004
6.6783
6.53671
6.39525
6.25391
6.11269
5.97157
5.83054
5.6896
5.54872
5.40791
5.26716
5.12646
4.9858
4.84518
4.7046
4.56404
4.42351
4.283
4.14251
4.00203
3.86156
3.72111
3.58066
3.44023
3.29979
3.15936
3.01894
2.87852
2.7381
2.59768
2.45727
2.31685
2.17644
2.03602
1.89561
1.75519
1.61478
1.47436
1.33395
1.19353
1.05312
0.912703
0.772289
0.631874
0.491463
0.35104
0.210658
0.0701523
8.33487
9.0952
9.69275
10.2297
10.6398
10.9615
11.2029
11.3821
11.5104
11.5975
11.6505
11.675
11.6753
11.6548
11.6164
11.5624
11.495
11.4158
11.3265
11.2282
11.1224
11.0099
10.8917
10.7687
10.6416
10.511
10.3775
10.2417
10.1038
9.96437
9.82366
9.68193
9.53944
9.39637
9.25289
9.10914
8.96523
8.82125
8.67729
8.53338
8.38959
8.24594
8.10245
7.95915
7.81604
7.67313
7.53042
7.3879
7.24556
7.10341
6.96143
6.8196
6.67793
6.5364
6.39499
6.2537
6.11252
5.97143
5.83043
5.68951
5.54866
5.40787
5.26713
5.12644
4.98579
4.84518
4.7046
4.56405
4.42352
4.28301
4.14252
4.00205
3.86158
3.72113
3.58068
3.44024
3.29981
3.15938
3.01896
2.87853
2.73811
2.5977
2.45728
2.31686
2.17645
2.03603
1.89562
1.7552
1.61479
1.47437
1.33395
1.19354
1.05312
0.912709
0.772294
0.631878
0.491466
0.351043
0.210657
0.0701574
7.99574
8.94275
9.63698
10.2378
10.6758
11.0101
11.254
11.4311
11.5548
11.6364
11.6836
11.7025
11.6975
11.6722
11.6296
11.572
11.5014
11.4196
11.328
11.228
11.1206
11.007
10.888
10.7644
10.6368
10.506
10.3724
10.2365
10.0988
9.95947
9.81894
9.67746
9.53522
9.39243
9.24923
9.10577
8.96214
8.81844
8.67474
8.53108
8.38752
8.24409
8.10081
7.9577
7.81476
7.67201
7.52943
7.38704
7.24482
7.10277
6.96088
6.81914
6.67754
6.53606
6.39471
6.25347
6.11233
5.97128
5.83031
5.68941
5.54858
5.40781
5.26709
5.12641
4.98577
4.84517
4.7046
4.56405
4.42353
4.28302
4.14254
4.00206
3.8616
3.72114
3.5807
3.44026
3.29983
3.1594
3.01897
2.87855
2.73813
2.59771
2.45729
2.31688
2.17646
2.03604
1.89563
1.75521
1.61479
1.47438
1.33396
1.19355
1.05313
0.912714
0.772298
0.631882
0.491468
0.351045
0.210657
0.0701628
7.6153
8.80454
9.60538
10.272
10.7333
11.0755
11.318
11.4899
11.6069
11.6813
11.7215
11.7339
11.7229
11.6924
11.6452
11.5835
11.5095
11.4248
11.3308
11.2288
11.1198
11.0049
10.8849
10.7606
10.6325
10.5014
10.3676
10.2316
10.0939
9.95469
9.81433
9.67305
9.53105
9.38851
9.24558
9.10239
8.95904
8.8156
8.67215
8.52874
8.38542
8.2422
8.09913
7.9562
7.81344
7.67084
7.52841
7.38615
7.24405
7.1021
6.9603
6.81864
6.67712
6.53571
6.39441
6.25322
6.11212
5.97111
5.83017
5.6893
5.5485
5.40774
5.26704
5.12637
4.98575
4.84516
4.70459
4.56405
4.42353
4.28303
4.14255
4.00207
3.86161
3.72116
3.58072
3.44028
3.29984
3.15942
3.01899
2.87857
2.73814
2.59772
2.45731
2.31689
2.17647
2.03605
1.89564
1.75522
1.6148
1.47439
1.33397
1.19355
1.05314
0.912719
0.772303
0.631885
0.491471
0.351048
0.210656
0.0701684
7.19437
8.69785
9.60895
10.3396
10.8162
11.1595
11.3957
11.5589
11.6666
11.7322
11.7642
11.7691
11.7516
11.7152
11.6629
11.5969
11.5192
11.4313
11.3347
11.2305
11.1198
11.0035
10.8824
10.7573
10.6286
10.497
10.363
10.2269
10.0892
9.95004
9.80981
9.6687
9.52691
9.38461
9.24194
9.099
8.95591
8.81273
8.66953
8.52637
8.38327
8.24027
8.0974
7.95466
7.81207
7.66963
7.52735
7.38522
7.24324
7.1014
6.9597
6.81812
6.67667
6.53533
6.3941
6.25296
6.1119
5.97093
5.83002
5.68918
5.5484
5.40767
5.26698
5.12633
4.98572
4.84514
4.70458
4.56405
4.42353
4.28304
4.14256
4.00209
3.86163
3.72118
3.58073
3.44029
3.29986
3.15943
3.019
2.87858
2.73816
2.59774
2.45732
2.3169
2.17648
2.03606
1.89565
1.75523
1.61481
1.47439
1.33398
1.19356
1.05314
0.912724
0.772307
0.631889
0.491474
0.351051
0.210655
0.0701742
6.70742
8.64586
9.66197
10.4488
10.9285
11.2639
11.4876
11.6382
11.734
11.7889
11.8114
11.808
11.7831
11.7405
11.6827
11.612
11.5303
11.4391
11.3397
11.2332
11.1206
11.0028
10.8805
10.7544
10.6251
10.493
10.3587
10.2224
10.0846
9.94551
9.80537
9.66441
9.52281
9.38073
9.23829
9.09561
8.95276
8.80984
8.66689
8.52396
8.38109
8.23831
8.09564
7.95309
7.81067
7.66839
7.52626
7.38426
7.2424
7.10067
6.95907
6.81758
6.67621
6.53494
6.39376
6.25267
6.11167
5.97073
5.82986
5.68905
5.5483
5.40758
5.26692
5.12628
4.98569
4.84511
4.70457
4.56404
4.42353
4.28304
4.14256
4.0021
3.86164
3.72119
3.58075
3.44031
3.29988
3.15945
3.01902
2.8786
2.73817
2.59775
2.45733
2.31691
2.17649
2.03608
1.89566
1.75524
1.61482
1.4744
1.33398
1.19357
1.05315
0.91273
0.772312
0.631893
0.491477
0.351053
0.210654
0.0701802
5.94427
8.67523
9.78617
10.6091
11.0738
11.3898
11.5941
11.7276
11.8089
11.8511
11.8629
11.8503
11.8175
11.768
11.7044
11.6287
11.5428
11.448
11.3456
11.2367
11.1221
11.0026
10.8791
10.752
10.6219
10.4893
10.3546
10.2181
10.0802
9.94108
9.80101
9.66018
9.51875
9.37687
9.23465
9.0922
8.9496
8.80692
8.66421
8.52152
8.37887
8.23631
8.09384
7.95148
7.80924
7.66712
7.52513
7.38327
7.24153
7.09992
6.95841
6.81702
6.67572
6.53452
6.39341
6.25238
6.11142
5.97052
5.82969
5.68891
5.54818
5.4075
5.26685
5.12623
4.98565
4.84509
4.70455
4.56403
4.42353
4.28304
4.14257
4.00211
3.86165
3.7212
3.58076
3.44032
3.29989
3.15946
3.01904
2.87861
2.73819
2.59777
2.45735
2.31693
2.17651
2.03609
1.89567
1.75525
1.61483
1.47441
1.33399
1.19357
1.05315
0.912735
0.772316
0.631897
0.491479
0.351056
0.210653
0.0701864
4.53528
8.8798
10.0258
10.832
11.2553
11.5375
11.7147
11.8268
11.8906
11.9186
11.9185
11.8957
11.8544
11.7976
11.7278
11.6469
11.5565
11.458
11.3524
11.2409
11.1242
11.003
10.8781
10.7499
10.619
10.4858
10.3507
10.214
10.0759
9.93676
9.79672
9.65599
9.51471
9.37302
9.23101
9.08879
8.94643
8.80398
8.66151
8.51905
8.37663
8.23427
8.09201
7.94984
7.80777
7.66582
7.52398
7.38226
7.24064
7.09914
6.95774
6.81643
6.67522
6.53409
6.39304
6.25206
6.11115
5.9703
5.82951
5.68876
5.54806
5.4074
5.26677
5.12617
4.9856
4.84506
4.70453
4.56402
4.42352
4.28304
4.14257
4.00211
3.86166
3.72121
3.58077
3.44034
3.29991
3.15948
3.01905
2.87863
2.7382
2.59778
2.45736
2.31694
2.17652
2.0361
1.89568
1.75526
1.61484
1.47442
1.334
1.19358
1.05316
0.91274
0.77232
0.6319
0.491482
0.351058
0.210652
0.0701926
3.99048
9.59009
10.4514
11.128
11.4734
11.7057
11.8483
11.9347
11.9788
11.9908
11.9777
11.944
11.8936
11.8291
11.7528
11.6664
11.5713
11.4689
11.36
11.2458
11.1268
11.0039
10.8775
10.7482
10.6164
10.4826
10.347
10.21
10.0717
9.93251
9.79249
9.65185
9.5107
9.36918
9.22738
9.08537
8.94324
8.80103
8.65879
8.51655
8.37435
8.23221
8.09015
7.94817
7.80628
7.66449
7.5228
7.38122
7.23973
7.09834
6.95704
6.81583
6.6747
6.53364
6.39266
6.25174
6.11088
5.97008
5.82932
5.68861
5.54794
5.4073
5.26669
5.12611
4.98556
4.84502
4.7045
4.564
4.42352
4.28304
4.14258
4.00212
3.86167
3.72123
3.58079
3.44035
3.29992
3.15949
3.01906
2.87864
2.73822
2.59779
2.45737
2.31695
2.17653
2.03611
1.89569
1.75527
1.61485
1.47443
1.33401
1.19359
1.05317
0.912745
0.772325
0.631904
0.491484
0.351061
0.21065
0.0701991
)
;

boundaryField
{
    inlet
    {
        type            zeroGradient;
    }
    outlet
    {
        type            fixedValue;
        value           uniform 0;
    }
    frontAndBack
    {
        type            empty;
    }
    walls
    {
        type            zeroGradient;
    }
}

