                        30
  7.298517315274864292e-05
 1.8471699266242173693e-06
-1.1193627718713738582e-05
 2.7495679608587683058e-06
-5.4376314967543549906e-06
-6.7529205399051294922e-06
-9.1282053556006900997e-07
-2.7631173134074375411e-06
-3.8370918015459359006e-06
 1.1924470772677001028e-06
-6.2048441579499921955e-07
 -3.360285261319593621e-06
-8.9352587676225593771e-08
-5.9057150163943445511e-07
-1.5741317333454556254e-07
 3.3125311322284618392e-07
 7.6728714212262942585e-08
 6.3931241351161657248e-07
                       299
     301.10000000000002274
   0.010267580367443589553
  0.0013241019592092559149
-0.00021775732971418513564
  0.0008814500473884820126
-6.7229056350783945981e-05
-2.8535146801368072679e-05
-5.8526607636950699455e-05
 0.00015380675568379479344
 4.5659330879794582923e-05
-5.1380857112542330538e-05
-3.0581412099048466298e-05
-1.7485475399362701137e-05
 5.2984599140991471436e-06
 1.1884026261414060545e-05
-2.4618959703978108052e-06
-1.3239994674831391877e-05
  2.076950441639701607e-06
-7.6575485300140163015e-06
