                        92
 8.4001592847670556721e-05
 1.2046366132261249891e-06
-6.5058945413003437354e-06
 8.8739670108248699582e-07
-6.6468591317978939462e-06
-8.5190319482476711008e-06
-1.0810118097191418389e-06
-2.8604311529957182469e-06
-5.2859186943637878606e-06
 2.9916452465746977641e-06
 5.4184453817741581271e-08
-4.1904910092688565611e-06
-3.9763219524475759749e-07
 -8.326585480238081571e-07
-3.0097994662052109237e-07
 4.1644905804195552477e-07
 8.8592877107210722132e-09
 7.4800538607715636759e-07
     298.60000000000002274
     301.55000000000001137
   0.011839311671579243537
-0.00085351670753141270845
 8.9558832470728471937e-05
  0.0010636853037795052177
-7.5198694341985336705e-05
 -5.478859373547580793e-05
-0.00011869375429679343906
 0.00030232802546141556484
 8.1368497735022018861e-05
-4.0410151324027799441e-05
-6.7714879587877667617e-05
-2.0015362589577629423e-05
 9.1515771385017345089e-06
 2.0682380734434411181e-06
-9.3961951078594827062e-06
 -3.408034562092036434e-05
 7.7389060810738952232e-06
-8.3148964426588012756e-06
