                        79
 7.6602089835265402685e-05
 1.6689743114564731654e-06
-9.8616263140712787815e-06
 2.1897267033299561381e-06
-5.7764781666134774608e-06
  -7.24303514480553802e-06
 -9.684356659341115403e-07
-2.8078570086682066603e-06
-4.3188883825810051541e-06
 1.6889139384693904993e-06
-4.3752713076217537935e-07
-3.5883296482939835283e-06
-1.8265190056121951441e-07
-6.6540937261856775223e-07
-1.9610900964632531953e-07
 3.4707659994521344226e-07
 6.1718952686929647787e-08
 6.6227762275033008233e-07
     298.85000000000002274
     301.19999999999998863
   0.010726375728956355146
  0.0006864253426773317705
-0.00012755185148617928016
  0.0009323035500396040275
-7.3670770949426644405e-05
 -3.190238768887207455e-05
-7.5373909687620992267e-05
 0.00019787670611727710412
 5.6084920149874392919e-05
-4.5013261788947491588e-05
-4.0982488522826122966e-05
-1.9415431373085048725e-05
 6.3580141689807681066e-06
 8.0966095806022092275e-06
-4.6619705341942691771e-06
-2.0012019359201329167e-05
 3.9688351639942487411e-06
-7.8493812453562233228e-06
