                        39
 8.1107906377188927673e-05
 1.4044369214635534408e-06
-7.9201402801019931332e-06
 1.4274590827112596046e-06
-6.2753496074213513888e-06
-7.9731700171355135534e-06
-1.0367067955362893195e-06
-2.8477806656403735619e-06
-4.9143500522718573282e-06
 2.4351992095886434133e-06
-1.5955210672763786867e-07
-3.9306078999852628661e-06
-3.0992597324877153843e-07
-7.6500445141527106501e-07
-2.5507447088705047209e-07
 3.8220141625074940926e-07
 3.4021842047521566996e-08
 7.0749781494422152125e-07
     298.55000000000001137
                    301.25
   0.011370661609238582115
-0.00021353186496332710411
-6.4270129602050449122e-07
   0.001007439209783267094
-7.6911365242503297807e-05
-4.2730962700393889254e-05
-0.00010024455180796302232
 0.00025920443075411165419
 7.0928904046209335704e-05
-4.0647079945312982483e-05
-5.6354761898552978728e-05
-2.0450344686880968681e-05
  7.959897583578400717e-06
 4.0870566821305112588e-06
-7.5034723858917252821e-06
-2.8567861232335439953e-05
 6.3203822086001621472e-06
-8.1202732713223037855e-06
