/*--------------------------------*- C++ -*----------------------------------*\
  =========                 |
  \\      /  F ield         | OpenFOAM: The Open Source CFD Toolbox
   \\    /   O peration     | Website:  https://openfoam.org
    \\  /    A nd           | Version:  6
     \\/     M anipulation  |
\*---------------------------------------------------------------------------*/
FoamFile
{
    version     2.0;
    format      ascii;
    class       volScalarField;
    location    "0";
    object      T;
}
// * * * * * * * * * * * * * * * * * * * * * * * * * * * * * * * * * * * * * //

dimensions      [0 0 0 1 0 0 0];

internalField   nonuniform List<scalar> 
10000
(
298.914
298.942
298.969
298.996
299.02
299.044
299.066
299.086
299.105
299.123
299.14
299.156
299.171
299.184
299.197
299.209
299.221
299.231
299.241
299.251
299.259
299.268
299.276
299.283
299.29
299.297
299.303
299.309
299.315
299.32
299.325
299.329
299.334
299.338
299.341
299.345
299.348
299.351
299.354
299.356
299.359
299.361
299.363
299.365
299.367
299.369
299.37
299.372
299.374
299.375
299.377
299.378
299.38
299.382
299.383
299.385
299.386
299.388
299.389
299.391
299.392
299.394
299.395
299.397
299.398
299.4
299.401
299.403
299.405
299.407
299.408
299.41
299.413
299.415
299.417
299.42
299.423
299.427
299.431
299.435
299.441
299.447
299.455
299.464
299.475
299.489
299.506
299.527
299.554
299.587
299.63
299.685
299.755
299.845
299.958
300.099
300.272
300.477
300.712
300.968
298.914
298.943
298.971
298.997
299.023
299.046
299.068
299.089
299.109
299.127
299.144
299.159
299.174
299.188
299.201
299.213
299.224
299.234
299.244
299.253
299.262
299.27
299.278
299.285
299.292
299.299
299.305
299.311
299.316
299.321
299.326
299.331
299.335
299.339
299.342
299.346
299.349
299.352
299.355
299.357
299.36
299.362
299.364
299.366
299.368
299.37
299.371
299.373
299.374
299.376
299.377
299.379
299.38
299.382
299.383
299.385
299.386
299.388
299.389
299.391
299.392
299.394
299.395
299.397
299.398
299.4
299.402
299.403
299.405
299.407
299.409
299.411
299.413
299.415
299.417
299.42
299.423
299.427
299.431
299.435
299.44
299.447
299.454
299.463
299.474
299.487
299.503
299.523
299.549
299.581
299.623
299.676
299.744
299.831
299.942
300.083
300.256
300.464
300.704
300.965
298.915
298.945
298.974
299.002
299.028
299.053
299.076
299.097
299.118
299.136
299.154
299.17
299.184
299.198
299.211
299.222
299.233
299.243
299.253
299.262
299.27
299.278
299.285
299.292
299.298
299.304
299.31
299.316
299.321
299.326
299.33
299.335
299.339
299.342
299.346
299.349
299.352
299.355
299.357
299.36
299.362
299.364
299.366
299.368
299.37
299.371
299.373
299.374
299.376
299.377
299.379
299.38
299.382
299.383
299.385
299.386
299.387
299.389
299.39
299.392
299.393
299.395
299.396
299.398
299.399
299.401
299.402
299.404
299.406
299.407
299.409
299.411
299.413
299.415
299.418
299.42
299.423
299.427
299.43
299.435
299.44
299.446
299.453
299.461
299.471
299.484
299.499
299.518
299.542
299.573
299.613
299.664
299.73
299.815
299.926
300.066
300.241
300.452
300.696
300.962
298.916
298.948
298.979
299.009
299.037
299.064
299.089
299.112
299.133
299.153
299.171
299.187
299.203
299.216
299.229
299.24
299.251
299.26
299.269
299.277
299.284
299.291
299.298
299.304
299.31
299.315
299.321
299.325
299.33
299.334
299.338
299.342
299.346
299.349
299.352
299.355
299.357
299.36
299.362
299.364
299.366
299.368
299.37
299.372
299.373
299.374
299.376
299.377
299.379
299.38
299.381
299.382
299.384
299.385
299.386
299.388
299.389
299.39
299.392
299.393
299.394
299.396
299.397
299.399
299.4
299.402
299.403
299.405
299.406
299.408
299.41
299.412
299.414
299.416
299.418
299.421
299.424
299.427
299.43
299.434
299.439
299.445
299.451
299.459
299.469
299.48
299.495
299.513
299.536
299.566
299.604
299.654
299.718
299.803
299.913
300.053
300.23
300.444
300.691
300.961
298.918
298.952
298.986
299.019
299.05
299.079
299.106
299.131
299.155
299.176
299.195
299.213
299.229
299.243
299.255
299.267
299.277
299.285
299.293
299.3
299.307
299.313
299.318
299.323
299.328
299.332
299.336
299.34
299.344
299.347
299.35
299.353
299.356
299.359
299.361
299.363
299.366
299.367
299.369
299.371
299.373
299.374
299.375
299.377
299.378
299.379
299.38
299.381
299.382
299.383
299.385
299.386
299.387
299.388
299.389
299.39
299.391
299.393
299.394
299.395
299.396
299.398
299.399
299.4
299.402
299.403
299.405
299.406
299.408
299.409
299.411
299.413
299.415
299.417
299.419
299.422
299.424
299.427
299.431
299.435
299.439
299.444
299.45
299.458
299.467
299.478
299.492
299.509
299.531
299.56
299.597
299.646
299.71
299.795
299.905
300.047
300.225
300.441
300.69
300.961
298.919
298.958
298.995
299.031
299.065
299.097
299.128
299.156
299.181
299.204
299.226
299.244
299.261
299.276
299.289
299.3
299.31
299.318
299.325
299.331
299.336
299.341
299.345
299.349
299.352
299.355
299.358
299.36
299.363
299.365
299.367
299.369
299.371
299.372
299.374
299.375
299.377
299.378
299.379
299.38
299.381
299.382
299.383
299.384
299.384
299.385
299.386
299.387
299.387
299.388
299.389
299.39
299.391
299.392
299.392
299.393
299.394
299.395
299.397
299.398
299.399
299.4
299.401
299.403
299.404
299.405
299.407
299.408
299.41
299.411
299.413
299.415
299.416
299.418
299.421
299.423
299.425
299.428
299.431
299.435
299.439
299.444
299.45
299.457
299.466
299.476
299.489
299.506
299.528
299.556
299.593
299.642
299.706
299.791
299.902
300.045
300.225
300.442
300.691
300.961
298.921
298.963
299.005
299.045
299.083
299.119
299.152
299.183
299.211
299.237
299.26
299.28
299.298
299.314
299.327
299.339
299.348
299.356
299.362
299.368
299.372
299.375
299.378
299.38
299.382
299.383
299.384
299.386
299.386
299.387
299.388
299.388
299.389
299.39
299.39
299.39
299.391
299.391
299.391
299.392
299.392
299.392
299.392
299.393
299.393
299.393
299.393
299.394
299.394
299.394
299.395
299.395
299.396
299.396
299.397
299.398
299.398
299.399
299.4
299.401
299.402
299.403
299.404
299.405
299.407
299.408
299.409
299.411
299.412
299.413
299.415
299.417
299.419
299.42
299.422
299.425
299.427
299.43
299.433
299.436
299.44
299.445
299.45
299.457
299.465
299.475
299.488
299.505
299.526
299.554
299.591
299.64
299.705
299.791
299.903
300.048
300.229
300.446
300.695
300.963
298.923
298.97
299.015
299.059
299.101
299.141
299.178
299.212
299.244
299.272
299.297
299.319
299.338
299.355
299.369
299.381
299.39
299.398
299.404
299.409
299.412
299.414
299.415
299.416
299.416
299.416
299.416
299.415
299.414
299.414
299.413
299.412
299.411
299.41
299.409
299.408
299.408
299.407
299.406
299.406
299.405
299.404
299.404
299.403
299.403
299.403
299.402
299.402
299.402
299.402
299.402
299.402
299.402
299.402
299.403
299.403
299.403
299.404
299.405
299.405
299.406
299.407
299.408
299.409
299.41
299.411
299.412
299.414
299.415
299.416
299.418
299.419
299.421
299.423
299.425
299.427
299.429
299.432
299.435
299.438
299.442
299.446
299.452
299.458
299.466
299.476
299.488
299.505
299.526
299.554
299.592
299.641
299.707
299.794
299.908
300.054
300.235
300.452
300.699
300.965
298.926
298.976
299.026
299.075
299.121
299.165
299.205
299.243
299.277
299.308
299.335
299.359
299.38
299.398
299.413
299.425
299.435
299.442
299.448
299.452
299.454
299.455
299.455
299.455
299.454
299.452
299.45
299.448
299.446
299.443
299.441
299.438
299.436
299.434
299.431
299.429
299.427
299.425
299.424
299.422
299.42
299.419
299.417
299.416
299.415
299.414
299.413
299.412
299.411
299.411
299.41
299.41
299.409
299.409
299.409
299.409
299.409
299.41
299.41
299.41
299.411
299.412
299.412
299.413
299.414
299.415
299.416
299.417
299.419
299.42
299.421
299.423
299.424
299.426
299.428
299.43
299.432
299.435
299.437
299.441
299.444
299.448
299.453
299.46
299.467
299.477
299.489
299.506
299.527
299.556
299.594
299.644
299.711
299.8
299.915
300.062
300.244
300.46
300.705
300.967
298.928
298.983
299.037
299.09
299.141
299.188
299.232
299.273
299.31
299.344
299.373
299.399
299.422
299.441
299.456
299.469
299.479
299.487
299.492
299.496
299.498
299.498
299.497
299.495
299.493
299.49
299.487
299.483
299.479
299.475
299.471
299.467
299.463
299.46
299.456
299.452
299.449
299.446
299.443
299.44
299.437
299.435
299.433
299.43
299.428
299.427
299.425
299.423
299.422
299.421
299.42
299.419
299.418
299.417
299.417
299.416
299.416
299.416
299.416
299.416
299.417
299.417
299.418
299.418
299.419
299.42
299.421
299.422
299.423
299.424
299.425
299.427
299.428
299.43
299.432
299.434
299.436
299.438
299.441
299.444
299.447
299.451
299.456
299.462
299.469
299.479
299.491
299.508
299.529
299.558
299.597
299.648
299.717
299.806
299.923
300.071
300.253
300.469
300.711
300.969
298.93
298.99
299.049
299.106
299.16
299.211
299.259
299.303
299.343
299.379
299.411
299.439
299.463
299.483
299.499
299.513
299.523
299.531
299.536
299.54
299.541
299.541
299.539
299.536
299.533
299.529
299.524
299.519
299.514
299.508
299.503
299.497
299.492
299.487
299.482
299.477
299.472
299.468
299.464
299.46
299.456
299.453
299.449
299.446
299.443
299.441
299.438
299.436
299.434
299.432
299.43
299.429
299.428
299.426
299.425
299.425
299.424
299.424
299.423
299.423
299.423
299.423
299.424
299.424
299.425
299.425
299.426
299.427
299.428
299.429
299.43
299.431
299.433
299.434
299.436
299.438
299.44
299.442
299.445
299.447
299.451
299.455
299.459
299.465
299.472
299.482
299.494
299.511
299.532
299.562
299.601
299.654
299.723
299.814
299.932
300.081
300.264
300.478
300.717
300.971
298.932
298.996
299.06
299.121
299.179
299.234
299.286
299.333
299.376
299.414
299.448
299.477
299.502
299.524
299.541
299.555
299.566
299.574
299.579
299.582
299.583
299.582
299.58
299.576
299.572
299.567
299.561
299.555
299.548
299.541
299.535
299.528
299.521
299.515
299.509
299.502
299.497
299.491
299.486
299.481
299.476
299.471
299.467
299.463
299.459
299.456
299.453
299.45
299.447
299.444
299.442
299.44
299.438
299.437
299.435
299.434
299.433
299.432
299.431
299.431
299.431
299.43
299.43
299.431
299.431
299.431
299.432
299.433
299.434
299.434
299.436
299.437
299.438
299.439
299.441
299.443
299.445
299.447
299.449
299.452
299.455
299.459
299.463
299.469
299.476
299.485
299.498
299.514
299.536
299.566
299.606
299.66
299.73
299.823
299.942
300.092
300.274
300.487
300.723
300.973
298.934
299.003
299.07
299.136
299.198
299.257
299.311
299.362
299.407
299.448
299.483
299.514
299.541
299.563
299.581
299.595
299.606
299.614
299.619
299.622
299.623
299.622
299.619
299.615
299.609
299.603
299.597
299.589
299.582
299.574
299.566
299.558
299.55
299.543
299.535
299.528
299.521
299.515
299.508
299.502
299.496
299.491
299.486
299.481
299.476
299.472
299.468
299.464
299.461
299.458
299.455
299.452
299.45
299.447
299.446
299.444
299.442
299.441
299.44
299.439
299.439
299.438
299.438
299.438
299.438
299.438
299.439
299.439
299.44
299.441
299.442
299.443
299.444
299.445
299.447
299.448
299.45
299.452
299.454
299.457
299.46
299.463
299.468
299.473
299.48
299.49
299.502
299.519
299.541
299.571
299.612
299.666
299.738
299.832
299.952
300.103
300.284
300.495
300.729
300.975
298.937
299.009
299.081
299.15
299.216
299.279
299.336
299.39
299.438
299.48
299.518
299.55
299.577
299.6
299.619
299.633
299.644
299.652
299.657
299.66
299.66
299.658
299.655
299.65
299.645
299.638
299.63
299.622
299.614
299.605
299.596
299.587
299.579
299.57
299.562
299.553
299.545
299.538
299.53
299.523
299.517
299.51
299.504
299.499
299.493
299.488
299.484
299.479
299.475
299.471
299.468
299.465
299.462
299.459
299.457
299.454
299.453
299.451
299.45
299.448
299.448
299.447
299.446
299.446
299.446
299.446
299.446
299.446
299.447
299.448
299.448
299.449
299.45
299.452
299.453
299.454
299.456
299.458
299.46
299.463
299.465
299.469
299.473
299.478
299.485
299.494
299.507
299.523
299.546
299.577
299.618
299.673
299.746
299.841
299.962
300.113
300.294
300.504
300.735
300.977
298.939
299.015
299.091
299.164
299.234
299.3
299.361
299.417
299.467
299.512
299.551
299.584
299.612
299.636
299.655
299.669
299.68
299.688
299.692
299.695
299.694
299.692
299.689
299.683
299.677
299.669
299.661
299.653
299.643
299.634
299.624
299.615
299.605
299.596
299.587
299.578
299.569
299.56
299.552
299.544
299.537
299.53
299.523
299.517
299.511
299.505
299.499
299.494
299.49
299.485
299.481
299.478
299.474
299.471
299.468
299.466
299.463
299.461
299.46
299.458
299.457
299.456
299.455
299.455
299.454
299.454
299.454
299.454
299.455
299.455
299.456
299.457
299.457
299.459
299.46
299.461
299.463
299.464
299.466
299.469
299.471
299.475
299.479
299.484
299.491
299.5
299.512
299.529
299.552
299.583
299.625
299.681
299.755
299.851
299.973
300.124
300.304
300.512
300.74
300.979
298.941
299.022
299.101
299.178
299.251
299.32
299.384
299.443
299.495
299.542
299.582
299.617
299.646
299.669
299.688
299.703
299.713
299.72
299.725
299.726
299.726
299.723
299.719
299.713
299.706
299.698
299.689
299.68
299.67
299.66
299.65
299.64
299.63
299.62
299.61
299.6
299.591
299.582
299.573
299.565
299.556
299.549
299.541
299.534
299.528
299.521
299.515
299.51
299.504
299.5
299.495
299.491
299.487
299.483
299.48
299.477
299.475
299.472
299.47
299.468
299.467
299.466
299.465
299.464
299.463
299.463
299.463
299.463
299.463
299.463
299.464
299.464
299.465
299.466
299.467
299.468
299.47
299.471
299.473
299.475
299.478
299.481
299.485
299.49
299.497
299.506
299.518
299.535
299.558
299.589
299.632
299.688
299.763
299.86
299.983
300.134
300.314
300.52
300.745
300.981
298.943
299.027
299.111
299.191
299.268
299.341
299.407
299.468
299.523
299.571
299.612
299.648
299.677
299.701
299.719
299.734
299.744
299.75
299.754
299.755
299.754
299.75
299.746
299.739
299.732
299.723
299.714
299.705
299.695
299.684
299.674
299.663
299.652
299.642
299.632
299.621
299.612
299.602
299.593
299.584
299.575
299.567
299.559
299.551
299.544
299.537
299.531
299.525
299.519
299.514
299.509
299.504
299.5
299.496
299.492
299.489
299.486
299.483
299.481
299.479
299.477
299.476
299.474
299.473
299.473
299.472
299.472
299.472
299.472
299.472
299.472
299.473
299.473
299.474
299.475
299.476
299.477
299.479
299.481
299.483
299.485
299.488
299.492
299.497
299.503
299.512
299.524
299.541
299.564
299.596
299.639
299.696
299.772
299.869
299.993
300.144
300.323
300.528
300.75
300.983
298.944
299.033
299.12
299.204
299.285
299.36
299.43
299.493
299.549
299.598
299.641
299.677
299.706
299.73
299.748
299.762
299.771
299.777
299.78
299.78
299.778
299.775
299.769
299.762
299.755
299.746
299.736
299.726
299.716
299.705
299.694
299.683
299.672
299.662
299.651
299.641
299.63
299.62
299.611
299.601
299.592
299.584
299.575
299.567
299.56
299.553
299.546
299.539
299.533
299.528
299.522
299.517
299.513
299.509
299.505
299.501
299.498
299.495
299.492
299.49
299.488
299.486
299.485
299.483
299.482
299.482
299.481
299.481
299.481
299.481
299.481
299.481
299.482
299.483
299.484
299.485
299.486
299.487
299.488
299.49
299.493
299.495
299.499
299.504
299.51
299.519
299.531
299.548
299.571
299.603
299.646
299.704
299.781
299.879
300.002
300.154
300.332
300.535
300.755
300.984
298.946
299.039
299.129
299.217
299.301
299.379
299.451
299.516
299.574
299.625
299.668
299.704
299.734
299.757
299.775
299.788
299.797
299.802
299.804
299.803
299.8
299.796
299.79
299.782
299.774
299.765
299.755
299.745
299.734
299.723
299.712
299.701
299.69
299.679
299.668
299.658
299.647
299.637
299.627
299.618
299.608
299.599
299.591
299.583
299.575
299.567
299.56
299.554
299.547
299.541
299.536
299.53
299.526
299.521
299.517
299.513
299.51
299.506
299.504
299.501
299.499
299.497
299.495
299.494
299.493
299.492
299.491
299.491
299.49
299.49
299.49
299.491
299.491
299.492
299.492
299.493
299.494
299.495
299.497
299.498
299.5
299.503
299.506
299.511
299.517
299.526
299.538
299.555
299.578
299.611
299.654
299.713
299.789
299.888
300.012
300.163
300.341
300.542
300.76
300.986
298.948
299.044
299.138
299.229
299.316
299.397
299.472
299.539
299.599
299.65
299.694
299.73
299.759
299.782
299.799
299.811
299.819
299.823
299.824
299.823
299.819
299.814
299.807
299.799
299.79
299.781
299.771
299.76
299.749
299.738
299.727
299.716
299.705
299.694
299.683
299.673
299.662
299.652
299.642
299.632
299.623
299.614
299.605
299.597
299.589
299.581
299.574
299.567
299.56
299.554
299.548
299.543
299.538
299.533
299.529
299.525
299.521
299.518
299.515
299.512
299.51
299.508
299.506
299.505
299.503
299.502
299.501
299.501
299.5
299.5
299.5
299.5
299.501
299.501
299.502
299.502
299.503
299.504
299.505
299.507
299.509
299.511
299.514
299.519
299.525
299.533
299.546
299.563
299.586
299.618
299.662
299.721
299.798
299.898
300.022
300.172
300.349
300.548
300.764
300.987
298.95
299.049
299.147
299.241
299.331
299.415
299.492
299.561
299.622
299.674
299.718
299.754
299.783
299.805
299.821
299.832
299.839
299.842
299.842
299.839
299.835
299.829
299.822
299.813
299.804
299.794
299.784
299.773
299.762
299.751
299.74
299.729
299.718
299.707
299.696
299.686
299.675
299.665
299.655
299.646
299.636
299.627
299.618
299.61
299.602
299.594
299.587
299.58
299.573
299.567
299.561
299.555
299.55
299.545
299.541
299.537
299.533
299.53
299.527
299.524
299.521
299.519
299.517
299.515
299.514
299.513
299.512
299.511
299.511
299.51
299.51
299.51
299.511
299.511
299.511
299.512
299.513
299.513
299.514
299.516
299.517
299.52
299.523
299.527
299.533
299.541
299.553
299.57
299.594
299.627
299.671
299.73
299.808
299.907
300.031
300.182
300.357
300.555
300.768
300.989
298.952
299.054
299.155
299.253
299.345
299.432
299.511
299.581
299.643
299.696
299.741
299.777
299.805
299.826
299.841
299.851
299.857
299.858
299.857
299.854
299.848
299.842
299.834
299.825
299.815
299.805
299.795
299.784
299.773
299.762
299.751
299.74
299.729
299.718
299.708
299.697
299.687
299.677
299.667
299.657
299.648
299.639
299.63
299.622
299.614
299.606
299.599
299.592
299.585
299.579
299.573
299.567
299.562
299.557
299.553
299.549
299.545
299.541
299.538
299.535
299.533
299.53
299.528
299.527
299.525
299.524
299.523
299.522
299.521
299.521
299.521
299.521
299.521
299.521
299.521
299.522
299.522
299.523
299.524
299.525
299.526
299.528
299.531
299.535
299.541
299.55
299.562
299.579
299.602
299.635
299.679
299.739
299.817
299.916
300.041
300.191
300.365
300.561
300.772
300.99
298.953
299.059
299.163
299.264
299.359
299.448
299.529
299.601
299.664
299.718
299.762
299.798
299.825
299.845
299.859
299.868
299.872
299.873
299.87
299.866
299.86
299.852
299.844
299.834
299.825
299.814
299.804
299.793
299.782
299.771
299.76
299.749
299.739
299.728
299.718
299.707
299.697
299.687
299.678
299.668
299.659
299.65
299.642
299.633
299.625
299.618
299.61
299.603
299.597
299.591
299.585
299.579
299.574
299.569
299.564
299.56
299.556
299.553
299.55
299.547
299.544
299.542
299.54
299.538
299.536
299.535
299.534
299.533
299.532
299.532
299.532
299.531
299.531
299.531
299.532
299.532
299.532
299.533
299.533
299.534
299.536
299.537
299.54
299.544
299.55
299.558
299.57
299.587
299.611
299.644
299.688
299.748
299.826
299.926
300.05
300.199
300.373
300.567
300.776
300.991
298.955
299.064
299.171
299.274
299.372
299.463
299.546
299.62
299.684
299.738
299.782
299.817
299.844
299.863
299.875
299.883
299.886
299.885
299.882
299.876
299.869
299.861
299.852
299.842
299.832
299.822
299.811
299.8
299.79
299.779
299.768
299.757
299.747
299.736
299.726
299.716
299.706
299.696
299.687
299.678
299.669
299.66
299.652
299.644
299.636
299.628
299.621
299.614
299.608
299.602
299.596
299.59
299.585
299.58
299.576
299.572
299.568
299.564
299.561
299.558
299.556
299.553
299.551
299.549
299.548
299.547
299.545
299.544
299.544
299.543
299.543
299.542
299.542
299.542
299.542
299.542
299.542
299.543
299.543
299.544
299.545
299.547
299.549
299.553
299.559
299.567
299.579
299.596
299.62
299.653
299.697
299.757
299.836
299.936
300.059
300.208
300.381
300.573
300.78
300.993
298.956
299.068
299.178
299.284
299.385
299.478
299.562
299.637
299.702
299.756
299.8
299.835
299.86
299.878
299.89
299.896
299.898
299.896
299.891
299.885
299.877
299.869
299.859
299.849
299.839
299.828
299.817
299.807
299.796
299.785
299.775
299.764
299.754
299.744
299.734
299.724
299.714
299.705
299.696
299.687
299.678
299.67
299.662
299.654
299.646
299.639
299.632
299.625
299.619
299.613
299.607
299.602
299.597
299.592
299.587
299.583
299.58
299.576
299.573
299.57
299.567
299.565
299.563
299.561
299.56
299.558
299.557
299.556
299.555
299.555
299.554
299.554
299.553
299.553
299.553
299.553
299.553
299.553
299.553
299.554
299.555
299.556
299.559
299.562
299.568
299.576
299.588
299.605
299.629
299.662
299.707
299.767
299.845
299.945
300.069
300.217
300.388
300.579
300.783
300.994
298.958
299.072
299.185
299.294
299.396
299.492
299.578
299.654
299.719
299.774
299.817
299.851
299.876
299.893
299.903
299.908
299.908
299.905
299.9
299.893
299.884
299.875
299.865
299.855
299.844
299.834
299.823
299.812
299.802
299.791
299.781
299.771
299.761
299.751
299.741
299.731
299.722
299.713
299.704
299.695
299.687
299.679
299.671
299.663
299.656
299.649
299.642
299.636
299.629
299.624
299.618
299.613
299.608
299.603
299.599
299.595
299.591
299.588
299.585
299.582
299.579
299.577
299.575
299.573
299.572
299.57
299.569
299.568
299.567
299.566
299.566
299.565
299.565
299.564
299.564
299.564
299.564
299.564
299.564
299.564
299.565
299.566
299.568
299.572
299.577
299.585
299.597
299.614
299.638
299.671
299.716
299.777
299.855
299.955
300.078
300.226
300.396
300.585
300.787
300.995
298.959
299.076
299.191
299.303
299.408
299.505
299.593
299.67
299.735
299.79
299.833
299.866
299.89
299.906
299.915
299.918
299.918
299.914
299.908
299.9
299.891
299.881
299.871
299.86
299.849
299.839
299.828
299.818
299.807
299.797
299.787
299.777
299.767
299.757
299.748
299.739
299.73
299.721
299.712
299.704
299.696
299.688
299.68
299.673
299.666
299.659
299.652
299.646
299.64
299.634
299.629
299.624
299.619
299.615
299.611
299.607
299.603
299.6
299.597
299.594
299.592
299.589
299.587
299.585
299.584
299.582
299.581
299.58
299.579
299.578
299.577
299.577
299.576
299.576
299.575
299.575
299.575
299.574
299.574
299.574
299.575
299.576
299.578
299.581
299.587
299.595
299.606
299.623
299.647
299.681
299.726
299.786
299.865
299.965
300.088
300.234
300.404
300.591
300.791
300.997
298.96
299.08
299.198
299.311
299.419
299.518
299.607
299.684
299.751
299.805
299.848
299.88
299.903
299.918
299.926
299.928
299.926
299.921
299.914
299.906
299.896
299.886
299.876
299.865
299.854
299.844
299.833
299.823
299.813
299.802
299.793
299.783
299.773
299.764
299.755
299.746
299.737
299.729
299.72
299.712
299.704
299.697
299.689
299.682
299.675
299.669
299.663
299.657
299.651
299.645
299.64
299.635
299.631
299.627
299.622
299.619
299.615
299.612
299.609
299.606
299.604
299.602
299.6
299.598
299.596
299.595
299.594
299.592
299.591
299.59
299.59
299.589
299.588
299.587
299.587
299.586
299.586
299.585
299.585
299.585
299.585
299.586
299.588
299.591
299.596
299.604
299.616
299.633
299.657
299.69
299.736
299.796
299.875
299.975
300.097
300.243
300.411
300.597
300.794
300.998
298.961
299.084
299.204
299.319
299.429
299.529
299.62
299.698
299.765
299.819
299.862
299.893
299.915
299.929
299.936
299.937
299.934
299.929
299.921
299.912
299.902
299.892
299.881
299.87
299.86
299.849
299.838
299.828
299.818
299.808
299.798
299.789
299.78
299.771
299.762
299.753
299.745
299.737
299.729
299.721
299.713
299.706
299.699
299.692
299.685
299.679
299.673
299.667
299.662
299.657
299.652
299.647
299.643
299.638
299.635
299.631
299.628
299.625
299.622
299.619
299.617
299.615
299.613
299.611
299.609
299.608
299.606
299.605
299.604
299.603
299.602
299.601
299.6
299.599
299.599
299.598
299.597
299.596
299.596
299.596
299.596
299.597
299.598
299.601
299.606
299.614
299.626
299.643
299.667
299.7
299.746
299.806
299.885
299.985
300.107
300.252
300.418
300.602
300.798
300.999
298.963
299.087
299.209
299.327
299.438
299.541
299.632
299.711
299.778
299.833
299.875
299.906
299.926
299.939
299.945
299.945
299.942
299.936
299.928
299.918
299.908
299.897
299.887
299.876
299.865
299.854
299.844
299.834
299.824
299.814
299.805
299.796
299.787
299.778
299.769
299.761
299.753
299.745
299.737
299.73
299.723
299.716
299.709
299.702
299.696
299.69
299.684
299.679
299.673
299.668
299.664
299.659
299.655
299.651
299.647
299.644
299.64
299.637
299.635
299.632
299.63
299.628
299.626
299.624
299.622
299.621
299.619
299.618
299.617
299.616
299.615
299.614
299.613
299.612
299.611
299.61
299.609
299.608
299.607
299.607
299.607
299.607
299.608
299.611
299.616
299.624
299.635
299.652
299.677
299.71
299.756
299.817
299.895
299.995
300.116
300.26
300.426
300.608
300.801
301
298.964
299.09
299.215
299.335
299.447
299.551
299.644
299.724
299.791
299.845
299.887
299.917
299.937
299.949
299.954
299.954
299.95
299.943
299.934
299.925
299.914
299.903
299.892
299.882
299.871
299.86
299.85
299.84
299.83
299.821
299.812
299.803
299.794
299.786
299.777
299.769
299.761
299.754
299.747
299.739
299.732
299.726
299.719
299.713
299.707
299.701
299.696
299.69
299.685
299.68
299.676
299.672
299.667
299.664
299.66
299.657
299.654
299.651
299.648
299.646
299.643
299.641
299.639
299.637
299.636
299.634
299.633
299.631
299.63
299.629
299.628
299.626
299.625
299.624
299.623
299.622
299.621
299.619
299.619
299.618
299.617
299.618
299.619
299.622
299.626
299.634
299.646
299.663
299.687
299.721
299.766
299.827
299.906
300.005
300.126
300.269
300.433
300.613
300.805
301.001
298.965
299.093
299.22
299.342
299.456
299.561
299.655
299.735
299.803
299.857
299.898
299.927
299.947
299.958
299.962
299.962
299.957
299.95
299.941
299.931
299.921
299.91
299.899
299.888
299.877
299.867
299.857
299.847
299.837
299.828
299.819
299.81
299.802
299.794
299.786
299.778
299.771
299.763
299.756
299.75
299.743
299.736
299.73
299.724
299.718
299.713
299.708
299.703
299.698
299.693
299.689
299.685
299.681
299.677
299.673
299.67
299.667
299.664
299.662
299.659
299.657
299.655
299.653
299.651
299.65
299.648
299.646
299.645
299.644
299.642
299.641
299.64
299.638
299.637
299.635
299.634
299.633
299.631
299.63
299.629
299.629
299.629
299.63
299.632
299.637
299.644
299.656
299.673
299.697
299.731
299.777
299.838
299.916
300.015
300.135
300.278
300.44
300.619
300.808
301.002
298.966
299.096
299.225
299.348
299.464
299.57
299.665
299.746
299.814
299.868
299.909
299.937
299.956
299.967
299.971
299.97
299.965
299.958
299.949
299.938
299.928
299.917
299.906
299.895
299.884
299.874
299.864
299.854
299.845
299.836
299.827
299.819
299.811
299.803
299.795
299.788
299.781
299.774
299.767
299.76
299.754
299.748
299.742
299.736
299.731
299.725
299.72
299.715
299.711
299.706
299.702
299.698
299.694
299.691
299.687
299.684
299.681
299.679
299.676
299.674
299.671
299.669
299.667
299.665
299.664
299.662
299.66
299.659
299.657
299.656
299.654
299.653
299.651
299.65
299.648
299.647
299.645
299.643
299.642
299.641
299.64
299.64
299.641
299.643
299.647
299.655
299.666
299.683
299.708
299.741
299.787
299.848
299.926
300.025
300.145
300.286
300.448
300.624
300.812
301.004
298.967
299.099
299.229
299.354
299.472
299.579
299.675
299.757
299.824
299.878
299.919
299.947
299.966
299.976
299.979
299.978
299.973
299.966
299.956
299.946
299.935
299.924
299.913
299.903
299.892
299.882
299.872
299.863
299.854
299.845
299.836
299.828
299.82
299.813
299.805
299.798
299.791
299.785
299.778
299.772
299.766
299.76
299.754
299.749
299.743
299.738
299.733
299.729
299.724
299.72
299.716
299.712
299.709
299.705
299.702
299.699
299.696
299.693
299.691
299.688
299.686
299.684
299.682
299.68
299.678
299.677
299.675
299.673
299.672
299.67
299.668
299.667
299.665
299.663
299.661
299.659
299.658
299.656
299.654
299.653
299.652
299.651
299.652
299.654
299.658
299.665
299.677
299.694
299.718
299.752
299.798
299.859
299.937
300.035
300.154
300.295
300.455
300.63
300.815
301.005
298.967
299.102
299.234
299.36
299.479
299.588
299.684
299.767
299.835
299.888
299.928
299.956
299.975
299.985
299.988
299.986
299.981
299.974
299.964
299.954
299.943
299.932
299.922
299.911
299.901
299.891
299.881
299.872
299.863
299.854
299.846
299.838
299.831
299.823
299.816
299.809
299.803
299.796
299.79
299.784
299.778
299.773
299.767
299.762
299.757
299.752
299.747
299.743
299.739
299.734
299.731
299.727
299.723
299.72
299.717
299.714
299.711
299.708
299.706
299.703
299.701
299.699
299.697
299.695
299.693
299.691
299.689
299.688
299.686
299.684
299.682
299.681
299.679
299.677
299.675
299.673
299.67
299.668
299.666
299.665
299.663
299.663
299.663
299.665
299.669
299.676
299.688
299.704
299.729
299.763
299.809
299.869
299.947
300.045
300.164
300.303
300.462
300.635
300.818
301.006
298.968
299.104
299.238
299.366
299.486
299.596
299.693
299.776
299.844
299.897
299.937
299.965
299.984
299.993
299.997
299.995
299.99
299.982
299.973
299.963
299.952
299.941
299.93
299.92
299.91
299.9
299.89
299.881
299.873
299.865
299.857
299.849
299.842
299.835
299.828
299.821
299.815
299.809
299.803
299.797
299.791
299.786
299.781
299.776
299.771
299.766
299.762
299.757
299.753
299.749
299.746
299.742
299.739
299.735
299.732
299.729
299.726
299.724
299.721
299.719
299.717
299.714
299.712
299.71
299.708
299.706
299.704
299.703
299.701
299.699
299.697
299.695
299.693
299.691
299.688
299.686
299.684
299.681
299.679
299.677
299.675
299.674
299.675
299.676
299.68
299.687
299.698
299.715
299.74
299.773
299.819
299.88
299.958
300.055
300.173
300.312
300.469
300.64
300.822
301.007
298.969
299.107
299.242
299.372
299.493
299.604
299.702
299.785
299.853
299.906
299.946
299.975
299.993
300.002
300.006
300.004
299.999
299.991
299.982
299.972
299.961
299.951
299.94
299.93
299.92
299.91
299.901
299.892
299.883
299.875
299.868
299.86
299.853
299.847
299.84
299.834
299.828
299.822
299.816
299.811
299.805
299.8
299.795
299.79
299.786
299.781
299.777
299.773
299.769
299.765
299.761
299.758
299.754
299.751
299.748
299.745
299.742
299.74
299.737
299.735
299.732
299.73
299.728
299.726
299.724
299.722
299.72
299.718
299.716
299.714
299.712
299.709
299.707
299.705
299.702
299.7
299.697
299.694
299.692
299.69
299.688
299.686
299.686
299.688
299.691
299.698
299.709
299.726
299.75
299.784
299.83
299.891
299.968
300.065
300.183
300.32
300.476
300.646
300.825
301.008
298.97
299.109
299.246
299.377
299.5
299.611
299.71
299.794
299.862
299.915
299.955
299.983
300.002
300.011
300.015
300.013
300.008
300.001
299.992
299.982
299.971
299.961
299.95
299.94
299.93
299.921
299.912
299.903
299.895
299.887
299.88
299.873
299.866
299.859
299.853
299.847
299.841
299.835
299.83
299.825
299.82
299.815
299.81
299.805
299.801
299.796
299.792
299.788
299.784
299.781
299.777
299.774
299.77
299.767
299.764
299.761
299.759
299.756
299.753
299.751
299.749
299.746
299.744
299.742
299.74
299.738
299.735
299.733
299.731
299.729
299.727
299.724
299.722
299.719
299.716
299.714
299.711
299.708
299.705
299.702
299.7
299.699
299.698
299.699
299.703
299.71
299.72
299.737
299.761
299.795
299.841
299.901
299.979
300.075
300.192
300.329
300.483
300.651
300.828
301.009
298.971
299.111
299.249
299.382
299.506
299.619
299.718
299.802
299.871
299.924
299.964
299.992
300.011
300.021
300.024
300.023
300.018
300.01
300.002
299.992
299.981
299.971
299.961
299.951
299.941
299.932
299.923
299.915
299.907
299.899
299.892
299.885
299.879
299.873
299.867
299.861
299.855
299.85
299.845
299.839
299.835
299.83
299.825
299.821
299.816
299.812
299.808
299.804
299.801
299.797
299.794
299.79
299.787
299.784
299.781
299.778
299.775
299.773
299.77
299.768
299.765
299.763
299.76
299.758
299.756
299.754
299.751
299.749
299.747
299.744
299.742
299.739
299.737
299.734
299.731
299.728
299.725
299.721
299.718
299.715
299.713
299.711
299.71
299.711
299.714
299.721
299.732
299.748
299.772
299.806
299.852
299.912
299.989
300.085
300.201
300.337
300.49
300.656
300.831
301.01
298.971
299.114
299.253
299.387
299.512
299.626
299.726
299.81
299.879
299.933
299.973
300.002
300.02
300.03
300.034
300.032
300.028
300.021
300.012
300.002
299.992
299.982
299.972
299.962
299.953
299.944
299.935
299.927
299.92
299.912
299.905
299.899
299.892
299.886
299.881
299.875
299.87
299.865
299.86
299.855
299.85
299.845
299.841
299.837
299.833
299.829
299.825
299.821
299.817
299.814
299.81
299.807
299.804
299.801
299.798
299.795
299.792
299.79
299.787
299.784
299.782
299.779
299.777
299.775
299.772
299.77
299.768
299.765
299.763
299.76
299.758
299.755
299.752
299.749
299.746
299.742
299.739
299.735
299.732
299.729
299.726
299.724
299.723
299.723
299.726
299.732
299.743
299.759
299.783
299.817
299.863
299.923
300
300.095
300.211
300.345
300.496
300.661
300.834
301.011
298.972
299.116
299.257
299.392
299.518
299.633
299.734
299.818
299.887
299.942
299.982
300.011
300.029
300.039
300.043
300.042
300.038
300.031
300.023
300.013
300.003
299.993
299.984
299.974
299.965
299.956
299.948
299.94
299.933
299.926
299.919
299.913
299.907
299.901
299.895
299.89
299.885
299.88
299.875
299.87
299.866
299.861
299.857
299.853
299.849
299.845
299.841
299.838
299.834
299.831
299.827
299.824
299.821
299.818
299.815
299.812
299.809
299.807
299.804
299.801
299.799
299.796
299.794
299.792
299.789
299.787
299.784
299.782
299.779
299.776
299.773
299.77
299.767
299.764
299.76
299.757
299.753
299.749
299.746
299.742
299.739
299.736
299.735
299.735
299.738
299.744
299.754
299.77
299.794
299.828
299.873
299.933
300.01
300.105
300.22
300.353
300.503
300.666
300.837
301.012
298.973
299.118
299.26
299.397
299.525
299.64
299.741
299.826
299.896
299.95
299.991
300.02
300.039
300.049
300.053
300.053
300.049
300.042
300.034
300.025
300.015
300.005
299.996
299.987
299.978
299.969
299.961
299.954
299.946
299.94
299.933
299.927
299.921
299.916
299.91
299.905
299.9
299.895
299.891
299.886
299.882
299.878
299.874
299.87
299.866
299.862
299.858
299.855
299.851
299.848
299.845
299.842
299.839
299.835
299.833
299.83
299.827
299.824
299.821
299.819
299.816
299.814
299.811
299.809
299.806
299.803
299.801
299.798
299.795
299.792
299.789
299.786
299.783
299.779
299.776
299.772
299.768
299.764
299.759
299.756
299.752
299.749
299.748
299.747
299.75
299.755
299.766
299.782
299.805
299.839
299.884
299.944
300.02
300.115
300.229
300.361
300.509
300.671
300.84
301.013
298.974
299.12
299.264
299.402
299.531
299.647
299.749
299.834
299.904
299.959
300
300.029
300.048
300.059
300.064
300.063
300.059
300.053
300.045
300.036
300.027
300.018
300.008
299.999
299.991
299.982
299.975
299.967
299.96
299.954
299.948
299.942
299.936
299.931
299.926
299.921
299.916
299.911
299.907
299.903
299.899
299.895
299.891
299.887
299.883
299.879
299.876
299.872
299.869
299.866
299.862
299.859
299.856
299.853
299.85
299.847
299.845
299.842
299.839
299.836
299.834
299.831
299.828
299.826
299.823
299.821
299.818
299.815
299.812
299.809
299.806
299.802
299.799
299.795
299.791
299.787
299.782
299.778
299.774
299.769
299.765
299.762
299.76
299.76
299.762
299.767
299.777
299.793
299.816
299.849
299.895
299.954
300.03
300.124
300.237
300.369
300.516
300.676
300.843
301.014
298.974
299.122
299.268
299.407
299.537
299.654
299.756
299.843
299.913
299.968
300.009
300.039
300.058
300.069
300.074
300.074
300.07
300.065
300.057
300.048
300.039
300.03
300.021
300.013
300.004
299.996
299.989
299.982
299.975
299.969
299.963
299.957
299.952
299.946
299.941
299.937
299.932
299.928
299.924
299.919
299.915
299.912
299.908
299.904
299.9
299.897
299.893
299.89
299.887
299.883
299.88
299.877
299.874
299.871
299.868
299.865
299.862
299.86
299.857
299.854
299.851
299.849
299.846
299.843
299.841
299.838
299.835
299.832
299.829
299.825
299.822
299.818
299.815
299.811
299.806
299.802
299.797
299.792
299.788
299.783
299.779
299.775
299.773
299.772
299.774
299.779
299.788
299.804
299.827
299.86
299.905
299.965
300.04
300.134
300.246
300.376
300.522
300.68
300.846
301.015
298.975
299.125
299.271
299.412
299.543
299.661
299.764
299.851
299.921
299.977
300.018
300.048
300.068
300.079
300.085
300.085
300.082
300.076
300.069
300.061
300.052
300.043
300.035
300.026
300.018
300.01
300.003
299.996
299.99
299.984
299.978
299.972
299.967
299.962
299.958
299.953
299.949
299.944
299.94
299.936
299.933
299.929
299.925
299.921
299.918
299.914
299.911
299.908
299.904
299.901
299.898
299.895
299.892
299.889
299.886
299.883
299.88
299.877
299.875
299.872
299.869
299.866
299.864
299.861
299.858
299.855
299.852
299.849
299.845
299.842
299.838
299.835
299.831
299.826
299.822
299.817
299.812
299.807
299.802
299.797
299.793
299.789
299.786
299.785
299.786
299.791
299.8
299.815
299.838
299.871
299.916
299.975
300.05
300.143
300.255
300.384
300.528
300.685
300.849
301.016
298.976
299.127
299.275
299.417
299.549
299.668
299.772
299.859
299.93
299.986
300.028
300.058
300.078
300.09
300.095
300.096
300.093
300.088
300.081
300.073
300.065
300.057
300.048
300.04
300.032
300.025
300.018
300.011
300.005
299.999
299.993
299.988
299.983
299.978
299.974
299.97
299.965
299.961
299.957
299.954
299.95
299.946
299.943
299.939
299.936
299.932
299.929
299.926
299.922
299.919
299.916
299.913
299.91
299.907
299.904
299.901
299.898
299.896
299.893
299.89
299.887
299.884
299.881
299.878
299.875
299.872
299.869
299.866
299.862
299.859
299.855
299.851
299.847
299.842
299.837
299.832
299.827
299.822
299.816
299.811
299.806
299.802
299.799
299.797
299.798
299.802
299.811
299.826
299.849
299.882
299.926
299.985
300.06
300.152
300.263
300.391
300.534
300.689
300.851
301.017
298.977
299.129
299.278
299.422
299.555
299.675
299.78
299.867
299.939
299.995
300.037
300.068
300.088
300.1
300.106
300.107
300.105
300.1
300.094
300.086
300.078
300.07
300.062
300.054
300.047
300.039
300.033
300.026
300.02
300.015
300.009
300.004
299.999
299.995
299.99
299.986
299.982
299.978
299.975
299.971
299.967
299.964
299.96
299.957
299.954
299.95
299.947
299.944
299.941
299.937
299.934
299.931
299.928
299.925
299.922
299.919
299.917
299.914
299.911
299.908
299.905
299.902
299.899
299.896
299.893
299.89
299.886
299.883
299.879
299.876
299.872
299.867
299.863
299.858
299.853
299.848
299.842
299.837
299.831
299.825
299.82
299.815
299.811
299.81
299.81
299.814
299.823
299.837
299.86
299.892
299.937
299.995
300.07
300.161
300.271
300.398
300.54
300.694
300.854
301.018
298.977
299.131
299.282
299.427
299.561
299.682
299.787
299.876
299.948
300.004
300.047
300.078
300.098
300.111
300.117
300.119
300.117
300.112
300.106
300.099
300.092
300.084
300.076
300.069
300.061
300.054
300.048
300.042
300.036
300.03
300.025
300.02
300.016
300.011
300.007
300.003
299.999
299.996
299.992
299.988
299.985
299.981
299.978
299.975
299.971
299.968
299.965
299.962
299.959
299.956
299.953
299.95
299.947
299.944
299.941
299.938
299.935
299.932
299.929
299.926
299.923
299.92
299.917
299.914
299.91
299.907
299.904
299.9
299.896
299.892
299.888
299.884
299.879
299.874
299.869
299.863
299.857
299.851
299.845
299.839
299.833
299.828
299.824
299.822
299.822
299.826
299.834
299.848
299.87
299.903
299.947
300.005
300.079
300.17
300.279
300.405
300.546
300.698
300.857
301.019
298.978
299.134
299.286
299.432
299.568
299.69
299.796
299.885
299.957
300.014
300.057
300.088
300.109
300.122
300.128
300.13
300.129
300.125
300.119
300.113
300.105
300.098
300.09
300.083
300.076
300.07
300.063
300.057
300.052
300.047
300.042
300.037
300.032
300.028
300.024
300.02
300.017
300.013
300.009
300.006
300.003
299.999
299.996
299.993
299.99
299.986
299.983
299.98
299.977
299.974
299.971
299.968
299.965
299.962
299.959
299.956
299.953
299.95
299.947
299.944
299.941
299.938
299.935
299.931
299.928
299.924
299.921
299.917
299.913
299.909
299.905
299.9
299.895
299.89
299.884
299.878
299.872
299.866
299.86
299.853
299.847
299.842
299.837
299.834
299.834
299.837
299.845
299.859
299.881
299.913
299.957
300.015
300.088
300.179
300.287
300.412
300.552
300.702
300.859
301.019
298.979
299.136
299.29
299.437
299.574
299.697
299.804
299.894
299.966
300.024
300.067
300.098
300.119
300.133
300.14
300.142
300.141
300.137
300.132
300.126
300.119
300.112
300.105
300.098
300.091
300.085
300.079
300.073
300.068
300.063
300.058
300.053
300.049
300.045
300.041
300.038
300.034
300.03
300.027
300.024
300.02
300.017
300.014
300.011
300.008
300.005
300.002
299.998
299.995
299.992
299.989
299.986
299.983
299.98
299.977
299.974
299.971
299.968
299.965
299.962
299.959
299.955
299.952
299.949
299.945
299.942
299.938
299.934
299.93
299.926
299.921
299.916
299.911
299.906
299.9
299.894
299.887
299.881
299.874
299.867
299.861
299.855
299.85
299.847
299.846
299.849
299.856
299.87
299.892
299.923
299.967
300.024
300.097
300.188
300.295
300.419
300.557
300.706
300.862
301.02
298.98
299.138
299.294
299.443
299.581
299.705
299.812
299.903
299.976
300.033
300.077
300.108
300.13
300.144
300.151
300.154
300.153
300.15
300.145
300.139
300.133
300.126
300.119
300.113
300.106
300.1
300.095
300.089
300.084
300.079
300.075
300.07
300.066
300.062
300.058
300.055
300.051
300.048
300.045
300.041
300.038
300.035
300.032
300.029
300.026
300.023
300.02
300.017
300.014
300.011
300.008
300.005
300.002
299.999
299.996
299.992
299.989
299.986
299.983
299.98
299.977
299.973
299.97
299.966
299.963
299.959
299.955
299.951
299.947
299.942
299.937
299.932
299.927
299.921
299.915
299.909
299.902
299.895
299.888
299.881
299.874
299.868
299.863
299.859
299.858
299.86
299.867
299.881
299.902
299.933
299.976
300.034
300.106
300.196
300.303
300.426
300.563
300.71
300.864
301.021
298.981
299.141
299.298
299.448
299.588
299.713
299.821
299.912
299.985
300.043
300.087
300.119
300.141
300.155
300.163
300.166
300.166
300.163
300.159
300.153
300.147
300.141
300.134
300.128
300.122
300.116
300.11
300.105
300.1
300.096
300.091
300.087
300.083
300.079
300.076
300.072
300.069
300.066
300.062
300.059
300.056
300.053
300.05
300.047
300.044
300.041
300.038
300.035
300.032
300.029
300.026
300.023
300.02
300.017
300.014
300.011
300.007
300.004
300.001
299.998
299.994
299.991
299.987
299.984
299.98
299.976
299.972
299.968
299.963
299.959
299.954
299.948
299.943
299.937
299.931
299.924
299.917
299.91
299.902
299.895
299.887
299.881
299.875
299.871
299.87
299.872
299.878
299.891
299.912
299.943
299.986
300.043
300.115
300.204
300.31
300.432
300.568
300.714
300.866
301.022
298.981
299.143
299.302
299.454
299.594
299.72
299.83
299.921
299.995
300.053
300.097
300.13
300.152
300.166
300.174
300.178
300.178
300.176
300.172
300.167
300.161
300.155
300.149
300.143
300.137
300.131
300.126
300.121
300.117
300.112
300.108
300.104
300.1
300.097
300.093
300.09
300.087
300.083
300.08
300.077
300.074
300.071
300.068
300.065
300.062
300.06
300.057
300.054
300.051
300.048
300.044
300.041
300.038
300.035
300.032
300.029
300.025
300.022
300.019
300.015
300.012
300.008
300.005
300.001
299.997
299.993
299.989
299.984
299.98
299.975
299.97
299.964
299.958
299.952
299.946
299.939
299.932
299.924
299.916
299.908
299.901
299.894
299.888
299.883
299.881
299.883
299.889
299.902
299.922
299.953
299.996
300.052
300.124
300.212
300.318
300.439
300.573
300.718
300.869
301.023
298.982
299.146
299.306
299.46
299.602
299.729
299.838
299.93
300.005
300.063
300.108
300.14
300.163
300.178
300.186
300.19
300.191
300.189
300.185
300.18
300.175
300.169
300.164
300.158
300.152
300.147
300.142
300.137
300.133
300.129
300.125
300.121
300.117
300.114
300.111
300.107
300.104
300.101
300.098
300.095
300.092
300.089
300.087
300.084
300.081
300.078
300.075
300.072
300.069
300.066
300.063
300.06
300.056
300.053
300.05
300.047
300.043
300.04
300.037
300.033
300.029
300.026
300.022
300.018
300.014
300.01
300.005
300.001
299.996
299.991
299.986
299.98
299.974
299.967
299.961
299.953
299.946
299.938
299.93
299.922
299.914
299.906
299.9
299.895
299.893
299.894
299.9
299.912
299.932
299.963
300.005
300.061
300.132
300.22
300.325
300.445
300.578
300.721
300.871
301.023
298.983
299.149
299.311
299.466
299.609
299.737
299.848
299.94
300.015
300.074
300.118
300.151
300.174
300.189
300.198
300.202
300.203
300.201
300.198
300.194
300.189
300.184
300.178
300.173
300.168
300.163
300.158
300.153
300.149
300.145
300.141
300.138
300.134
300.131
300.128
300.125
300.122
300.119
300.116
300.113
300.11
300.108
300.105
300.102
300.099
300.096
300.093
300.09
300.087
300.084
300.081
300.078
300.075
300.071
300.068
300.065
300.061
300.058
300.054
300.05
300.047
300.043
300.039
300.035
300.031
300.026
300.022
300.017
300.012
300.007
300.001
299.995
299.989
299.982
299.975
299.968
299.96
299.952
299.943
299.935
299.927
299.919
299.912
299.907
299.904
299.905
299.91
299.922
299.942
299.972
300.014
300.07
300.141
300.228
300.332
300.451
300.583
300.725
300.873
301.024
298.984
299.151
299.315
299.472
299.616
299.745
299.857
299.95
300.025
300.084
300.129
300.162
300.185
300.2
300.21
300.214
300.215
300.214
300.211
300.208
300.203
300.198
300.193
300.188
300.183
300.178
300.174
300.17
300.166
300.162
300.158
300.155
300.151
300.148
300.145
300.142
300.139
300.137
300.134
300.131
300.128
300.126
300.123
300.12
300.117
300.114
300.111
300.108
300.105
300.102
300.099
300.096
300.092
300.089
300.086
300.082
300.079
300.075
300.071
300.068
300.064
300.06
300.056
300.052
300.047
300.043
300.038
300.033
300.028
300.022
300.017
300.01
300.004
299.997
299.99
299.982
299.974
299.965
299.957
299.948
299.939
299.931
299.924
299.918
299.915
299.916
299.921
299.932
299.952
299.982
300.023
300.078
300.149
300.236
300.339
300.457
300.588
300.729
300.875
301.025
298.985
299.154
299.32
299.478
299.624
299.754
299.866
299.96
300.035
300.095
300.14
300.173
300.196
300.212
300.221
300.226
300.228
300.227
300.225
300.221
300.217
300.212
300.208
300.203
300.198
300.194
300.19
300.186
300.182
300.178
300.175
300.171
300.168
300.165
300.162
300.16
300.157
300.154
300.152
300.149
300.146
300.143
300.141
300.138
300.135
300.132
300.129
300.126
300.123
300.12
300.117
300.114
300.11
300.107
300.103
300.1
300.096
300.092
300.089
300.085
300.081
300.077
300.072
300.068
300.063
300.059
300.054
300.049
300.043
300.038
300.032
300.025
300.019
300.011
300.004
299.996
299.988
299.979
299.97
299.961
299.952
299.943
299.936
299.93
299.926
299.926
299.931
299.942
299.961
299.991
300.032
300.087
300.157
300.244
300.346
300.463
300.593
300.732
300.878
301.026
298.986
299.157
299.324
299.484
299.631
299.763
299.876
299.97
300.046
300.105
300.151
300.184
300.207
300.223
300.233
300.238
300.24
300.24
300.238
300.235
300.231
300.227
300.222
300.218
300.213
300.209
300.205
300.202
300.198
300.195
300.191
300.188
300.185
300.182
300.18
300.177
300.174
300.172
300.169
300.167
300.164
300.161
300.158
300.156
300.153
300.15
300.147
300.144
300.141
300.138
300.135
300.131
300.128
300.124
300.121
300.117
300.113
300.11
300.106
300.102
300.097
300.093
300.089
300.084
300.079
300.074
300.069
300.064
300.058
300.053
300.046
300.04
300.033
300.025
300.018
300.009
300.001
299.992
299.982
299.973
299.964
299.955
299.947
299.941
299.937
299.936
299.941
299.952
299.971
300
300.041
300.096
300.165
300.251
300.353
300.469
300.598
300.736
300.88
301.026
298.987
299.16
299.329
299.49
299.639
299.771
299.885
299.98
300.056
300.116
300.161
300.195
300.218
300.234
300.245
300.25
300.253
300.252
300.251
300.248
300.244
300.241
300.237
300.232
300.228
300.225
300.221
300.217
300.214
300.211
300.208
300.205
300.202
300.199
300.197
300.194
300.192
300.189
300.187
300.184
300.181
300.179
300.176
300.173
300.171
300.168
300.165
300.162
300.159
300.155
300.152
300.149
300.145
300.142
300.138
300.134
300.13
300.126
300.122
300.118
300.114
300.109
300.105
300.1
300.095
300.09
300.085
300.079
300.073
300.067
300.061
300.054
300.047
300.039
300.031
300.022
300.014
300.004
299.995
299.985
299.975
299.966
299.958
299.952
299.947
299.947
299.951
299.961
299.98
300.009
300.05
300.104
300.174
300.259
300.36
300.475
300.603
300.74
300.882
301.027
298.988
299.163
299.334
299.497
299.647
299.78
299.895
299.99
300.067
300.127
300.172
300.206
300.23
300.246
300.256
300.262
300.265
300.265
300.264
300.261
300.258
300.254
300.251
300.247
300.243
300.24
300.236
300.233
300.23
300.227
300.224
300.221
300.219
300.216
300.214
300.211
300.209
300.206
300.204
300.201
300.199
300.196
300.194
300.191
300.188
300.185
300.182
300.179
300.176
300.173
300.169
300.166
300.162
300.159
300.155
300.151
300.147
300.143
300.139
300.134
300.13
300.125
300.12
300.115
300.11
300.105
300.099
300.094
300.088
300.081
300.074
300.067
300.06
300.052
300.044
300.035
300.026
300.016
300.007
299.997
299.987
299.977
299.969
299.962
299.958
299.957
299.961
299.971
299.989
300.018
300.058
300.113
300.182
300.266
300.367
300.481
300.608
300.743
300.884
301.028
298.989
299.166
299.339
299.504
299.655
299.789
299.905
300
300.077
300.137
300.183
300.217
300.241
300.257
300.268
300.274
300.277
300.277
300.276
300.274
300.271
300.268
300.265
300.261
300.258
300.255
300.251
300.248
300.245
300.243
300.24
300.237
300.235
300.233
300.23
300.228
300.225
300.223
300.221
300.218
300.216
300.213
300.211
300.208
300.205
300.202
300.199
300.196
300.193
300.19
300.186
300.183
300.179
300.176
300.172
300.168
300.163
300.159
300.155
300.15
300.146
300.141
300.136
300.13
300.125
300.12
300.114
300.108
300.101
300.095
300.088
300.081
300.073
300.065
300.056
300.047
300.038
300.028
300.018
300.008
299.998
299.988
299.979
299.972
299.968
299.966
299.97
299.98
299.998
300.027
300.067
300.121
300.19
300.274
300.374
300.488
300.613
300.747
300.886
301.029
298.99
299.169
299.344
299.51
299.663
299.799
299.915
300.011
300.088
300.148
300.194
300.228
300.252
300.268
300.279
300.286
300.289
300.29
300.289
300.287
300.285
300.282
300.279
300.275
300.272
300.269
300.266
300.263
300.261
300.258
300.256
300.253
300.251
300.249
300.247
300.244
300.242
300.24
300.237
300.235
300.233
300.23
300.228
300.225
300.222
300.219
300.216
300.213
300.21
300.207
300.203
300.2
300.196
300.192
300.188
300.184
300.179
300.175
300.17
300.166
300.161
300.156
300.15
300.145
300.139
300.134
300.128
300.121
300.115
300.108
300.101
300.093
300.085
300.077
300.068
300.059
300.049
300.039
300.029
300.019
300.008
299.999
299.99
299.982
299.977
299.976
299.979
299.989
300.008
300.036
300.076
300.129
300.198
300.282
300.381
300.494
300.618
300.75
300.889
301.029
298.991
299.172
299.349
299.517
299.671
299.808
299.925
300.021
300.099
300.159
300.205
300.239
300.263
300.28
300.291
300.297
300.301
300.302
300.301
300.3
300.298
300.295
300.292
300.289
300.287
300.284
300.281
300.278
300.276
300.274
300.271
300.269
300.267
300.265
300.263
300.26
300.258
300.256
300.254
300.252
300.249
300.247
300.244
300.242
300.239
300.236
300.233
300.23
300.226
300.223
300.219
300.216
300.212
300.208
300.204
300.199
300.195
300.19
300.186
300.181
300.175
300.17
300.165
300.159
300.153
300.147
300.141
300.134
300.128
300.12
300.113
300.105
300.097
300.088
300.079
300.07
300.06
300.05
300.04
300.029
300.019
300.009
299.999
299.992
299.987
299.985
299.989
299.998
300.016
300.045
300.085
300.138
300.206
300.29
300.388
300.5
300.623
300.754
300.891
301.03
298.992
299.175
299.354
299.524
299.68
299.817
299.935
300.032
300.109
300.17
300.216
300.25
300.274
300.291
300.302
300.309
300.312
300.314
300.314
300.312
300.31
300.308
300.306
300.303
300.3
300.298
300.295
300.293
300.291
300.289
300.287
300.284
300.282
300.28
300.278
300.276
300.274
300.272
300.27
300.268
300.265
300.263
300.261
300.258
300.255
300.252
300.249
300.246
300.243
300.239
300.235
300.232
300.228
300.223
300.219
300.215
300.21
300.205
300.2
300.195
300.19
300.184
300.178
300.173
300.166
300.16
300.154
300.147
300.14
300.132
300.125
300.117
300.108
300.099
300.09
300.081
300.071
300.06
300.049
300.039
300.028
300.018
300.009
300.001
299.996
299.994
299.998
300.007
300.025
300.054
300.093
300.147
300.215
300.298
300.396
300.507
300.628
300.758
300.893
301.031
298.993
299.178
299.359
299.531
299.688
299.827
299.945
300.042
300.12
300.181
300.227
300.26
300.285
300.302
300.313
300.32
300.324
300.325
300.326
300.325
300.323
300.321
300.319
300.316
300.314
300.312
300.31
300.307
300.305
300.303
300.301
300.299
300.298
300.296
300.294
300.292
300.29
300.288
300.286
300.284
300.281
300.279
300.276
300.274
300.271
300.268
300.265
300.262
300.258
300.255
300.251
300.247
300.243
300.238
300.234
300.229
300.224
300.219
300.214
300.209
300.203
300.197
300.191
300.185
300.179
300.172
300.166
300.159
300.151
300.144
300.136
300.127
300.119
300.11
300.1
300.09
300.08
300.07
300.059
300.048
300.037
300.027
300.018
300.01
300.005
300.003
300.007
300.016
300.035
300.063
300.103
300.156
300.224
300.307
300.404
300.514
300.634
300.762
300.896
301.032
298.994
299.182
299.365
299.538
299.697
299.836
299.955
300.053
300.131
300.191
300.237
300.271
300.296
300.312
300.324
300.331
300.335
300.337
300.337
300.337
300.335
300.334
300.332
300.33
300.328
300.326
300.323
300.322
300.32
300.318
300.316
300.314
300.312
300.311
300.309
300.307
300.305
300.303
300.301
300.299
300.297
300.294
300.292
300.289
300.286
300.283
300.28
300.277
300.273
300.27
300.266
300.262
300.257
300.253
300.248
300.243
300.238
300.233
300.228
300.222
300.216
300.21
300.204
300.197
300.191
300.184
300.177
300.17
300.162
300.154
300.146
300.137
300.128
300.119
300.11
300.1
300.089
300.078
300.068
300.057
300.046
300.036
300.026
300.019
300.014
300.012
300.015
300.025
300.044
300.072
300.112
300.165
300.233
300.316
300.412
300.521
300.64
300.766
300.898
301.033
298.995
299.185
299.37
299.545
299.705
299.846
299.965
300.063
300.141
300.202
300.248
300.282
300.306
300.323
300.335
300.342
300.346
300.348
300.349
300.349
300.348
300.346
300.344
300.343
300.341
300.339
300.337
300.335
300.334
300.332
300.33
300.329
300.327
300.325
300.324
300.322
300.32
300.318
300.316
300.314
300.312
300.31
300.307
300.304
300.301
300.298
300.295
300.292
300.288
300.284
300.28
300.276
300.271
300.267
300.262
300.257
300.251
300.246
300.24
300.234
300.228
300.222
300.216
300.209
300.202
300.195
300.187
300.18
300.172
300.164
300.155
300.147
300.137
300.128
300.118
300.108
300.097
300.087
300.076
300.065
300.054
300.044
300.034
300.027
300.022
300.021
300.024
300.034
300.053
300.081
300.122
300.175
300.243
300.325
300.421
300.528
300.646
300.771
300.901
301.033
298.996
299.188
299.376
299.552
299.714
299.855
299.975
300.074
300.152
300.213
300.259
300.292
300.317
300.334
300.345
300.353
300.357
300.359
300.36
300.36
300.359
300.358
300.357
300.355
300.354
300.352
300.35
300.349
300.347
300.346
300.344
300.343
300.341
300.34
300.338
300.336
300.335
300.333
300.331
300.329
300.327
300.324
300.322
300.319
300.316
300.313
300.309
300.306
300.302
300.298
300.294
300.289
300.285
300.28
300.275
300.27
300.264
300.258
300.252
300.246
300.24
300.233
300.226
300.219
300.212
300.205
300.197
300.189
300.181
300.173
300.164
300.155
300.146
300.136
300.126
300.116
300.105
300.094
300.083
300.072
300.062
300.051
300.042
300.035
300.03
300.029
300.033
300.044
300.063
300.091
300.132
300.186
300.254
300.335
300.43
300.536
300.652
300.775
300.904
301.034
298.998
299.192
299.381
299.56
299.722
299.865
299.985
300.084
300.162
300.223
300.269
300.303
300.327
300.344
300.356
300.363
300.368
300.37
300.371
300.371
300.371
300.37
300.369
300.367
300.366
300.365
300.363
300.362
300.361
300.359
300.358
300.357
300.355
300.354
300.352
300.351
300.349
300.347
300.345
300.343
300.341
300.338
300.336
300.333
300.33
300.327
300.323
300.32
300.316
300.312
300.307
300.302
300.298
300.293
300.287
300.282
300.276
300.27
300.264
300.257
300.251
300.244
300.237
300.229
300.222
300.214
300.206
300.198
300.19
300.181
300.172
300.163
300.153
300.143
300.133
300.123
300.112
300.101
300.09
300.079
300.069
300.059
300.05
300.043
300.038
300.038
300.042
300.053
300.073
300.102
300.143
300.197
300.265
300.345
300.439
300.544
300.658
300.78
300.907
301.035
298.999
299.195
299.387
299.567
299.731
299.874
299.995
300.094
300.173
300.234
300.279
300.313
300.337
300.354
300.366
300.374
300.378
300.381
300.382
300.383
300.382
300.382
300.381
300.38
300.378
300.377
300.376
300.375
300.374
300.372
300.371
300.37
300.369
300.367
300.366
300.364
300.363
300.361
300.359
300.357
300.355
300.352
300.349
300.347
300.343
300.34
300.337
300.333
300.329
300.324
300.32
300.315
300.31
300.305
300.299
300.293
300.287
300.281
300.274
300.268
300.261
300.254
300.246
300.239
300.231
300.223
300.215
300.206
300.197
300.188
300.179
300.17
300.16
300.15
300.14
300.129
300.118
300.108
300.097
300.086
300.075
300.066
300.057
300.05
300.046
300.046
300.051
300.063
300.083
300.113
300.155
300.209
300.276
300.356
300.449
300.553
300.665
300.785
300.91
301.036
299
299.199
299.392
299.574
299.74
299.884
300.005
300.105
300.183
300.244
300.29
300.323
300.348
300.365
300.376
300.384
300.389
300.392
300.393
300.394
300.393
300.393
300.392
300.391
300.39
300.389
300.388
300.387
300.386
300.385
300.384
300.383
300.382
300.381
300.379
300.378
300.376
300.374
300.373
300.37
300.368
300.365
300.363
300.36
300.357
300.353
300.349
300.345
300.341
300.337
300.332
300.327
300.322
300.316
300.31
300.304
300.298
300.291
300.285
300.277
300.27
300.263
300.255
300.247
300.239
300.231
300.222
300.213
300.205
300.195
300.186
300.176
300.166
300.156
300.146
300.135
300.124
300.113
300.103
300.092
300.082
300.072
300.064
300.058
300.055
300.055
300.061
300.074
300.094
300.125
300.167
300.222
300.289
300.368
300.459
300.562
300.673
300.791
300.913
301.037
299.001
299.202
299.398
299.582
299.748
299.893
300.015
300.115
300.194
300.254
300.3
300.333
300.357
300.374
300.386
300.394
300.399
300.402
300.404
300.404
300.404
300.404
300.404
300.403
300.402
300.401
300.401
300.4
300.399
300.398
300.397
300.396
300.395
300.394
300.392
300.391
300.389
300.388
300.386
300.383
300.381
300.378
300.376
300.372
300.369
300.366
300.362
300.358
300.353
300.348
300.344
300.338
300.333
300.327
300.321
300.315
300.308
300.301
300.294
300.287
300.279
300.271
300.263
300.255
300.247
300.238
300.229
300.22
300.211
300.202
300.192
300.182
300.172
300.162
300.151
300.14
300.13
300.119
300.108
300.098
300.088
300.079
300.071
300.066
300.063
300.064
300.071
300.085
300.107
300.138
300.181
300.235
300.302
300.38
300.471
300.571
300.68
300.796
300.916
301.039
299.002
299.206
299.403
299.589
299.757
299.903
300.025
300.125
300.204
300.264
300.31
300.343
300.367
300.384
300.396
300.404
300.409
300.412
300.414
300.415
300.415
300.415
300.415
300.414
300.414
300.413
300.413
300.412
300.411
300.411
300.41
300.409
300.408
300.407
300.405
300.404
300.402
300.4
300.398
300.396
300.394
300.391
300.388
300.385
300.381
300.378
300.374
300.369
300.365
300.36
300.355
300.349
300.344
300.338
300.331
300.325
300.318
300.311
300.303
300.296
300.288
300.28
300.271
300.263
300.254
300.245
300.236
300.227
300.217
300.208
300.198
300.188
300.177
300.167
300.156
300.146
300.135
300.124
300.114
300.104
300.094
300.086
300.079
300.074
300.072
300.074
300.082
300.097
300.12
300.152
300.195
300.249
300.315
300.393
300.482
300.581
300.689
300.802
300.92
301.04
299.003
299.209
299.409
299.596
299.766
299.912
300.035
300.135
300.214
300.274
300.319
300.353
300.377
300.394
300.406
300.413
300.419
300.422
300.424
300.425
300.426
300.426
300.426
300.426
300.425
300.425
300.424
300.424
300.423
300.423
300.422
300.421
300.42
300.419
300.418
300.416
300.415
300.413
300.411
300.409
300.406
300.403
300.4
300.397
300.393
300.39
300.385
300.381
300.376
300.371
300.366
300.36
300.354
300.348
300.341
300.334
300.327
300.32
300.312
300.304
300.296
300.288
300.279
300.27
300.261
300.252
300.243
300.233
300.223
300.213
300.203
300.193
300.182
300.172
300.161
300.151
300.14
300.129
300.119
300.109
300.1
300.092
300.086
300.082
300.082
300.085
300.094
300.11
300.134
300.167
300.21
300.264
300.33
300.407
300.495
300.592
300.697
300.808
300.924
301.041
299.005
299.213
299.415
299.604
299.774
299.922
300.045
300.145
300.223
300.284
300.329
300.362
300.386
300.403
300.415
300.423
300.428
300.432
300.434
300.435
300.436
300.436
300.437
300.436
300.436
300.436
300.436
300.435
300.435
300.435
300.434
300.433
300.432
300.431
300.43
300.429
300.427
300.425
300.423
300.421
300.418
300.415
300.412
300.409
300.405
300.401
300.397
300.392
300.387
300.382
300.377
300.371
300.365
300.358
300.351
300.344
300.337
300.329
300.321
300.313
300.305
300.296
300.287
300.278
300.269
300.259
300.249
300.239
300.229
300.219
300.209
300.198
300.188
300.177
300.166
300.156
300.145
300.135
300.125
300.116
300.107
300.1
300.095
300.092
300.092
300.097
300.107
300.124
300.149
300.183
300.226
300.281
300.346
300.422
300.508
300.603
300.706
300.815
300.928
301.042
299.006
299.217
299.421
299.612
299.783
299.931
300.055
300.155
300.233
300.293
300.338
300.371
300.395
300.412
300.424
300.432
300.438
300.441
300.444
300.445
300.446
300.447
300.447
300.447
300.447
300.447
300.447
300.447
300.447
300.446
300.446
300.445
300.444
300.443
300.442
300.441
300.439
300.437
300.435
300.433
300.43
300.427
300.424
300.421
300.417
300.413
300.408
300.404
300.398
300.393
300.387
300.381
300.375
300.368
300.361
300.354
300.346
300.339
300.33
300.322
300.313
300.304
300.295
300.286
300.276
300.266
300.256
300.246
300.236
300.225
300.215
300.204
300.193
300.183
300.172
300.161
300.151
300.141
300.131
300.123
300.115
300.108
300.104
300.102
300.104
300.11
300.122
300.14
300.165
300.2
300.244
300.298
300.363
300.438
300.522
300.615
300.716
300.822
300.932
301.044
299.007
299.22
299.427
299.619
299.792
299.941
300.064
300.164
300.243
300.303
300.347
300.38
300.404
300.421
300.433
300.441
300.447
300.451
300.453
300.455
300.456
300.457
300.457
300.458
300.458
300.458
300.458
300.458
300.458
300.457
300.457
300.456
300.456
300.455
300.454
300.452
300.451
300.449
300.447
300.444
300.442
300.439
300.436
300.432
300.428
300.424
300.42
300.415
300.41
300.404
300.398
300.392
300.386
300.379
300.372
300.364
300.356
300.348
300.34
300.331
300.322
300.313
300.304
300.294
300.284
300.274
300.264
300.253
300.243
300.232
300.221
300.21
300.2
300.189
300.178
300.168
300.158
300.148
300.139
300.131
300.124
300.118
300.115
300.114
300.117
300.125
300.137
300.156
300.183
300.218
300.262
300.316
300.38
300.454
300.537
300.628
300.726
300.829
300.936
301.045
299.009
299.224
299.433
299.627
299.801
299.95
300.074
300.174
300.252
300.312
300.356
300.389
300.413
300.43
300.442
300.45
300.456
300.46
300.463
300.464
300.466
300.467
300.467
300.468
300.468
300.469
300.469
300.469
300.469
300.469
300.468
300.468
300.467
300.466
300.465
300.464
300.462
300.46
300.458
300.456
300.453
300.451
300.447
300.444
300.44
300.436
300.431
300.426
300.421
300.415
300.41
300.403
300.397
300.39
300.382
300.375
300.367
300.359
300.35
300.341
300.332
300.323
300.313
300.303
300.293
300.283
300.272
300.261
300.251
300.24
300.229
300.218
300.207
300.196
300.186
300.175
300.166
300.156
300.148
300.14
300.134
300.13
300.127
300.128
300.132
300.141
300.155
300.175
300.202
300.238
300.282
300.336
300.399
300.471
300.552
300.641
300.736
300.837
300.941
301.047
299.01
299.228
299.439
299.635
299.809
299.959
300.084
300.183
300.261
300.321
300.365
300.398
300.421
300.438
300.45
300.459
300.465
300.469
300.472
300.474
300.475
300.476
300.477
300.478
300.478
300.479
300.479
300.479
300.479
300.479
300.479
300.479
300.478
300.477
300.476
300.475
300.474
300.472
300.47
300.468
300.465
300.462
300.459
300.455
300.452
300.447
300.443
300.438
300.433
300.427
300.421
300.415
300.408
300.401
300.394
300.386
300.378
300.37
300.361
300.352
300.343
300.333
300.323
300.313
300.303
300.292
300.282
300.271
300.26
300.249
300.238
300.227
300.216
300.205
300.195
300.185
300.175
300.166
300.158
300.152
300.146
300.143
300.142
300.143
300.149
300.159
300.174
300.195
300.223
300.259
300.304
300.357
300.419
300.489
300.568
300.655
300.747
300.845
300.946
301.048
299.011
299.232
299.445
299.643
299.818
299.969
300.093
300.192
300.27
300.329
300.373
300.406
300.43
300.447
300.459
300.467
300.473
300.477
300.48
300.483
300.484
300.486
300.487
300.488
300.488
300.489
300.489
300.49
300.49
300.49
300.49
300.489
300.489
300.488
300.487
300.486
300.485
300.483
300.481
300.479
300.476
300.474
300.47
300.467
300.463
300.459
300.455
300.45
300.445
300.439
300.433
300.427
300.42
300.413
300.406
300.398
300.39
300.382
300.373
300.364
300.355
300.345
300.335
300.325
300.314
300.304
300.293
300.282
300.271
300.26
300.249
300.238
300.227
300.216
300.206
300.196
300.187
300.178
300.171
300.165
300.161
300.158
300.158
300.161
300.168
300.179
300.195
300.217
300.246
300.282
300.326
300.378
300.439
300.508
300.585
300.669
300.759
300.853
300.951
301.05
299.013
299.236
299.452
299.651
299.828
299.978
300.102
300.202
300.279
300.338
300.382
300.414
300.438
300.454
300.467
300.475
300.481
300.486
300.489
300.491
300.493
300.495
300.496
300.497
300.498
300.498
300.499
300.499
300.5
300.5
300.5
300.5
300.499
300.499
300.498
300.497
300.496
300.494
300.492
300.49
300.488
300.485
300.482
300.479
300.475
300.471
300.467
300.462
300.457
300.452
300.446
300.44
300.433
300.426
300.419
300.411
300.403
300.395
300.386
300.377
300.368
300.358
300.348
300.338
300.327
300.317
300.306
300.295
300.284
300.273
300.262
300.251
300.24
300.229
300.219
300.21
300.201
300.193
300.186
300.181
300.177
300.176
300.177
300.181
300.189
300.201
300.218
300.241
300.27
300.306
300.35
300.401
300.461
300.528
300.603
300.684
300.771
300.862
300.956
301.052
299.014
299.24
299.458
299.659
299.837
299.988
300.112
300.211
300.287
300.346
300.389
300.422
300.445
300.462
300.474
300.483
300.489
300.494
300.497
300.5
300.502
300.503
300.505
300.506
300.507
300.508
300.508
300.509
300.509
300.51
300.51
300.51
300.509
300.509
300.508
300.507
300.506
300.505
300.503
300.501
300.499
300.497
300.494
300.491
300.487
300.483
300.479
300.475
300.47
300.464
300.459
300.453
300.447
300.44
300.433
300.425
300.417
300.409
300.401
300.392
300.382
300.373
300.363
300.353
300.342
300.332
300.321
300.31
300.299
300.288
300.277
300.266
300.255
300.245
300.235
300.226
300.218
300.21
300.204
300.2
300.197
300.196
300.198
300.203
300.212
300.225
300.243
300.266
300.296
300.332
300.375
300.426
300.484
300.549
300.621
300.699
300.783
300.871
300.961
301.054
299.016
299.245
299.465
299.668
299.846
299.998
300.121
300.219
300.296
300.354
300.397
300.429
300.452
300.469
300.481
300.49
300.496
300.501
300.505
300.508
300.51
300.512
300.513
300.514
300.516
300.517
300.517
300.518
300.519
300.519
300.519
300.519
300.519
300.519
300.518
300.518
300.517
300.515
300.514
300.512
300.51
300.508
300.505
300.502
300.499
300.495
300.492
300.487
300.483
300.478
300.472
300.467
300.461
300.454
300.447
300.44
300.433
300.425
300.416
300.408
300.399
300.389
300.38
300.37
300.36
300.349
300.338
300.328
300.317
300.306
300.295
300.284
300.274
300.264
300.254
300.245
300.238
300.231
300.225
300.221
300.22
300.22
300.223
300.229
300.238
300.252
300.27
300.294
300.323
300.359
300.401
300.451
300.507
300.57
300.64
300.715
300.796
300.88
300.967
301.056
299.017
299.25
299.472
299.677
299.856
300.007
300.131
300.228
300.304
300.361
300.404
300.436
300.459
300.476
300.488
300.497
300.503
300.508
300.512
300.515
300.517
300.519
300.521
300.523
300.524
300.525
300.526
300.527
300.527
300.528
300.528
300.529
300.529
300.528
300.528
300.527
300.527
300.526
300.524
300.523
300.521
300.519
300.517
300.514
300.511
300.508
300.504
300.5
300.496
300.491
300.486
300.481
300.475
300.469
300.463
300.456
300.449
300.441
300.433
300.425
300.416
300.407
300.398
300.389
300.379
300.368
300.358
300.348
300.337
300.326
300.316
300.305
300.295
300.286
300.276
300.268
300.261
300.254
300.25
300.246
300.245
300.246
300.25
300.256
300.266
300.281
300.299
300.323
300.352
300.388
300.429
300.477
300.532
300.593
300.659
300.732
300.809
300.889
300.973
301.057
299.019
299.255
299.48
299.686
299.866
300.017
300.14
300.237
300.312
300.368
300.411
300.442
300.465
300.482
300.494
300.503
300.51
300.515
300.519
300.522
300.525
300.527
300.529
300.53
300.532
300.533
300.534
300.535
300.536
300.536
300.537
300.537
300.537
300.537
300.537
300.537
300.536
300.535
300.534
300.533
300.532
300.53
300.528
300.525
300.523
300.52
300.517
300.513
300.509
300.505
300.5
300.496
300.49
300.485
300.479
300.473
300.466
300.459
300.451
300.444
300.435
300.427
300.418
300.409
300.4
300.39
300.38
300.37
300.36
300.35
300.34
300.33
300.32
300.311
300.302
300.294
300.287
300.281
300.277
300.274
300.274
300.275
300.28
300.287
300.297
300.312
300.331
300.354
300.383
300.418
300.458
300.505
300.557
300.616
300.679
300.749
300.822
300.899
300.978
301.059
299.021
299.26
299.488
299.696
299.876
300.027
300.149
300.245
300.319
300.375
300.417
300.448
300.471
300.488
300.5
300.509
300.516
300.521
300.525
300.529
300.531
300.534
300.536
300.537
300.539
300.54
300.542
300.543
300.544
300.544
300.545
300.545
300.546
300.546
300.546
300.546
300.545
300.545
300.544
300.543
300.542
300.54
300.539
300.537
300.534
300.532
300.529
300.526
300.522
300.519
300.515
300.51
300.506
300.501
300.495
300.49
300.483
300.477
300.47
300.463
300.456
300.448
300.44
300.431
300.422
300.413
300.404
300.395
300.385
300.376
300.366
300.357
300.347
300.339
300.331
300.323
300.317
300.311
300.308
300.306
300.305
300.308
300.312
300.32
300.331
300.345
300.364
300.388
300.416
300.449
300.488
300.533
300.583
300.639
300.7
300.766
300.836
300.909
300.985
301.061
299.023
299.265
299.496
299.706
299.887
300.038
300.159
300.254
300.327
300.382
300.423
300.454
300.477
300.493
300.506
300.515
300.522
300.527
300.531
300.535
300.538
300.54
300.542
300.544
300.546
300.547
300.548
300.55
300.551
300.552
300.552
300.553
300.554
300.554
300.554
300.554
300.554
300.554
300.553
300.553
300.552
300.55
300.549
300.547
300.546
300.543
300.541
300.538
300.536
300.532
300.529
300.525
300.521
300.517
300.512
300.507
300.501
300.496
300.49
300.483
300.477
300.47
300.462
300.455
300.447
300.438
300.43
300.421
300.413
300.404
300.395
300.386
300.378
300.37
300.362
300.355
300.35
300.345
300.342
300.34
300.34
300.343
300.348
300.356
300.367
300.381
300.4
300.423
300.45
300.482
300.52
300.562
300.61
300.664
300.721
300.784
300.85
300.919
300.991
301.063
299.025
299.271
299.505
299.716
299.898
300.048
300.168
300.262
300.334
300.388
300.429
300.459
300.482
300.498
300.51
300.52
300.527
300.532
300.537
300.54
300.543
300.546
300.548
300.55
300.552
300.553
300.555
300.556
300.557
300.558
300.559
300.56
300.561
300.561
300.562
300.562
300.562
300.562
300.562
300.561
300.561
300.56
300.559
300.558
300.556
300.555
300.553
300.55
300.548
300.545
300.543
300.539
300.536
300.532
300.528
300.524
300.519
300.514
300.509
300.504
300.498
300.492
300.486
300.479
300.472
300.465
300.457
300.45
300.442
300.434
300.426
300.418
300.411
300.403
300.397
300.391
300.385
300.381
300.378
300.377
300.378
300.381
300.386
300.394
300.405
300.419
300.437
300.459
300.486
300.517
300.552
300.593
300.638
300.689
300.743
300.802
300.864
300.93
300.997
301.066
299.027
299.277
299.513
299.726
299.908
300.058
300.177
300.27
300.34
300.394
300.434
300.464
300.486
300.502
300.515
300.524
300.531
300.537
300.541
300.545
300.548
300.551
300.553
300.555
300.557
300.559
300.561
300.562
300.563
300.564
300.566
300.566
300.567
300.568
300.569
300.569
300.569
300.57
300.57
300.569
300.569
300.569
300.568
300.567
300.566
300.565
300.564
300.562
300.56
300.558
300.556
300.553
300.55
300.547
300.544
300.541
300.537
300.533
300.529
300.524
300.519
300.514
300.509
300.503
300.498
300.491
300.485
300.479
300.472
300.465
300.459
300.452
300.445
300.439
300.433
300.428
300.424
300.42
300.418
300.417
300.418
300.421
300.426
300.434
300.445
300.459
300.476
300.498
300.523
300.552
300.586
300.624
300.667
300.714
300.766
300.821
300.879
300.94
301.004
301.068
299.029
299.283
299.522
299.737
299.919
300.068
300.186
300.277
300.347
300.399
300.438
300.468
300.489
300.506
300.518
300.528
300.535
300.541
300.545
300.549
300.553
300.555
300.558
300.56
300.562
300.564
300.566
300.567
300.569
300.57
300.571
300.572
300.573
300.574
300.575
300.575
300.576
300.576
300.577
300.577
300.577
300.577
300.576
300.576
300.575
300.575
300.574
300.572
300.571
300.57
300.568
300.566
300.564
300.562
300.559
300.557
300.554
300.551
300.547
300.544
300.54
300.536
300.532
300.528
300.523
300.518
300.513
300.508
300.503
300.497
300.492
300.486
300.481
300.476
300.471
300.467
300.464
300.461
300.459
300.459
300.46
300.464
300.469
300.477
300.487
300.501
300.517
300.537
300.561
300.589
300.621
300.657
300.697
300.741
300.789
300.84
300.894
300.951
301.01
301.07
299.031
299.289
299.531
299.747
299.929
300.077
300.194
300.283
300.352
300.403
300.442
300.471
300.492
300.509
300.521
300.531
300.538
300.544
300.549
300.553
300.556
300.559
300.562
300.564
300.566
300.568
300.57
300.572
300.573
300.575
300.576
300.577
300.578
300.579
300.58
300.581
300.582
300.582
300.583
300.583
300.584
300.584
300.584
300.584
300.584
300.583
300.583
300.582
300.581
300.58
300.579
300.578
300.577
300.575
300.573
300.572
300.57
300.567
300.565
300.563
300.56
300.557
300.554
300.551
300.548
300.544
300.54
300.537
300.533
300.529
300.525
300.521
300.517
300.513
300.51
300.507
300.504
300.503
300.502
300.502
300.504
300.508
300.513
300.521
300.531
300.544
300.559
300.578
300.601
300.627
300.656
300.69
300.727
300.768
300.812
300.859
300.91
300.963
301.017
301.072
299.033
299.295
299.54
299.756
299.938
300.085
300.2
300.289
300.356
300.407
300.444
300.473
300.494
300.511
300.523
300.533
300.54
300.547
300.552
300.556
300.559
300.563
300.565
300.568
300.57
300.572
300.574
300.576
300.577
300.579
300.58
300.581
300.583
300.584
300.585
300.586
300.587
300.588
300.588
300.589
300.59
300.59
300.59
300.591
300.591
300.591
300.591
300.591
300.59
300.59
300.589
300.589
300.588
300.587
300.586
300.585
300.584
300.583
300.581
300.58
300.578
300.576
300.575
300.573
300.571
300.568
300.566
300.564
300.562
300.559
300.557
300.554
300.552
300.55
300.548
300.546
300.545
300.545
300.545
300.546
300.548
300.552
300.558
300.565
300.575
300.587
300.602
300.62
300.641
300.665
300.692
300.723
300.757
300.795
300.835
300.879
300.925
300.974
301.024
301.074
299.035
299.301
299.548
299.765
299.946
300.092
300.206
300.293
300.359
300.408
300.446
300.474
300.495
300.512
300.524
300.534
300.542
300.549
300.554
300.558
300.562
300.565
300.568
300.571
300.573
300.575
300.577
300.579
300.581
300.582
300.584
300.585
300.586
300.588
300.589
300.59
300.591
300.592
300.593
300.594
300.595
300.595
300.596
300.597
300.597
300.597
300.598
300.598
300.598
300.598
300.598
300.598
300.598
300.598
300.597
300.597
300.597
300.596
300.596
300.595
300.594
300.594
300.593
300.592
300.591
300.591
300.59
300.589
300.588
300.587
300.586
300.586
300.585
300.584
300.584
300.584
300.584
300.585
300.586
300.588
300.591
300.596
300.602
300.61
300.619
300.631
300.645
300.662
300.681
300.703
300.728
300.756
300.788
300.822
300.859
300.899
300.941
300.985
301.03
301.077
299.037
299.305
299.554
299.771
299.952
300.097
300.209
300.295
300.36
300.409
300.446
300.474
300.495
300.512
300.525
300.535
300.543
300.55
300.555
300.56
300.564
300.567
300.57
300.573
300.575
300.578
300.58
300.582
300.583
300.585
300.587
300.588
300.589
300.591
300.592
300.593
300.595
300.596
300.597
300.598
300.599
300.6
300.601
300.602
300.602
300.603
300.604
300.604
300.605
300.605
300.606
300.606
300.606
300.607
300.607
300.607
300.607
300.608
300.608
300.608
300.608
300.609
300.609
300.609
300.61
300.61
300.61
300.611
300.611
300.612
300.613
300.614
300.614
300.616
300.617
300.618
300.62
300.622
300.625
300.628
300.632
300.637
300.644
300.652
300.661
300.673
300.686
300.702
300.72
300.74
300.763
300.789
300.817
300.848
300.881
300.917
300.955
300.995
301.037
301.079
299.039
299.309
299.558
299.775
299.955
300.098
300.209
300.294
300.358
300.407
300.444
300.472
300.494
300.511
300.524
300.534
300.543
300.55
300.556
300.561
300.565
300.569
300.572
300.575
300.577
300.579
300.582
300.584
300.585
300.587
300.589
300.59
300.592
300.593
300.595
300.596
300.597
300.599
300.6
300.601
300.602
300.603
300.605
300.606
300.607
300.608
300.608
300.609
300.61
300.611
300.612
300.613
300.613
300.614
300.615
300.615
300.616
300.617
300.618
300.619
300.62
300.621
300.622
300.623
300.625
300.626
300.628
300.629
300.631
300.633
300.635
300.637
300.64
300.642
300.645
300.648
300.651
300.655
300.659
300.664
300.669
300.675
300.682
300.69
300.7
300.711
300.724
300.739
300.756
300.774
300.796
300.819
300.844
300.872
300.903
300.935
300.969
301.005
301.042
301.081
299.039
299.31
299.559
299.775
299.953
300.095
300.205
300.29
300.354
300.403
300.44
300.469
300.491
300.508
300.522
300.533
300.542
300.55
300.556
300.561
300.565
300.569
300.573
300.576
300.578
300.581
300.583
300.585
300.587
300.589
300.591
300.592
300.594
300.595
300.597
300.598
300.6
300.601
300.602
300.604
300.605
300.606
300.607
300.609
300.61
300.611
300.612
300.613
300.614
300.615
300.617
300.618
300.619
300.62
300.621
300.622
300.623
300.625
300.626
300.627
300.629
300.631
300.632
300.634
300.637
300.639
300.641
300.644
300.647
300.65
300.653
300.656
300.66
300.664
300.668
300.672
300.677
300.682
300.687
300.693
300.7
300.707
300.715
300.723
300.733
300.745
300.757
300.771
300.787
300.805
300.824
300.845
300.869
300.894
300.921
300.95
300.981
301.014
301.048
301.082
299.039
299.309
299.556
299.77
299.947
300.088
300.197
300.282
300.347
300.396
300.434
300.464
300.487
300.505
300.52
300.531
300.541
300.549
300.555
300.561
300.566
300.57
300.573
300.576
300.579
300.582
300.584
300.586
300.588
300.59
300.592
300.594
300.595
300.597
300.598
300.6
300.601
300.603
300.604
300.606
300.607
300.608
300.61
300.611
300.612
300.614
300.615
300.616
300.618
300.619
300.62
300.621
300.623
300.624
300.625
300.627
300.628
300.63
300.632
300.634
300.636
300.638
300.64
300.643
300.645
300.648
300.651
300.654
300.658
300.662
300.666
300.67
300.675
300.679
300.685
300.69
300.696
300.702
300.708
300.715
300.723
300.731
300.74
300.749
300.76
300.771
300.784
300.797
300.813
300.829
300.847
300.867
300.888
300.911
300.936
300.963
300.991
301.021
301.052
301.084
299.038
299.304
299.548
299.759
299.934
300.075
300.185
300.27
300.336
300.387
300.427
300.458
300.482
300.501
300.517
300.529
300.539
300.547
300.554
300.56
300.565
300.57
300.573
300.577
300.58
300.582
300.585
300.587
300.589
300.591
300.593
300.594
300.596
300.598
300.599
300.601
300.602
300.604
300.605
300.607
300.608
300.61
300.611
300.613
300.614
300.615
300.617
300.618
300.62
300.621
300.623
300.624
300.625
300.627
300.629
300.63
300.632
300.634
300.636
300.638
300.64
300.642
300.645
300.648
300.651
300.654
300.658
300.661
300.665
300.67
300.674
300.679
300.684
300.69
300.695
300.702
300.708
300.715
300.722
300.73
300.738
300.747
300.757
300.767
300.777
300.789
300.802
300.816
300.83
300.846
300.864
300.882
300.903
300.924
300.947
300.972
300.998
301.026
301.055
301.085
299.035
299.296
299.536
299.744
299.917
300.058
300.169
300.256
300.324
300.377
300.419
300.451
300.477
300.497
300.513
300.527
300.537
300.546
300.553
300.56
300.565
300.569
300.573
300.577
300.58
300.583
300.585
300.587
300.589
300.591
300.593
300.595
300.597
300.598
300.6
300.602
300.603
300.605
300.606
300.608
300.609
300.611
300.612
300.614
300.615
300.617
300.618
300.619
300.621
300.622
300.624
300.626
300.627
300.629
300.63
300.632
300.634
300.636
300.638
300.64
300.643
300.645
300.648
300.651
300.654
300.657
300.661
300.665
300.669
300.674
300.679
300.684
300.689
300.695
300.701
300.708
300.715
300.722
300.73
300.738
300.747
300.756
300.766
300.776
300.787
300.799
300.812
300.826
300.841
300.856
300.873
300.891
300.911
300.932
300.954
300.977
301.003
301.029
301.057
301.086
299.032
299.288
299.523
299.728
299.901
300.042
300.156
300.245
300.315
300.37
300.413
300.446
300.473
300.494
300.511
300.525
300.536
300.545
300.553
300.559
300.565
300.569
300.573
300.577
300.58
300.583
300.585
300.587
300.59
300.592
300.593
300.595
300.597
300.599
300.6
300.602
300.603
300.605
300.606
300.608
300.609
300.611
300.612
300.614
300.615
300.617
300.618
300.62
300.621
300.623
300.625
300.626
300.628
300.629
300.631
300.633
300.635
300.637
300.639
300.641
300.644
300.646
300.649
300.652
300.655
300.659
300.662
300.666
300.671
300.675
300.68
300.685
300.691
300.697
300.703
300.71
300.717
300.724
300.732
300.74
300.749
300.759
300.769
300.779
300.791
300.803
300.816
300.829
300.844
300.86
300.877
300.895
300.914
300.934
300.956
300.98
301.004
301.031
301.058
301.086
)
;

boundaryField
{
    Adiabatic_walls
    {
        type            zeroGradient;
    }
    Left
    {
        type            fixedValue;
        value           uniform 298.9;
    }
    Right
    {
        type            fixedValue;
        value           uniform 301.1;
    }
    frontAndBack
    {
        type            empty;
    }
}

