/*--------------------------------*- C++ -*----------------------------------*\
  =========                 |
  \\      /  F ield         | OpenFOAM: The Open Source CFD Toolbox
   \\    /   O peration     | Website:  https://openfoam.org
    \\  /    A nd           | Version:  6
     \\/     M anipulation  |
\*---------------------------------------------------------------------------*/
FoamFile
{
    version     2.0;
    format      ascii;
    class       volScalarField;
    location    "0";
    object      TRec;
}
// * * * * * * * * * * * * * * * * * * * * * * * * * * * * * * * * * * * * * //

dimensions      [0 0 0 1 0 0 0];

internalField   nonuniform List<scalar> 
10000
(
298.616
298.649
298.681
298.711
298.74
298.767
298.793
298.816
298.838
298.859
298.878
298.895
298.911
298.926
298.94
298.953
298.966
298.977
298.988
298.998
299.008
299.017
299.026
299.034
299.042
299.05
299.058
299.065
299.072
299.079
299.085
299.092
299.098
299.105
299.111
299.117
299.123
299.128
299.134
299.14
299.145
299.151
299.156
299.161
299.166
299.17
299.175
299.179
299.183
299.187
299.19
299.193
299.196
299.199
299.201
299.204
299.206
299.208
299.21
299.211
299.213
299.215
299.217
299.218
299.22
299.222
299.224
299.226
299.228
299.23
299.232
299.235
299.237
299.24
299.243
299.246
299.25
299.253
299.257
299.262
299.267
299.274
299.281
299.29
299.301
299.314
299.331
299.354
299.383
299.42
299.471
299.537
299.626
299.742
299.894
300.088
300.33
300.621
300.954
301.315
298.617
298.65
298.682
298.713
298.743
298.77
298.796
298.82
298.842
298.863
298.882
298.899
298.916
298.931
298.944
298.957
298.969
298.98
298.991
299.001
299.01
299.019
299.028
299.036
299.044
299.051
299.058
299.066
299.072
299.079
299.086
299.092
299.098
299.104
299.11
299.116
299.122
299.128
299.133
299.139
299.144
299.15
299.155
299.16
299.165
299.17
299.174
299.178
299.182
299.186
299.19
299.193
299.196
299.199
299.201
299.204
299.206
299.208
299.21
299.212
299.213
299.215
299.217
299.219
299.22
299.222
299.224
299.226
299.228
299.23
299.233
299.235
299.238
299.24
299.243
299.246
299.25
299.253
299.257
299.262
299.267
299.273
299.28
299.288
299.299
299.311
299.328
299.349
299.376
299.412
299.46
299.523
299.608
299.721
299.87
300.063
300.306
300.602
300.942
301.31
298.618
298.652
298.686
298.719
298.749
298.778
298.805
298.83
298.853
298.875
298.894
298.912
298.928
298.943
298.956
298.969
298.98
298.99
299
299.009
299.018
299.026
299.034
299.041
299.048
299.055
299.062
299.069
299.075
299.081
299.087
299.093
299.099
299.105
299.11
299.116
299.121
299.127
299.132
299.138
299.143
299.149
299.154
299.159
299.164
299.169
299.173
299.178
299.182
299.186
299.189
299.193
299.196
299.199
299.201
299.204
299.206
299.208
299.21
299.212
299.214
299.216
299.218
299.22
299.221
299.223
299.225
299.227
299.229
299.231
299.233
299.236
299.238
299.241
299.244
299.247
299.25
299.253
299.257
299.262
299.266
299.272
299.278
299.286
299.296
299.308
299.322
299.342
299.367
299.4
299.445
299.505
299.586
299.696
299.843
300.035
300.281
300.581
300.928
301.306
298.619
298.656
298.692
298.727
298.76
298.791
298.82
298.847
298.872
298.895
298.915
298.934
298.95
298.965
298.978
298.99
299
299.01
299.018
299.026
299.033
299.04
299.047
299.053
299.059
299.064
299.07
299.075
299.081
299.086
299.091
299.096
299.101
299.106
299.112
299.117
299.122
299.127
299.132
299.137
299.142
299.148
299.153
299.158
299.163
299.167
299.172
299.177
299.181
299.185
299.189
299.193
299.196
299.199
299.202
299.205
299.207
299.21
299.212
299.214
299.216
299.218
299.219
299.221
299.223
299.225
299.227
299.229
299.231
299.233
299.235
299.237
299.24
299.242
299.245
299.248
299.251
299.254
299.258
299.262
299.266
299.271
299.277
299.284
299.293
299.304
299.317
299.335
299.358
299.389
299.431
299.489
299.567
299.675
299.82
300.013
300.261
300.566
300.919
301.303
298.62
298.661
298.7
298.738
298.774
298.809
298.841
298.871
298.898
298.922
298.944
298.964
298.981
298.996
299.009
299.02
299.03
299.038
299.045
299.05
299.057
299.062
299.067
299.071
299.075
299.079
299.083
299.087
299.091
299.095
299.099
299.103
299.107
299.111
299.115
299.119
299.124
299.128
299.133
299.138
299.143
299.147
299.152
299.157
299.162
299.167
299.171
299.176
299.18
299.185
299.189
299.193
299.196
299.2
299.203
299.206
299.209
299.211
299.213
299.216
299.218
299.22
299.222
299.224
299.226
299.228
299.23
299.232
299.234
299.236
299.238
299.24
299.242
299.245
299.247
299.25
299.253
299.256
299.259
299.263
299.267
299.272
299.277
299.283
299.291
299.301
299.313
299.33
299.351
299.38
299.42
299.476
299.553
299.659
299.805
299.999
300.25
300.558
300.915
301.302
298.622
298.667
298.71
298.752
298.792
298.83
298.866
298.899
298.929
298.956
298.98
299.001
299.019
299.034
299.047
299.058
299.066
299.073
299.079
299.083
299.087
299.09
299.093
299.095
299.098
299.099
299.101
299.103
299.105
299.107
299.11
299.112
299.115
299.118
299.121
299.124
299.128
299.132
299.136
299.14
299.144
299.148
299.153
299.158
299.162
299.167
299.171
299.176
299.181
299.185
299.189
299.193
299.197
299.201
299.204
299.207
299.21
299.213
299.216
299.218
299.221
299.223
299.225
299.227
299.229
299.231
299.233
299.235
299.237
299.239
299.241
299.243
299.246
299.248
299.25
299.253
299.255
299.258
299.261
299.265
299.269
299.273
299.278
299.283
299.291
299.299
299.311
299.326
299.346
299.374
299.413
299.467
299.544
299.65
299.796
299.992
300.246
300.556
300.915
301.302
298.625
298.673
298.721
298.768
298.813
298.855
298.894
298.931
298.964
298.993
299.019
299.042
299.061
299.077
299.09
299.101
299.109
299.115
299.119
299.121
299.121
299.126
299.126
299.126
299.125
299.125
299.125
299.124
299.124
299.124
299.125
299.125
299.127
299.128
299.13
299.132
299.134
299.137
299.14
299.144
299.147
299.151
299.155
299.159
299.164
299.168
299.173
299.177
299.182
299.186
299.19
299.195
299.199
299.202
299.206
299.21
299.213
299.216
299.219
299.222
299.224
299.227
299.229
299.231
299.233
299.235
299.237
299.239
299.241
299.243
299.246
299.248
299.25
299.252
299.254
299.257
299.259
299.262
299.265
299.268
299.271
299.275
299.279
299.285
299.291
299.299
299.31
299.324
299.343
299.37
299.409
299.463
299.539
299.646
299.794
299.992
300.247
300.559
300.917
301.303
298.627
298.681
298.734
298.785
298.834
298.881
298.925
298.965
299.001
299.033
299.062
299.086
299.107
299.124
299.137
299.147
299.155
299.16
299.163
299.164
299.163
299.164
299.162
299.16
299.157
299.155
299.152
299.149
299.147
299.145
299.143
299.142
299.141
299.141
299.141
299.142
299.143
299.145
299.147
299.149
299.152
299.155
299.159
299.162
299.166
299.171
299.175
299.179
299.184
299.188
299.192
299.197
299.201
299.205
299.209
299.213
299.216
299.219
299.223
299.226
299.228
299.231
299.233
299.236
299.238
299.24
299.242
299.245
299.247
299.249
299.251
299.253
299.255
299.257
299.259
299.261
299.264
299.266
299.269
299.272
299.275
299.278
299.282
299.287
299.293
299.301
299.311
299.324
299.343
299.369
299.407
299.461
299.538
299.647
299.796
299.996
300.252
300.565
300.921
301.304
298.63
298.688
298.746
298.803
298.857
298.908
298.956
299
299.04
299.075
299.106
299.132
299.154
299.172
299.186
299.196
299.203
299.208
299.21
299.21
299.208
299.203
299.202
299.198
299.193
299.188
299.182
299.177
299.173
299.168
299.165
299.161
299.159
299.157
299.155
299.154
299.154
299.155
299.156
299.157
299.159
299.161
299.164
299.167
299.171
299.175
299.179
299.183
299.187
299.191
299.196
299.2
299.204
299.208
299.212
299.216
299.22
299.224
299.227
299.23
299.233
299.236
299.239
299.241
299.244
299.246
299.248
299.25
299.253
299.255
299.257
299.259
299.261
299.263
299.265
299.267
299.269
299.272
299.274
299.277
299.28
299.283
299.286
299.291
299.296
299.303
299.313
299.326
299.344
299.371
299.408
299.463
299.541
299.651
299.802
300.003
300.261
300.572
300.927
301.307
298.632
298.696
298.759
298.821
298.88
298.936
298.988
299.036
299.079
299.117
299.15
299.178
299.201
299.22
299.235
299.245
299.252
299.256
299.257
299.256
299.252
299.246
299.245
299.238
299.23
299.223
299.215
299.208
299.201
299.194
299.188
299.183
299.179
299.175
299.172
299.169
299.168
299.167
299.166
299.167
299.168
299.169
299.171
299.174
299.177
299.18
299.184
299.187
299.191
299.196
299.2
299.204
299.208
299.213
299.217
299.221
299.225
299.229
299.232
299.236
299.239
299.242
299.245
299.247
299.25
299.252
299.255
299.257
299.259
299.261
299.264
299.266
299.268
299.27
299.272
299.274
299.276
299.278
299.28
299.283
299.285
299.288
299.292
299.296
299.301
299.307
299.316
299.329
299.347
299.374
299.412
299.467
299.546
299.657
299.81
300.013
300.271
300.582
300.934
301.309
298.635
298.704
298.772
298.839
298.902
298.963
299.019
299.071
299.117
299.158
299.194
299.224
299.248
299.268
299.283
299.294
299.301
299.304
299.305
299.302
299.297
299.29
299.285
299.277
299.268
299.259
299.249
299.24
299.231
299.222
299.214
299.207
299.2
299.195
299.19
299.186
299.183
299.181
299.179
299.178
299.178
299.179
299.18
299.182
299.184
299.187
299.19
299.194
299.197
299.201
299.205
299.21
299.214
299.218
299.222
299.226
299.23
299.234
299.238
299.242
299.245
299.248
299.251
299.254
299.257
299.259
299.262
299.264
299.266
299.269
299.271
299.273
299.275
299.277
299.279
299.281
299.283
299.285
299.287
299.289
299.292
299.294
299.297
299.301
299.306
299.312
299.321
299.334
299.352
299.378
299.417
299.473
299.553
299.666
299.82
300.024
300.282
300.592
300.941
301.312
298.637
298.712
298.785
298.856
298.925
298.99
299.05
299.105
299.155
299.198
299.236
299.268
299.294
299.315
299.33
299.341
299.348
299.351
299.351
299.348
299.342
299.333
299.324
299.316
299.306
299.295
299.284
299.272
299.261
299.251
299.241
299.232
299.224
299.216
299.21
299.204
299.2
299.196
299.194
299.192
299.191
299.191
299.191
299.192
299.194
299.196
299.198
299.201
299.205
299.208
299.212
299.216
299.22
299.225
299.229
299.233
299.237
299.241
299.245
299.248
299.252
299.255
299.259
299.262
299.264
299.267
299.27
299.272
299.274
299.276
299.279
299.281
299.283
299.285
299.287
299.289
299.291
299.293
299.295
299.297
299.299
299.301
299.304
299.308
299.312
299.318
299.327
299.339
299.357
299.384
299.423
299.48
299.562
299.676
299.832
300.037
300.295
300.603
300.948
301.314
298.64
298.719
298.797
298.873
298.947
299.016
299.08
299.138
299.191
299.237
299.277
299.311
299.338
299.36
299.376
299.387
299.393
299.396
299.395
299.391
299.385
299.376
299.365
299.355
299.343
299.331
299.318
299.305
299.292
299.28
299.269
299.258
299.248
299.239
299.231
299.224
299.219
299.214
299.21
299.207
299.205
299.204
299.203
299.204
299.204
299.206
299.208
299.211
299.214
299.217
299.22
299.224
299.228
299.232
299.236
299.24
299.244
299.248
299.252
299.256
299.26
299.263
299.266
299.269
299.272
299.275
299.278
299.28
299.283
299.285
299.287
299.289
299.292
299.294
299.295
299.297
299.299
299.301
299.303
299.305
299.307
299.309
299.312
299.315
299.319
299.325
299.334
299.346
299.364
299.391
299.431
299.489
299.571
299.687
299.844
300.05
300.308
300.614
300.956
301.317
298.642
298.726
298.809
298.89
298.968
299.041
299.109
299.171
299.226
299.275
299.317
299.352
299.38
299.402
299.419
299.43
299.436
299.439
299.437
299.433
299.425
299.416
299.404
299.393
299.38
299.365
299.351
299.337
299.323
299.309
299.296
299.284
299.273
299.263
299.254
299.245
299.238
299.232
299.227
299.223
299.22
299.218
299.217
299.216
299.217
299.218
299.219
299.221
299.224
299.226
299.23
299.233
299.237
299.241
299.245
299.249
299.253
299.256
299.26
299.264
299.268
299.271
299.275
299.278
299.281
299.284
299.287
299.289
299.291
299.293
299.296
299.298
299.301
299.303
299.304
299.306
299.308
299.31
299.311
299.313
299.315
299.317
299.32
299.323
299.327
299.333
299.341
299.353
299.372
299.399
299.439
299.498
299.582
299.699
299.857
300.063
300.321
300.625
300.963
301.319
298.645
298.734
298.821
298.906
298.988
299.065
299.137
299.202
299.26
299.311
299.354
299.391
299.42
299.443
299.459
299.47
299.477
299.478
299.476
299.471
299.463
299.453
299.44
299.428
299.413
299.398
299.383
299.367
299.352
299.338
299.324
299.31
299.298
299.287
299.276
299.267
299.259
299.252
299.246
299.241
299.237
299.234
299.232
299.231
299.23
299.23
299.231
299.233
299.235
299.237
299.24
299.243
299.247
299.25
299.254
299.258
299.262
299.265
299.269
299.273
299.277
299.28
299.284
299.287
299.29
299.293
299.296
299.298
299.301
299.303
299.305
299.307
299.31
299.312
299.314
299.316
299.317
299.319
299.321
299.322
299.324
299.326
299.329
299.331
299.335
299.341
299.349
299.361
299.38
299.407
299.448
299.508
299.593
299.711
299.87
300.077
300.334
300.636
300.97
301.322
298.647
298.74
298.833
298.922
299.008
299.089
299.164
299.232
299.292
299.345
299.39
299.427
299.457
299.481
299.497
299.508
299.514
299.515
299.512
299.506
299.497
299.487
299.473
299.46
299.444
299.428
299.412
299.396
299.38
299.365
299.35
299.336
299.323
299.311
299.299
299.289
299.28
299.272
299.265
299.259
299.255
299.251
299.248
299.246
299.245
299.244
299.245
299.246
299.247
299.249
299.251
299.254
299.257
299.261
299.264
299.268
299.271
299.275
299.279
299.282
299.286
299.29
299.293
299.296
299.299
299.302
299.305
299.308
299.31
299.313
299.315
299.317
299.319
299.322
299.324
299.326
299.327
299.329
299.33
299.332
299.334
299.336
299.338
299.341
299.344
299.35
299.358
299.37
299.389
299.417
299.458
299.519
299.605
299.724
299.884
300.091
300.347
300.646
300.977
301.324
298.649
298.747
298.843
298.937
299.027
299.111
299.19
299.26
299.323
299.378
299.424
299.462
299.493
299.516
299.532
299.543
299.548
299.548
299.545
299.538
299.528
299.517
299.503
299.488
299.472
299.456
299.439
299.423
299.406
299.391
299.375
299.361
299.347
299.334
299.322
299.311
299.301
299.293
299.285
299.279
299.273
299.268
299.265
299.262
299.26
299.259
299.259
299.259
299.26
299.262
299.264
299.266
299.269
299.272
299.275
299.278
299.282
299.285
299.289
299.293
299.296
299.3
299.303
299.306
299.309
299.312
299.315
299.318
299.321
299.323
299.325
299.327
299.329
299.331
299.334
299.336
299.338
299.339
299.341
299.342
299.344
299.346
299.348
299.35
299.354
299.359
299.367
299.38
299.398
299.427
299.469
299.53
299.617
299.737
299.898
300.105
300.36
300.657
300.984
301.327
298.651
298.753
298.854
298.952
299.045
299.133
299.215
299.288
299.353
299.409
299.456
299.495
299.526
299.549
299.565
299.574
299.579
299.578
299.574
299.567
299.556
299.544
299.529
299.514
299.498
299.481
299.464
299.447
299.431
299.415
299.399
299.384
299.37
299.357
299.344
299.333
299.323
299.313
299.305
299.298
299.292
299.286
299.282
299.279
299.277
299.275
299.274
299.274
299.274
299.275
299.277
299.279
299.281
299.284
299.287
299.29
299.293
299.296
299.3
299.303
299.307
299.31
299.313
299.317
299.32
299.323
299.326
299.329
299.331
299.334
299.336
299.338
299.34
299.342
299.344
299.347
299.349
299.35
299.352
299.353
299.355
299.356
299.358
299.361
299.364
299.369
299.377
299.39
299.409
299.437
299.48
299.541
299.629
299.75
299.912
300.119
300.373
300.667
300.991
301.329
298.653
298.76
298.864
298.966
299.063
299.155
299.239
299.314
299.381
299.438
299.486
299.526
299.556
299.579
299.594
299.603
299.607
299.605
299.6
299.592
299.581
299.568
299.553
299.536
299.52
299.503
299.486
299.47
299.453
299.437
299.421
299.406
299.392
299.378
299.366
299.354
299.343
299.334
299.325
299.317
299.31
299.305
299.3
299.296
299.293
299.291
299.29
299.289
299.289
299.289
299.29
299.292
299.294
299.296
299.299
299.302
299.305
299.308
299.311
299.314
299.318
299.321
299.324
299.328
299.331
299.334
299.337
299.34
299.342
299.345
299.347
299.349
299.351
299.353
299.355
299.358
299.36
299.362
299.363
299.365
299.366
299.368
299.369
299.372
299.375
299.38
299.388
299.4
299.419
299.448
299.491
299.553
299.642
299.764
299.926
300.133
300.386
300.678
300.997
301.331
298.655
298.766
298.874
298.98
299.081
299.175
299.262
299.34
299.408
299.466
299.515
299.554
299.584
299.606
299.621
299.629
299.632
299.629
299.623
299.614
299.602
299.589
299.573
299.556
299.54
299.523
299.506
299.489
299.473
299.457
299.441
299.426
299.412
299.399
299.386
299.374
299.363
299.353
299.344
299.336
299.329
299.323
299.318
299.313
299.31
299.307
299.305
299.304
299.304
299.304
299.305
299.306
299.307
299.309
299.312
299.314
299.317
299.32
299.323
299.326
299.329
299.333
299.336
299.339
299.342
299.345
299.348
299.351
299.354
299.357
299.359
299.361
299.363
299.366
299.367
299.369
299.372
299.374
299.376
299.377
299.378
299.38
299.381
299.384
299.387
299.392
299.399
299.412
299.431
299.46
299.503
299.566
299.655
299.778
299.94
300.147
300.398
300.688
301.004
301.334
298.657
298.772
298.884
298.993
299.097
299.195
299.284
299.364
299.433
299.492
299.541
299.581
299.61
299.632
299.645
299.652
299.654
299.65
299.643
299.633
299.62
299.606
299.59
299.573
299.557
299.54
299.524
299.507
299.491
299.475
299.46
299.445
299.431
299.417
299.405
299.393
299.382
299.372
299.363
299.355
299.347
299.341
299.335
299.331
299.327
299.324
299.321
299.32
299.319
299.319
299.319
299.32
299.321
299.323
299.325
299.327
299.33
299.332
299.335
299.338
299.342
299.345
299.348
299.351
299.354
299.357
299.361
299.363
299.366
299.369
299.372
299.374
299.376
299.378
299.38
299.382
299.384
299.387
299.389
299.39
299.391
299.393
299.394
299.396
299.399
299.404
299.411
299.424
299.443
299.472
299.515
299.579
299.668
299.792
299.954
300.161
300.411
300.697
301.01
301.336
298.659
298.777
298.893
299.006
299.113
299.214
299.305
299.386
299.457
299.517
299.566
299.605
299.634
299.655
299.667
299.673
299.673
299.668
299.66
299.649
299.636
299.621
299.605
299.588
299.572
299.555
299.539
299.522
299.506
299.491
299.476
299.462
299.448
299.435
299.422
299.411
299.4
299.39
299.381
299.372
299.365
299.358
299.352
299.347
299.343
299.34
299.337
299.335
299.334
299.334
299.334
299.334
299.335
299.337
299.338
299.341
299.343
299.346
299.348
299.351
299.354
299.358
299.361
299.364
299.367
299.37
299.373
299.377
299.38
299.382
299.385
299.388
299.39
299.392
299.395
299.396
299.398
299.4
299.402
299.404
299.406
299.407
299.408
299.41
299.412
299.416
299.424
299.436
299.455
299.484
299.528
299.592
299.682
299.806
299.969
300.175
300.423
300.707
301.016
301.338
298.661
298.783
298.902
299.018
299.129
299.232
299.325
299.408
299.48
299.54
299.589
299.627
299.656
299.675
299.686
299.691
299.69
299.684
299.674
299.662
299.649
299.634
299.617
299.6
299.584
299.568
299.552
299.536
299.52
299.505
299.491
299.477
299.463
299.45
299.438
299.427
299.416
299.406
299.397
299.389
299.381
299.375
299.369
299.364
299.359
299.356
299.353
299.351
299.35
299.349
299.349
299.349
299.35
299.351
299.353
299.355
299.357
299.359
299.362
299.365
299.368
299.371
299.374
299.378
299.381
299.384
299.387
299.391
299.394
299.397
299.4
299.403
299.405
299.408
299.41
299.412
299.413
299.415
299.416
299.418
299.42
299.421
299.422
299.423
299.425
299.43
299.438
299.45
299.468
299.498
299.541
299.606
299.696
299.82
299.983
300.188
300.435
300.717
301.023
301.34
298.663
298.788
298.911
299.03
299.144
299.249
299.344
299.429
299.501
299.562
299.61
299.648
299.676
299.694
299.704
299.707
299.705
299.697
299.686
299.673
299.659
299.643
299.627
299.611
299.595
299.579
299.563
299.547
299.532
299.516
299.503
299.49
299.477
299.464
299.453
299.442
299.431
299.422
299.413
299.405
299.397
299.391
299.385
299.38
299.375
299.372
299.369
299.367
299.365
299.364
299.364
299.364
299.365
299.366
299.367
299.369
299.371
299.374
299.376
299.379
299.382
299.386
299.389
299.392
299.396
299.399
299.402
299.406
299.409
299.412
299.416
299.419
299.422
299.424
299.427
299.428
299.43
299.431
299.432
299.434
299.435
299.436
299.436
299.438
299.44
299.445
299.452
299.464
299.482
299.511
299.555
299.62
299.711
299.835
299.998
300.202
300.447
300.726
301.029
301.342
298.664
298.793
298.919
299.042
299.158
299.266
299.363
299.448
299.521
299.582
299.63
299.667
299.693
299.71
299.719
299.721
299.717
299.708
299.696
299.683
299.669
299.653
299.637
299.621
299.605
299.589
299.574
299.558
299.543
299.528
299.515
299.502
299.49
299.477
299.466
299.456
299.445
299.436
299.427
299.419
299.412
299.406
299.4
299.395
299.391
299.387
299.384
299.382
299.381
299.38
299.379
299.379
299.38
299.381
299.383
299.384
299.387
299.389
299.392
299.395
299.398
299.401
299.404
299.408
299.411
299.415
299.419
299.422
299.426
299.43
299.433
299.437
299.44
299.443
299.445
299.447
299.448
299.449
299.45
299.451
299.452
299.452
299.453
299.455
299.457
299.461
299.468
299.479
299.497
299.526
299.57
299.634
299.726
299.85
300.012
300.216
300.459
300.736
301.035
301.344
298.666
298.798
298.927
299.053
299.172
299.281
299.38
299.466
299.54
299.6
299.648
299.684
299.709
299.726
299.733
299.733
299.727
299.717
299.706
299.693
299.679
299.662
299.646
299.629
299.613
299.598
299.582
299.567
299.552
299.538
299.525
299.513
299.502
299.49
299.479
299.468
299.458
299.45
299.441
299.433
299.427
299.42
299.415
299.41
299.406
299.403
299.4
299.398
299.396
299.395
299.395
299.395
299.396
299.397
299.399
299.4
299.403
299.405
299.408
299.411
299.414
299.418
299.421
299.425
299.429
299.433
299.437
299.44
299.444
299.448
299.452
299.457
299.46
299.462
299.464
299.466
299.468
299.469
299.47
299.471
299.471
299.471
299.472
299.473
299.475
299.478
299.484
299.495
299.513
299.541
299.585
299.65
299.741
299.865
300.027
300.23
300.472
300.745
301.04
301.346
298.668
298.802
298.935
299.063
299.185
299.296
299.397
299.484
299.557
299.617
299.664
299.698
299.725
299.741
299.745
299.743
299.737
299.727
299.715
299.701
299.687
299.67
299.654
299.637
299.621
299.605
299.59
299.575
299.561
299.547
299.535
299.523
299.512
299.5
299.489
299.48
299.471
299.463
299.454
299.446
299.441
299.435
299.429
299.425
299.421
299.418
299.416
299.414
299.412
299.412
299.411
299.412
299.413
299.414
299.415
299.418
299.42
299.423
299.426
299.429
299.432
299.436
299.44
299.444
299.448
299.452
299.456
299.46
299.465
299.469
299.474
299.478
299.481
299.483
299.485
299.488
299.489
299.491
299.492
299.492
299.492
299.492
299.492
299.492
299.494
299.496
299.502
299.512
299.529
299.557
299.601
299.665
299.756
299.881
300.042
300.244
300.484
300.755
301.046
301.348
298.669
298.807
298.942
299.073
299.197
299.311
299.412
299.5
299.574
299.632
299.678
299.715
299.74
299.752
299.755
299.752
299.746
299.736
299.723
299.709
299.694
299.678
299.661
299.644
299.628
299.613
299.597
299.583
299.569
299.556
299.544
299.532
299.521
299.511
299.501
299.491
299.483
299.475
299.467
299.461
299.455
299.449
299.444
299.44
299.436
299.434
299.431
299.43
299.429
299.428
299.429
299.429
299.43
299.432
299.433
299.436
299.438
299.441
299.444
299.448
299.452
299.456
299.46
299.464
299.468
299.473
299.477
299.482
299.487
299.492
299.497
299.501
299.503
299.506
299.508
299.51
299.513
299.514
299.515
299.515
299.515
299.514
299.514
299.513
299.514
299.515
299.52
299.529
299.546
299.574
299.617
299.681
299.772
299.896
300.058
300.258
300.496
300.764
301.052
301.35
298.67
298.811
298.95
299.083
299.209
299.325
299.427
299.516
299.589
299.646
299.694
299.731
299.752
299.761
299.764
299.762
299.755
299.744
299.731
299.717
299.701
299.685
299.668
299.651
299.635
299.62
299.605
299.591
299.577
299.565
299.553
299.542
299.531
299.521
299.511
299.503
299.495
299.487
299.48
299.474
299.468
299.463
299.459
299.456
299.452
299.45
299.448
299.447
299.446
299.446
299.446
299.447
299.449
299.45
299.453
299.455
299.458
299.461
299.465
299.469
299.473
299.477
299.481
299.486
299.491
299.496
299.501
299.506
299.512
299.517
299.522
299.524
299.527
299.529
299.532
299.535
299.538
299.539
299.54
299.54
299.539
299.538
299.537
299.535
299.535
299.535
299.539
299.548
299.564
299.591
299.634
299.698
299.789
299.912
300.073
300.272
300.508
300.773
301.058
301.352
298.672
298.815
298.957
299.093
299.221
299.338
299.441
299.53
299.603
299.66
299.711
299.742
299.76
299.771
299.774
299.771
299.764
299.753
299.739
299.725
299.709
299.692
299.675
299.659
299.643
299.627
299.613
299.599
299.586
299.574
299.562
299.551
299.541
299.532
299.523
299.515
299.507
299.5
299.494
299.488
299.483
299.479
299.475
299.471
299.469
299.467
299.466
299.464
299.464
299.465
299.465
299.467
299.468
299.47
299.473
299.476
299.479
299.483
299.487
299.491
299.495
299.5
299.505
299.51
299.515
299.521
299.526
299.532
299.538
299.543
299.545
299.548
299.551
299.555
299.559
299.562
299.565
299.566
299.567
299.566
299.565
299.563
299.561
299.558
299.557
299.557
299.559
299.567
299.582
299.609
299.651
299.715
299.806
299.929
300.089
300.287
300.52
300.783
301.064
301.354
298.673
298.819
298.963
299.102
299.232
299.351
299.455
299.543
299.615
299.678
299.723
299.751
299.771
299.782
299.784
299.781
299.772
299.761
299.748
299.733
299.717
299.7
299.683
299.667
299.651
299.636
299.621
299.608
299.595
299.583
299.572
299.562
299.552
299.543
299.535
299.527
299.52
299.514
299.508
299.503
299.498
299.495
299.491
299.488
299.486
299.485
299.484
299.484
299.484
299.484
299.485
299.487
299.489
299.492
299.495
299.498
299.502
299.506
299.51
299.515
299.519
299.525
299.53
299.535
299.541
299.547
299.554
299.56
299.565
299.567
299.57
299.574
299.579
299.583
299.588
299.591
299.594
299.595
299.595
299.594
299.592
299.589
299.586
299.582
299.58
299.579
299.58
299.587
299.601
299.627
299.669
299.732
299.823
299.945
300.104
300.301
300.532
300.792
301.07
301.356
298.675
298.823
298.97
299.111
299.243
299.363
299.468
299.555
299.63
299.69
299.732
299.762
299.782
299.792
299.794
299.79
299.781
299.77
299.757
299.742
299.726
299.709
299.692
299.676
299.66
299.645
299.631
299.618
299.606
299.594
299.584
299.574
299.564
299.556
299.548
299.541
299.535
299.529
299.524
299.519
299.515
299.512
299.509
299.507
299.505
299.504
299.504
299.504
299.504
299.506
299.507
299.509
299.512
299.515
299.518
299.522
299.526
299.53
299.535
299.54
299.545
299.551
299.557
299.563
299.569
299.576
299.582
299.586
299.589
299.593
299.597
299.603
299.608
299.614
299.618
299.621
299.624
299.625
299.625
299.623
299.621
299.617
299.612
299.608
299.604
299.601
299.602
299.608
299.621
299.646
299.688
299.75
299.84
299.962
300.12
300.315
300.545
300.801
301.076
301.358
298.676
298.827
298.977
299.12
299.254
299.376
299.481
299.566
299.645
299.701
299.742
299.773
299.793
299.802
299.804
299.799
299.791
299.779
299.766
299.752
299.736
299.718
299.702
299.686
299.67
299.656
299.642
299.63
299.618
299.607
299.596
299.587
299.578
299.57
299.563
299.557
299.551
299.546
299.541
299.537
299.533
299.531
299.528
299.527
299.526
299.525
299.525
299.525
299.526
299.528
299.53
299.533
299.536
299.539
299.543
299.547
299.551
299.556
299.561
299.567
299.572
299.579
299.585
299.592
299.599
299.604
299.607
299.611
299.615
299.62
299.627
299.633
299.639
299.644
299.648
299.652
299.654
299.655
299.655
299.653
299.65
299.645
299.639
299.634
299.629
299.625
299.624
299.629
299.641
299.666
299.707
299.769
299.858
299.979
300.136
300.33
300.557
300.811
301.082
301.36
298.677
298.831
298.983
299.129
299.265
299.388
299.492
299.581
299.656
299.711
299.755
299.785
299.803
299.812
299.814
299.809
299.801
299.789
299.777
299.762
299.746
299.729
299.712
299.697
299.682
299.668
299.655
299.643
299.631
299.621
299.611
299.602
299.594
299.587
299.58
299.574
299.569
299.564
299.56
299.556
299.553
299.551
299.549
299.548
299.547
299.547
299.548
299.549
299.55
299.552
299.554
299.557
299.561
299.565
299.569
299.573
299.578
299.583
299.589
299.595
299.601
299.608
299.614
299.62
299.625
299.628
299.632
299.637
299.643
299.65
299.658
299.664
299.67
299.674
299.679
299.682
299.684
299.685
299.685
299.683
299.68
299.674
299.667
299.661
299.654
299.649
299.647
299.651
299.662
299.686
299.726
299.787
299.876
299.997
300.153
300.345
300.57
300.82
301.087
301.362
298.679
298.835
298.99
299.138
299.276
299.399
299.502
299.596
299.665
299.723
299.767
299.796
299.814
299.823
299.824
299.82
299.811
299.801
299.788
299.774
299.756
299.74
299.724
299.709
299.695
299.681
299.669
299.657
299.646
299.637
299.627
299.619
299.612
299.605
299.599
299.593
299.588
299.584
299.581
299.578
299.575
299.573
299.572
299.571
299.571
299.571
299.572
299.573
299.575
299.577
299.58
299.583
299.587
299.591
299.595
299.601
299.606
299.611
299.617
299.623
299.63
299.636
299.641
299.645
299.648
299.652
299.659
299.666
299.674
299.682
299.688
299.694
299.699
299.704
299.708
299.711
299.712
299.714
299.713
299.712
299.709
299.704
299.696
299.688
299.68
299.674
299.671
299.673
299.684
299.706
299.746
299.807
299.895
300.015
300.169
300.36
300.582
300.83
301.092
301.364
298.68
298.839
298.996
299.147
299.287
299.411
299.514
299.609
299.676
299.736
299.779
299.808
299.826
299.834
299.835
299.831
299.823
299.813
299.801
299.785
299.768
299.753
299.738
299.723
299.709
299.696
299.684
299.673
299.663
299.654
299.646
299.638
299.631
299.625
299.619
299.614
299.61
299.606
299.603
299.601
299.599
299.597
299.596
299.596
299.596
299.596
299.598
299.599
299.601
299.604
299.607
299.61
299.614
299.618
299.623
299.628
299.634
299.64
299.646
299.652
299.657
299.66
299.663
299.667
299.673
299.68
299.688
299.697
299.704
299.711
299.716
299.722
299.728
299.732
299.735
299.738
299.74
299.741
299.742
299.741
299.738
299.732
299.725
299.716
299.707
299.699
299.695
299.696
299.706
299.727
299.766
299.826
299.914
300.033
300.186
300.375
300.595
300.84
301.097
301.365
298.681
298.843
299.003
299.156
299.298
299.421
299.528
299.618
299.69
299.748
299.791
299.82
299.837
299.845
299.846
299.842
299.834
299.825
299.813
299.797
299.782
299.766
299.752
299.738
299.725
299.713
299.701
299.691
299.682
299.673
299.666
299.659
299.652
299.647
299.642
299.638
299.634
299.63
299.628
299.626
299.624
299.623
299.622
299.622
299.622
299.623
299.624
299.626
299.628
299.631
299.634
299.638
299.642
299.647
299.652
299.657
299.663
299.668
299.673
299.676
299.678
299.682
299.688
299.694
299.702
299.71
299.718
299.726
299.732
299.737
299.743
299.749
299.754
299.759
299.762
299.765
299.768
299.769
299.769
299.768
299.766
299.761
299.753
299.743
299.733
299.725
299.719
299.719
299.728
299.749
299.786
299.846
299.933
300.051
300.203
300.391
300.609
300.849
301.102
301.367
298.683
298.847
299.01
299.166
299.309
299.43
299.544
299.629
299.703
299.761
299.803
299.832
299.849
299.857
299.858
299.854
299.847
299.838
299.826
299.81
299.796
299.781
299.767
299.754
299.741
299.73
299.72
299.71
299.702
299.694
299.687
299.681
299.675
299.67
299.666
299.662
299.659
299.656
299.654
299.652
299.651
299.65
299.649
299.65
299.65
299.651
299.653
299.654
299.657
299.66
299.663
299.666
299.671
299.675
299.68
299.684
299.688
299.691
299.693
299.697
299.702
299.709
299.716
299.724
299.732
299.739
299.745
299.751
299.756
299.762
299.769
299.775
299.781
299.786
299.79
299.794
299.797
299.798
299.797
299.796
299.793
299.789
299.781
299.771
299.76
299.751
299.744
299.743
299.751
299.771
299.807
299.866
299.952
300.07
300.221
300.406
300.623
300.857
301.108
301.369
298.684
298.852
299.016
299.175
299.319
299.443
299.559
299.643
299.716
299.774
299.816
299.845
299.862
299.87
299.871
299.867
299.861
299.852
299.839
299.824
299.81
299.796
299.783
299.771
299.759
299.749
299.739
299.731
299.723
299.716
299.71
299.704
299.7
299.695
299.692
299.688
299.686
299.683
299.681
299.68
299.679
299.678
299.678
299.678
299.679
299.68
299.682
299.683
299.686
299.689
299.692
299.695
299.699
299.702
299.705
299.706
299.709
299.712
299.718
299.724
299.731
299.738
299.746
299.753
299.759
299.765
299.769
299.775
299.781
299.788
299.795
299.802
299.808
299.814
299.82
299.824
299.826
299.827
299.826
299.824
299.82
299.816
299.808
299.798
299.787
299.776
299.769
299.767
299.774
299.793
299.829
299.887
299.972
300.089
300.239
300.423
300.637
300.864
301.114
301.371
298.685
298.856
299.024
299.184
299.33
299.457
299.573
299.657
299.73
299.788
299.83
299.858
299.875
299.883
299.884
299.88
299.874
299.866
299.853
299.839
299.826
299.812
299.8
299.788
299.778
299.768
299.759
299.752
299.745
299.739
299.734
299.729
299.725
299.722
299.719
299.716
299.714
299.712
299.71
299.709
299.708
299.708
299.708
299.708
299.709
299.71
299.711
299.713
299.715
299.718
299.72
299.722
299.723
299.724
299.726
299.73
299.735
299.74
299.746
299.753
299.759
299.766
299.773
299.778
299.783
299.788
299.793
299.8
299.807
299.815
299.822
299.83
299.837
299.843
299.848
299.852
299.855
299.856
299.855
299.852
299.848
299.843
299.835
299.825
299.813
299.802
299.794
299.791
299.797
299.815
299.851
299.908
299.993
300.108
300.258
300.441
300.648
300.871
301.12
301.373
298.687
298.86
299.031
299.195
299.341
299.471
299.587
299.673
299.743
299.802
299.844
299.872
299.889
299.896
299.897
299.893
299.888
299.88
299.867
299.854
299.841
299.829
299.817
299.807
299.797
299.788
299.781
299.774
299.768
299.763
299.759
299.755
299.752
299.749
299.746
299.744
299.743
299.741
299.74
299.739
299.739
299.738
299.738
299.739
299.739
299.74
299.742
299.743
299.744
299.744
299.744
299.745
299.747
299.751
299.754
299.759
299.764
299.769
299.775
299.781
299.787
299.792
299.796
299.801
299.806
299.812
299.819
299.827
299.835
299.843
299.85
299.857
299.864
299.871
299.876
299.881
299.883
299.884
299.883
299.88
299.875
299.869
299.861
299.851
299.838
299.827
299.818
299.815
299.82
299.838
299.873
299.93
300.013
300.128
300.277
300.459
300.658
300.879
301.126
301.375
298.688
298.865
299.038
299.205
299.354
299.485
299.603
299.69
299.757
299.817
299.859
299.887
299.903
299.91
299.911
299.906
299.902
299.894
299.881
299.87
299.858
299.846
299.835
299.826
299.817
299.809
299.802
299.797
299.792
299.788
299.784
299.781
299.779
299.777
299.775
299.774
299.772
299.771
299.771
299.77
299.77
299.769
299.769
299.77
299.77
299.771
299.771
299.77
299.77
299.77
299.772
299.775
299.777
299.781
299.785
299.789
299.793
299.798
299.802
299.807
299.811
299.815
299.819
299.825
299.831
299.839
299.847
299.856
299.863
299.87
299.878
299.885
299.892
299.898
299.904
299.908
299.911
299.911
299.91
299.907
299.901
299.894
299.887
299.876
299.863
299.852
299.843
299.839
299.844
299.861
299.895
299.952
300.035
300.149
300.297
300.475
300.669
300.889
301.131
301.377
298.69
298.869
299.046
299.215
299.368
299.499
299.618
299.708
299.773
299.832
299.875
299.902
299.918
299.925
299.925
299.921
299.916
299.908
299.897
299.886
299.875
299.864
299.854
299.845
299.837
299.83
299.825
299.82
299.816
299.813
299.81
299.808
299.807
299.805
299.804
299.803
299.803
299.802
299.802
299.801
299.801
299.801
299.801
299.801
299.801
299.8
299.799
299.799
299.8
299.802
299.804
299.806
299.809
299.812
299.815
299.818
299.821
299.824
299.827
299.831
299.834
299.839
299.844
299.851
299.859
299.868
299.876
299.883
299.89
299.898
299.905
299.912
299.918
299.925
299.93
299.934
299.937
299.938
299.936
299.933
299.927
299.92
299.912
299.901
299.888
299.877
299.867
299.863
299.868
299.884
299.918
299.974
300.057
300.171
300.318
300.489
300.679
300.899
301.136
301.378
298.692
298.874
299.053
299.225
299.383
299.512
299.634
299.725
299.791
299.848
299.891
299.919
299.934
299.941
299.941
299.937
299.932
299.924
299.913
299.902
299.892
299.882
299.873
299.864
299.857
299.852
299.847
299.843
299.84
299.838
299.837
299.835
299.835
299.834
299.834
299.833
299.833
299.833
299.833
299.833
299.833
299.833
299.833
299.832
299.831
299.831
299.831
299.832
299.833
299.834
299.836
299.837
299.839
299.841
299.843
299.845
299.847
299.85
299.853
299.856
299.86
299.866
299.872
299.88
299.888
299.897
299.904
299.911
299.918
299.925
299.932
299.938
299.945
299.951
299.956
299.96
299.962
299.963
299.961
299.958
299.952
299.944
299.936
299.925
299.913
299.901
299.892
299.888
299.892
299.908
299.941
299.997
300.079
300.193
300.339
300.502
300.689
300.909
301.142
301.38
298.693
298.879
299.062
299.235
299.398
299.527
299.65
299.743
299.81
299.865
299.908
299.936
299.951
299.958
299.958
299.954
299.948
299.94
299.929
299.919
299.909
299.9
299.892
299.884
299.878
299.873
299.87
299.867
299.865
299.864
299.863
299.863
299.863
299.863
299.863
299.864
299.864
299.864
299.865
299.865
299.865
299.865
299.864
299.863
299.863
299.863
299.864
299.865
299.865
299.866
299.866
299.867
299.868
299.869
299.871
299.872
299.874
299.877
299.88
299.884
299.889
299.895
299.903
299.91
299.918
299.925
299.931
299.938
299.945
299.952
299.958
299.965
299.971
299.976
299.981
299.985
299.987
299.987
299.986
299.982
299.976
299.968
299.959
299.949
299.937
299.926
299.916
299.912
299.916
299.932
299.965
300.02
300.103
300.217
300.357
300.515
300.699
300.919
301.148
301.382
298.695
298.884
299.07
299.247
299.412
299.542
299.667
299.761
299.83
299.883
299.927
299.955
299.969
299.975
299.975
299.971
299.965
299.956
299.946
299.937
299.927
299.918
299.911
299.904
299.899
299.895
299.892
299.89
299.889
299.889
299.889
299.89
299.891
299.892
299.893
299.894
299.895
299.896
299.896
299.897
299.897
299.897
299.896
299.896
299.896
299.896
299.897
299.897
299.897
299.897
299.897
299.897
299.898
299.898
299.9
299.901
299.903
299.906
299.91
299.915
299.92
299.927
299.933
299.94
299.946
299.952
299.959
299.965
299.972
299.978
299.985
299.991
299.997
300.002
300.006
300.009
300.011
300.011
300.009
300.005
299.999
299.991
299.982
299.972
299.961
299.95
299.94
299.936
299.94
299.956
299.989
300.044
300.127
300.24
300.374
300.528
300.711
300.929
301.154
301.384
298.697
298.89
299.079
299.259
299.427
299.557
299.684
299.78
299.85
299.902
299.946
299.974
299.988
299.993
299.993
299.988
299.982
299.973
299.964
299.954
299.945
299.937
299.93
299.925
299.92
299.917
299.915
299.914
299.914
299.915
299.916
299.917
299.919
299.921
299.922
299.924
299.925
299.927
299.928
299.928
299.929
299.928
299.929
299.929
299.929
299.929
299.929
299.928
299.928
299.928
299.928
299.928
299.929
299.93
299.931
299.933
299.936
299.939
299.943
299.947
299.952
299.958
299.964
299.969
299.975
299.981
299.987
299.993
299.999
300.005
300.011
300.017
300.022
300.026
300.03
300.033
300.034
300.034
300.031
300.027
300.021
300.013
300.004
299.995
299.984
299.973
299.964
299.96
299.964
299.98
300.013
300.069
300.153
300.261
300.39
300.541
300.723
300.938
301.16
301.386
298.698
298.895
299.088
299.271
299.44
299.573
299.702
299.799
299.87
299.923
299.967
299.994
300.008
300.013
300.011
300.006
299.999
299.991
299.982
299.972
299.964
299.956
299.95
299.945
299.941
299.939
299.938
299.938
299.939
299.94
299.942
299.944
299.947
299.949
299.951
299.954
299.956
299.957
299.959
299.96
299.96
299.96
299.961
299.961
299.961
299.962
299.962
299.961
299.961
299.961
299.961
299.961
299.962
299.963
299.965
299.967
299.969
299.972
299.976
299.98
299.985
299.99
299.994
299.999
300.004
300.009
300.015
300.02
300.026
300.031
300.037
300.042
300.047
300.051
300.054
300.056
300.057
300.056
300.053
300.048
300.042
300.034
300.026
300.017
300.007
299.996
299.987
299.983
299.988
300.005
300.038
300.095
300.176
300.282
300.406
300.554
300.736
300.947
301.165
301.388
298.7
298.9
299.097
299.284
299.454
299.59
299.721
299.819
299.89
299.946
299.99
300.016
300.029
300.033
300.03
300.024
300.018
300.009
300
299.991
299.983
299.976
299.97
299.966
299.963
299.961
299.961
299.962
299.963
299.965
299.968
299.971
299.974
299.977
299.98
299.983
299.985
299.988
299.99
299.991
299.992
299.993
299.994
299.994
299.995
299.995
299.995
299.995
299.995
299.995
299.996
299.996
299.997
299.998
300
300.002
300.004
300.007
300.01
300.014
300.017
300.021
300.025
300.029
300.033
300.038
300.043
300.048
300.053
300.058
300.063
300.067
300.071
300.075
300.077
300.078
300.078
300.077
300.074
300.069
300.063
300.055
300.046
300.038
300.029
300.018
300.01
300.007
300.012
300.029
300.064
300.12
300.199
300.301
300.423
300.568
300.75
300.955
301.171
301.39
298.702
298.906
299.106
299.297
299.468
299.607
299.741
299.838
299.91
299.969
300.013
300.038
300.05
300.053
300.05
300.044
300.036
300.028
300.019
300.01
300.002
299.996
299.991
299.987
299.985
299.984
299.984
299.986
299.988
299.991
299.994
299.998
300.002
300.005
300.009
300.012
300.015
300.018
300.02
300.022
300.023
300.025
300.027
300.028
300.028
300.029
300.03
300.03
300.03
300.03
300.031
300.032
300.033
300.034
300.035
300.037
300.039
300.042
300.044
300.047
300.05
300.053
300.056
300.059
300.063
300.067
300.071
300.076
300.08
300.084
300.089
300.092
300.096
300.098
300.1
300.1
300.1
300.098
300.094
300.089
300.082
300.075
300.066
300.058
300.05
300.04
300.032
300.03
300.036
300.054
300.089
300.144
300.222
300.32
300.439
300.582
300.763
300.964
301.176
301.392
298.704
298.912
299.116
299.311
299.481
299.625
299.76
299.858
299.932
299.995
300.037
300.061
300.073
300.075
300.071
300.064
300.056
300.048
300.038
300.03
300.022
300.016
300.012
300.009
300.007
300.007
300.008
300.01
300.013
300.016
300.02
300.024
300.029
300.033
300.037
300.041
300.044
300.048
300.05
300.052
300.056
300.058
300.06
300.062
300.063
300.064
300.064
300.065
300.065
300.066
300.067
300.068
300.069
300.07
300.071
300.073
300.075
300.077
300.079
300.081
300.083
300.085
300.087
300.09
300.093
300.096
300.1
300.104
300.107
300.111
300.114
300.117
300.12
300.121
300.122
300.122
300.12
300.118
300.113
300.108
300.101
300.094
300.085
300.077
300.07
300.061
300.054
300.053
300.06
300.079
300.113
300.167
300.244
300.339
300.455
300.597
300.776
300.973
301.181
301.394
298.706
298.917
299.125
299.324
299.494
299.644
299.779
299.877
299.956
300.02
300.061
300.085
300.095
300.097
300.093
300.084
300.076
300.068
300.058
300.05
300.043
300.037
300.033
300.031
300.03
300.03
300.032
300.034
300.037
300.041
300.045
300.05
300.055
300.06
300.065
300.069
300.074
300.077
300.08
300.085
300.088
300.092
300.094
300.096
300.097
300.098
300.099
300.1
300.101
300.102
300.103
300.104
300.105
300.106
300.107
300.109
300.11
300.111
300.113
300.114
300.115
300.117
300.119
300.121
300.123
300.126
300.129
300.132
300.135
300.137
300.14
300.142
300.144
300.144
300.144
300.143
300.141
300.137
300.133
300.127
300.12
300.112
300.103
300.096
300.089
300.081
300.075
300.075
300.083
300.102
300.136
300.19
300.265
300.358
300.471
300.612
300.789
300.981
301.187
301.395
298.708
298.923
299.134
299.337
299.508
299.664
299.798
299.897
299.983
300.045
300.085
300.108
300.119
300.12
300.115
300.106
300.098
300.089
300.08
300.071
300.065
300.059
300.056
300.054
300.053
300.053
300.055
300.058
300.061
300.066
300.071
300.077
300.082
300.088
300.093
300.098
300.103
300.107
300.112
300.117
300.121
300.124
300.126
300.128
300.13
300.132
300.133
300.135
300.136
300.137
300.139
300.14
300.141
300.142
300.143
300.144
300.145
300.145
300.146
300.146
300.147
300.149
300.15
300.152
300.153
300.155
300.157
300.16
300.162
300.164
300.165
300.167
300.167
300.167
300.166
300.164
300.161
300.157
300.151
300.145
300.137
300.129
300.121
300.114
300.107
300.1
300.096
300.096
300.105
300.124
300.159
300.212
300.286
300.376
300.488
300.627
300.801
300.99
301.192
301.397
298.71
298.929
299.144
299.35
299.521
299.685
299.816
299.92
300.008
300.07
300.11
300.133
300.142
300.143
300.138
300.129
300.12
300.111
300.102
300.093
300.087
300.082
300.078
300.077
300.076
300.077
300.079
300.082
300.086
300.091
300.097
300.103
300.109
300.115
300.121
300.126
300.131
300.137
300.143
300.148
300.152
300.156
300.158
300.161
300.163
300.165
300.167
300.169
300.171
300.173
300.174
300.175
300.176
300.177
300.178
300.178
300.178
300.178
300.179
300.179
300.18
300.18
300.181
300.182
300.184
300.185
300.186
300.188
300.189
300.19
300.191
300.191
300.191
300.19
300.188
300.185
300.181
300.176
300.169
300.162
300.154
300.146
300.138
300.131
300.125
300.119
300.115
300.117
300.126
300.146
300.181
300.234
300.306
300.395
300.505
300.642
300.814
300.999
301.197
301.399
298.712
298.935
299.154
299.362
299.536
299.704
299.834
299.946
300.034
300.095
300.135
300.157
300.166
300.167
300.162
300.153
300.143
300.134
300.125
300.116
300.109
300.105
300.102
300.1
300.1
300.1
300.103
300.107
300.111
300.117
300.123
300.13
300.136
300.142
300.148
300.154
300.161
300.168
300.174
300.179
300.183
300.186
300.189
300.192
300.195
300.198
300.2
300.203
300.205
300.206
300.208
300.209
300.21
300.211
300.211
300.211
300.211
300.211
300.211
300.211
300.211
300.212
300.213
300.213
300.214
300.214
300.215
300.216
300.216
300.216
300.216
300.215
300.214
300.212
300.209
300.205
300.2
300.194
300.187
300.18
300.171
300.162
300.154
300.147
300.142
300.136
300.133
300.136
300.147
300.167
300.202
300.254
300.326
300.413
300.522
300.658
300.826
301.008
301.203
301.401
298.714
298.941
299.164
299.373
299.553
299.722
299.854
299.972
300.059
300.12
300.159
300.181
300.191
300.191
300.186
300.177
300.166
300.157
300.148
300.14
300.133
300.128
300.126
300.124
300.124
300.125
300.128
300.132
300.137
300.143
300.149
300.156
300.162
300.169
300.175
300.183
300.191
300.198
300.203
300.208
300.212
300.216
300.22
300.223
300.227
300.23
300.232
300.235
300.237
300.239
300.24
300.241
300.242
300.242
300.242
300.242
300.242
300.242
300.243
300.243
300.243
300.243
300.244
300.244
300.244
300.244
300.244
300.244
300.243
300.242
300.241
300.24
300.237
300.234
300.23
300.225
300.22
300.213
300.205
300.196
300.187
300.178
300.168
300.162
300.158
300.152
300.15
300.154
300.166
300.187
300.222
300.274
300.345
300.431
300.539
300.673
300.837
301.017
301.208
301.403
298.716
298.947
299.174
299.383
299.572
299.737
299.879
299.996
300.083
300.144
300.184
300.206
300.215
300.215
300.21
300.202
300.191
300.181
300.172
300.164
300.157
300.153
300.15
300.149
300.149
300.15
300.153
300.158
300.163
300.169
300.175
300.182
300.189
300.196
300.204
300.212
300.22
300.226
300.231
300.236
300.24
300.245
300.249
300.253
300.257
300.26
300.263
300.265
300.267
300.269
300.27
300.271
300.271
300.272
300.272
300.272
300.273
300.274
300.274
300.274
300.274
300.274
300.274
300.274
300.274
300.273
300.272
300.271
300.27
300.268
300.266
300.264
300.26
300.256
300.251
300.245
300.239
300.231
300.222
300.213
300.203
300.193
300.183
300.176
300.172
300.167
300.166
300.171
300.184
300.206
300.241
300.293
300.364
300.449
300.556
300.689
300.848
301.026
301.213
301.404
298.718
298.953
299.184
299.393
299.59
299.755
299.903
300.02
300.108
300.169
300.208
300.23
300.239
300.24
300.235
300.227
300.215
300.205
300.197
300.189
300.182
300.178
300.176
300.175
300.175
300.176
300.179
300.184
300.189
300.195
300.202
300.209
300.216
300.224
300.233
300.241
300.248
300.253
300.258
300.263
300.268
300.273
300.277
300.281
300.284
300.288
300.29
300.292
300.294
300.296
300.297
300.298
300.299
300.301
300.302
300.303
300.304
300.305
300.305
300.305
300.305
300.305
300.305
300.304
300.303
300.302
300.301
300.299
300.297
300.294
300.291
300.288
300.283
300.278
300.272
300.265
300.257
300.249
300.239
300.229
300.218
300.208
300.197
300.19
300.186
300.182
300.181
300.187
300.2
300.224
300.26
300.312
300.382
300.467
300.572
300.705
300.859
301.035
301.219
301.406
298.72
298.959
299.194
299.405
299.606
299.776
299.926
300.044
300.131
300.193
300.232
300.254
300.264
300.264
300.259
300.251
300.239
300.229
300.222
300.215
300.208
300.204
300.202
300.201
300.202
300.203
300.206
300.211
300.216
300.222
300.228
300.235
300.243
300.253
300.262
300.268
300.274
300.279
300.284
300.289
300.294
300.299
300.303
300.307
300.31
300.313
300.315
300.317
300.32
300.321
300.324
300.326
300.328
300.33
300.332
300.333
300.334
300.335
300.335
300.336
300.336
300.335
300.334
300.333
300.332
300.33
300.328
300.326
300.323
300.32
300.316
300.311
300.306
300.3
300.293
300.285
300.276
300.266
300.256
300.245
300.233
300.223
300.211
300.203
300.199
300.195
300.196
300.202
300.216
300.24
300.278
300.33
300.399
300.484
300.589
300.718
300.871
301.043
301.224
301.408
298.722
298.965
299.203
299.42
299.619
299.799
299.949
300.067
300.155
300.216
300.256
300.279
300.288
300.289
300.284
300.275
300.264
300.254
300.247
300.241
300.235
300.231
300.228
300.228
300.229
300.231
300.234
300.238
300.243
300.249
300.255
300.262
300.272
300.281
300.288
300.294
300.299
300.304
300.31
300.314
300.319
300.323
300.327
300.33
300.333
300.336
300.339
300.342
300.345
300.348
300.351
300.354
300.357
300.359
300.361
300.363
300.364
300.365
300.365
300.365
300.365
300.364
300.363
300.362
300.36
300.358
300.355
300.352
300.349
300.345
300.34
300.334
300.328
300.321
300.313
300.304
300.294
300.283
300.272
300.26
300.248
300.236
300.225
300.217
300.211
300.209
300.209
300.216
300.231
300.256
300.294
300.347
300.417
300.501
300.606
300.73
300.883
301.052
301.229
301.41
298.724
298.971
299.21
299.435
299.636
299.819
299.971
300.089
300.178
300.24
300.28
300.303
300.313
300.314
300.309
300.3
300.289
300.28
300.273
300.267
300.262
300.258
300.256
300.255
300.256
300.258
300.262
300.266
300.27
300.275
300.282
300.29
300.3
300.307
300.313
300.318
300.324
300.329
300.333
300.338
300.342
300.345
300.349
300.352
300.356
300.36
300.364
300.368
300.372
300.376
300.38
300.383
300.386
300.388
300.39
300.392
300.393
300.394
300.394
300.394
300.394
300.393
300.391
300.39
300.387
300.385
300.382
300.378
300.374
300.369
300.363
300.357
300.349
300.341
300.332
300.322
300.311
300.3
300.287
300.275
300.262
300.249
300.239
300.232
300.225
300.221
300.222
300.23
300.245
300.27
300.309
300.363
300.434
300.518
300.622
300.743
300.894
301.06
301.234
301.411
298.726
298.977
299.218
299.447
299.656
299.84
299.992
300.111
300.201
300.263
300.304
300.327
300.337
300.339
300.334
300.326
300.316
300.307
300.299
300.294
300.29
300.286
300.284
300.284
300.285
300.287
300.29
300.293
300.297
300.304
300.311
300.32
300.327
300.332
300.337
300.342
300.347
300.352
300.356
300.36
300.363
300.367
300.371
300.376
300.381
300.386
300.391
300.396
300.4
300.404
300.407
300.411
300.413
300.416
300.418
300.419
300.421
300.421
300.422
300.422
300.421
300.42
300.418
300.416
300.413
300.41
300.407
300.402
300.397
300.392
300.385
300.378
300.37
300.361
300.351
300.34
300.328
300.316
300.303
300.289
300.276
300.262
300.251
300.245
300.237
300.234
300.235
300.242
300.258
300.284
300.324
300.378
300.45
300.534
300.634
300.756
300.906
301.069
301.239
301.413
298.728
298.984
299.228
299.459
299.674
299.86
300.013
300.133
300.223
300.286
300.327
300.351
300.362
300.364
300.36
300.353
300.344
300.334
300.326
300.32
300.316
300.314
300.312
300.312
300.312
300.314
300.316
300.32
300.326
300.332
300.34
300.347
300.352
300.356
300.361
300.365
300.37
300.374
300.377
300.381
300.386
300.391
300.397
300.403
300.408
300.413
300.418
300.423
300.427
300.431
300.435
300.438
300.44
300.443
300.445
300.446
300.447
300.448
300.448
300.448
300.447
300.446
300.444
300.441
300.438
300.434
300.43
300.425
300.42
300.413
300.406
300.398
300.389
300.38
300.369
300.357
300.344
300.331
300.317
300.303
300.289
300.274
300.263
300.256
300.248
300.245
300.246
300.255
300.271
300.298
300.338
300.393
300.466
300.549
300.646
300.77
300.917
301.077
301.244
301.415
298.73
298.989
299.239
299.474
299.691
299.879
300.033
300.155
300.245
300.309
300.35
300.374
300.386
300.389
300.386
300.38
300.372
300.362
300.353
300.347
300.343
300.34
300.339
300.339
300.339
300.341
300.344
300.349
300.355
300.362
300.368
300.373
300.376
300.38
300.384
300.388
300.392
300.396
300.4
300.405
300.412
300.418
300.424
300.43
300.435
300.44
300.445
300.449
300.454
300.457
300.461
300.464
300.466
300.469
300.47
300.472
300.473
300.473
300.473
300.472
300.471
300.47
300.467
300.465
300.461
300.457
300.452
300.447
300.441
300.434
300.426
300.417
300.407
300.397
300.385
300.373
300.36
300.346
300.331
300.316
300.3
300.287
300.276
300.266
300.259
300.256
300.257
300.266
300.283
300.311
300.351
300.407
300.481
300.559
300.658
300.785
300.929
301.085
301.249
301.416
298.732
298.994
299.248
299.49
299.709
299.898
300.054
300.176
300.267
300.331
300.372
300.397
300.409
300.413
300.411
300.405
300.398
300.389
300.381
300.375
300.37
300.367
300.366
300.366
300.367
300.37
300.374
300.378
300.385
300.39
300.394
300.397
300.4
300.404
300.408
300.411
300.415
300.42
300.426
300.433
300.439
300.445
300.451
300.456
300.462
300.466
300.471
300.475
300.479
300.483
300.486
300.489
300.491
300.493
300.495
300.496
300.497
300.497
300.496
300.495
300.494
300.492
300.489
300.486
300.482
300.478
300.473
300.467
300.46
300.452
300.444
300.434
300.424
300.413
300.401
300.388
300.374
300.359
300.344
300.328
300.312
300.298
300.288
300.277
300.269
300.266
300.268
300.277
300.295
300.323
300.365
300.421
300.491
300.57
300.672
300.798
300.94
301.093
301.254
301.418
298.734
299
299.258
299.504
299.725
299.917
300.074
300.197
300.288
300.352
300.395
300.42
300.433
300.437
300.435
300.431
300.425
300.417
300.41
300.404
300.399
300.396
300.395
300.395
300.397
300.4
300.403
300.408
300.413
300.416
300.419
300.421
300.425
300.428
300.432
300.436
300.442
300.448
300.454
300.46
300.466
300.472
300.477
300.482
300.487
300.492
300.496
300.5
300.503
300.507
300.51
300.512
300.514
300.516
300.517
300.518
300.519
300.519
300.518
300.517
300.515
300.513
300.51
300.506
300.502
300.497
300.491
300.484
300.477
300.469
300.46
300.45
300.439
300.428
300.415
300.401
300.387
300.371
300.356
300.339
300.324
300.309
300.298
300.287
300.279
300.276
300.278
300.288
300.306
300.336
300.378
300.435
300.496
300.58
300.689
300.811
300.95
301.101
301.259
301.42
298.736
299.006
299.269
299.518
299.742
299.935
300.094
300.217
300.309
300.374
300.416
300.442
300.455
300.46
300.46
300.456
300.451
300.444
300.438
300.433
300.428
300.426
300.425
300.425
300.427
300.429
300.433
300.437
300.439
300.441
300.443
300.446
300.449
300.453
300.458
300.463
300.47
300.476
300.482
300.487
300.493
300.497
300.502
300.507
300.511
300.516
300.52
300.523
300.527
300.529
300.532
300.534
300.536
300.538
300.539
300.539
300.539
300.539
300.538
300.536
300.534
300.531
300.528
300.524
300.519
300.514
300.507
300.5
300.493
300.484
300.475
300.464
300.453
300.441
300.427
300.413
300.398
300.383
300.367
300.35
300.334
300.321
300.307
300.296
300.288
300.285
300.288
300.298
300.317
300.347
300.391
300.44
300.505
300.595
300.702
300.824
300.961
301.109
301.264
301.421
298.738
299.012
299.28
299.532
299.759
299.953
300.113
300.237
300.33
300.395
300.437
300.464
300.477
300.483
300.483
300.481
300.476
300.471
300.465
300.461
300.457
300.455
300.454
300.454
300.456
300.458
300.461
300.463
300.464
300.466
300.468
300.471
300.475
300.48
300.485
300.491
300.497
300.502
300.508
300.513
300.517
300.522
300.526
300.531
300.535
300.538
300.542
300.545
300.548
300.551
300.553
300.555
300.556
300.558
300.558
300.558
300.558
300.557
300.556
300.554
300.551
300.548
300.544
300.54
300.534
300.528
300.522
300.514
300.506
300.497
300.487
300.477
300.465
300.452
300.438
300.424
300.409
300.393
300.377
300.36
300.344
300.329
300.316
300.305
300.297
300.294
300.297
300.308
300.328
300.359
300.4
300.446
300.516
300.611
300.715
300.836
300.971
301.116
301.268
301.423
298.74
299.019
299.29
299.545
299.775
299.971
300.132
300.257
300.35
300.415
300.458
300.485
300.499
300.505
300.506
300.504
300.501
300.497
300.492
300.488
300.485
300.483
300.482
300.482
300.484
300.486
300.487
300.487
300.489
300.491
300.494
300.497
300.502
300.507
300.513
300.518
300.523
300.528
300.532
300.537
300.541
300.545
300.549
300.553
300.556
300.56
300.563
300.566
300.568
300.57
300.573
300.574
300.575
300.576
300.576
300.576
300.575
300.574
300.572
300.57
300.567
300.563
300.559
300.554
300.548
300.542
300.535
300.527
300.518
300.509
300.498
300.487
300.475
300.462
300.448
300.433
300.418
300.402
300.385
300.369
300.354
300.338
300.325
300.314
300.306
300.303
300.306
300.318
300.338
300.37
300.401
300.454
300.535
300.624
300.728
300.848
300.981
301.124
301.273
301.424
298.742
299.025
299.301
299.559
299.791
299.989
300.151
300.277
300.369
300.435
300.478
300.505
300.52
300.527
300.529
300.528
300.525
300.522
300.517
300.514
300.511
300.51
300.509
300.509
300.511
300.511
300.511
300.512
300.514
300.516
300.52
300.524
300.529
300.533
300.538
300.543
300.547
300.551
300.555
300.559
300.563
300.567
300.57
300.574
300.577
300.58
300.583
300.585
300.587
300.589
300.59
300.591
300.593
300.593
300.593
300.592
300.591
300.589
300.587
300.584
300.581
300.576
300.572
300.566
300.56
300.553
300.546
300.538
300.529
300.519
300.508
300.497
300.484
300.471
300.457
300.442
300.426
300.41
300.393
300.377
300.361
300.346
300.333
300.322
300.315
300.312
300.316
300.327
300.349
300.37
300.409
300.469
300.549
300.637
300.741
300.86
300.991
301.131
301.277
301.426
298.744
299.032
299.311
299.573
299.807
300.007
300.169
300.295
300.389
300.454
300.498
300.525
300.541
300.548
300.55
300.55
300.548
300.545
300.542
300.539
300.537
300.535
300.535
300.535
300.536
300.535
300.535
300.537
300.539
300.542
300.545
300.549
300.554
300.558
300.562
300.566
300.57
300.573
300.577
300.58
300.584
300.587
300.59
300.593
300.596
300.599
300.601
300.603
300.605
300.607
300.608
300.609
300.609
300.609
300.608
300.608
300.606
300.604
300.601
300.597
300.594
300.589
300.584
300.578
300.571
300.564
300.556
300.547
300.538
300.528
300.517
300.505
300.492
300.478
300.464
300.449
300.434
300.418
300.401
300.385
300.369
300.354
300.341
300.33
300.323
300.321
300.325
300.337
300.351
300.376
300.42
300.489
300.563
300.651
300.755
300.872
301.001
301.139
301.282
301.427
298.747
299.038
299.321
299.586
299.823
300.024
300.188
300.314
300.407
300.473
300.517
300.544
300.56
300.568
300.571
300.571
300.57
300.568
300.565
300.563
300.561
300.56
300.559
300.559
300.559
300.558
300.559
300.561
300.563
300.566
300.57
300.573
300.577
300.58
300.584
300.587
300.59
300.594
300.597
300.6
300.603
300.606
300.609
300.611
300.614
300.616
300.618
300.62
300.621
300.623
300.624
300.624
300.624
300.624
300.624
300.621
300.619
300.617
300.615
300.61
300.606
300.601
300.595
300.589
300.582
300.574
300.565
300.556
300.547
300.536
300.524
300.512
300.499
300.485
300.471
300.456
300.44
300.424
300.408
300.391
300.376
300.362
300.349
300.338
300.331
300.329
300.334
300.34
300.354
300.384
300.441
300.503
300.576
300.665
300.768
300.884
301.011
301.146
301.286
301.429
298.749
299.045
299.332
299.6
299.839
300.041
300.206
300.332
300.426
300.491
300.535
300.563
300.579
300.588
300.591
300.592
300.591
300.589
300.587
300.586
300.584
300.583
300.582
300.582
300.581
300.581
300.582
300.584
300.586
300.589
300.592
300.595
300.598
300.601
300.604
300.607
300.61
300.613
300.615
300.618
300.621
300.623
300.626
300.628
300.63
300.632
300.634
300.636
300.637
300.638
300.639
300.639
300.639
300.638
300.637
300.635
300.633
300.631
300.627
300.621
300.618
300.613
300.606
300.599
300.592
300.584
300.575
300.565
300.555
300.544
300.532
300.519
300.506
300.492
300.477
300.462
300.447
300.431
300.415
300.398
300.383
300.369
300.356
300.346
300.34
300.338
300.338
300.344
300.363
300.405
300.456
300.517
300.591
300.68
300.782
300.897
301.021
301.154
301.291
301.43
298.751
299.051
299.342
299.613
299.854
300.058
300.223
300.35
300.443
300.509
300.553
300.581
300.598
300.607
300.611
300.612
300.611
300.609
300.608
300.607
300.605
300.604
300.603
300.603
300.603
300.603
300.604
300.606
300.608
300.61
300.613
300.615
300.618
300.62
300.623
300.625
300.628
300.63
300.633
300.635
300.638
300.64
300.642
300.644
300.646
300.648
300.65
300.651
300.652
300.653
300.653
300.653
300.653
300.652
300.651
300.649
300.647
300.644
300.64
300.635
300.63
300.624
300.616
300.609
300.603
300.594
300.584
300.574
300.564
300.552
300.539
300.526
300.513
300.499
300.484
300.469
300.453
300.437
300.421
300.405
300.39
300.376
300.364
300.354
300.347
300.342
300.343
300.353
300.382
300.421
300.47
300.532
300.607
300.695
300.797
300.909
301.032
301.162
301.296
301.432
298.753
299.057
299.352
299.626
299.87
300.075
300.24
300.367
300.46
300.526
300.57
300.598
300.615
300.625
300.629
300.63
300.63
300.629
300.628
300.627
300.625
300.624
300.624
300.623
300.623
300.624
300.625
300.626
300.628
300.63
300.632
300.634
300.636
300.638
300.64
300.642
300.644
300.647
300.649
300.651
300.653
300.655
300.657
300.659
300.661
300.663
300.664
300.666
300.667
300.667
300.668
300.668
300.667
300.666
300.665
300.663
300.66
300.657
300.653
300.648
300.643
300.637
300.63
300.621
300.613
300.603
300.593
300.584
300.574
300.561
300.547
300.533
300.52
300.506
300.491
300.476
300.461
300.445
300.428
300.412
300.398
300.384
300.373
300.362
300.354
300.35
300.352
300.37
300.398
300.435
300.486
300.548
300.623
300.711
300.812
300.923
301.043
301.17
301.3
301.433
298.755
299.064
299.362
299.64
299.885
300.091
300.257
300.384
300.477
300.543
300.587
300.615
300.632
300.641
300.646
300.648
300.648
300.648
300.647
300.645
300.644
300.643
300.643
300.642
300.642
300.643
300.643
300.644
300.646
300.647
300.649
300.651
300.652
300.654
300.656
300.658
300.66
300.662
300.664
300.666
300.668
300.67
300.672
300.674
300.676
300.677
300.679
300.68
300.681
300.681
300.682
300.682
300.681
300.68
300.679
300.676
300.674
300.67
300.666
300.661
300.656
300.649
300.642
300.634
300.626
300.617
300.605
300.594
300.583
300.57
300.555
300.541
300.528
300.514
300.5
300.485
300.469
300.453
300.436
300.421
300.407
300.394
300.381
300.369
300.361
300.359
300.367
300.385
300.413
300.452
300.503
300.566
300.641
300.728
300.827
300.937
301.054
301.178
301.305
301.435
298.757
299.07
299.373
299.653
299.9
300.107
300.273
300.4
300.493
300.558
300.602
300.63
300.648
300.657
300.662
300.664
300.665
300.665
300.664
300.663
300.662
300.661
300.66
300.66
300.66
300.66
300.661
300.661
300.662
300.664
300.665
300.666
300.668
300.669
300.671
300.672
300.674
300.676
300.678
300.68
300.682
300.684
300.686
300.688
300.689
300.691
300.693
300.694
300.695
300.696
300.696
300.696
300.695
300.694
300.693
300.691
300.688
300.684
300.68
300.675
300.669
300.663
300.656
300.647
300.639
300.629
300.618
300.607
300.596
300.583
300.567
300.552
300.539
300.525
300.511
300.495
300.479
300.462
300.445
300.428
300.414
300.401
300.388
300.377
300.371
300.373
300.383
300.402
300.431
300.47
300.522
300.585
300.66
300.747
300.844
300.951
301.066
301.186
301.31
301.437
298.76
299.077
299.383
299.666
299.915
300.123
300.289
300.416
300.508
300.573
300.617
300.645
300.663
300.673
300.678
300.68
300.68
300.679
300.678
300.678
300.677
300.677
300.677
300.676
300.676
300.676
300.677
300.677
300.678
300.679
300.68
300.681
300.682
300.683
300.685
300.686
300.688
300.69
300.691
300.693
300.695
300.697
300.699
300.701
300.703
300.705
300.706
300.708
300.709
300.71
300.71
300.71
300.71
300.709
300.708
300.705
300.703
300.699
300.695
300.69
300.684
300.678
300.67
300.662
300.653
300.643
300.632
300.62
300.608
300.595
300.58
300.566
300.551
300.537
300.522
300.506
300.489
300.471
300.453
300.436
300.421
300.408
300.397
300.389
300.385
300.389
300.4
300.42
300.45
300.491
300.543
300.606
300.68
300.766
300.861
300.966
301.077
301.195
301.316
301.438
298.762
299.083
299.393
299.679
299.93
300.139
300.305
300.431
300.523
300.588
300.631
300.659
300.676
300.686
300.691
300.693
300.693
300.693
300.692
300.692
300.691
300.691
300.692
300.691
300.691
300.691
300.692
300.692
300.692
300.693
300.693
300.694
300.695
300.696
300.698
300.699
300.701
300.702
300.704
300.706
300.708
300.71
300.712
300.714
300.716
300.718
300.72
300.721
300.723
300.724
300.724
300.725
300.725
300.724
300.723
300.721
300.718
300.715
300.711
300.706
300.7
300.694
300.686
300.678
300.668
300.658
300.647
300.635
300.622
300.609
300.594
300.579
300.564
300.549
300.533
300.517
300.5
300.482
300.464
300.447
300.433
300.42
300.41
300.403
300.402
300.407
300.42
300.441
300.472
300.514
300.565
300.628
300.702
300.786
300.879
300.981
301.09
301.204
301.321
301.44
298.764
299.09
299.404
299.692
299.944
300.154
300.32
300.446
300.537
300.601
300.645
300.672
300.69
300.699
300.704
300.707
300.707
300.707
300.707
300.706
300.705
300.705
300.705
300.705
300.705
300.705
300.705
300.705
300.706
300.706
300.706
300.707
300.708
300.709
300.71
300.712
300.713
300.715
300.716
300.718
300.72
300.722
300.725
300.727
300.729
300.731
300.733
300.735
300.736
300.738
300.739
300.739
300.739
300.739
300.738
300.737
300.734
300.731
300.727
300.723
300.717
300.711
300.703
300.695
300.685
300.675
300.663
300.651
300.638
300.624
300.61
300.594
300.579
300.562
300.546
300.529
300.512
300.494
300.477
300.461
300.447
300.435
300.426
300.421
300.422
300.428
300.442
300.465
300.497
300.538
300.59
300.652
300.725
300.807
300.898
300.997
301.103
301.213
301.327
301.442
298.766
299.097
299.414
299.705
299.959
300.169
300.335
300.46
300.551
300.614
300.657
300.685
300.702
300.712
300.717
300.719
300.72
300.72
300.72
300.719
300.718
300.718
300.717
300.718
300.718
300.718
300.718
300.718
300.718
300.718
300.719
300.719
300.72
300.721
300.722
300.723
300.725
300.727
300.728
300.73
300.732
300.734
300.737
300.739
300.741
300.744
300.746
300.748
300.75
300.751
300.753
300.754
300.754
300.754
300.754
300.753
300.751
300.748
300.745
300.74
300.735
300.729
300.721
300.713
300.703
300.693
300.682
300.669
300.656
300.642
300.627
300.611
300.595
300.579
300.562
300.545
300.528
300.51
300.493
300.478
300.464
300.454
300.446
300.443
300.445
300.453
300.468
300.491
300.523
300.565
300.616
300.678
300.749
300.829
300.918
301.014
301.116
301.223
301.332
301.444
298.769
299.103
299.424
299.718
299.973
300.184
300.349
300.474
300.564
300.627
300.669
300.697
300.714
300.724
300.729
300.732
300.732
300.733
300.732
300.732
300.731
300.73
300.73
300.73
300.73
300.73
300.73
300.73
300.73
300.73
300.73
300.731
300.732
300.732
300.734
300.735
300.736
300.738
300.74
300.742
300.744
300.746
300.748
300.751
300.753
300.756
300.758
300.761
300.763
300.765
300.767
300.768
300.769
300.77
300.77
300.769
300.767
300.765
300.762
300.758
300.753
300.747
300.74
300.732
300.723
300.713
300.701
300.689
300.676
300.662
300.647
300.631
300.614
300.598
300.581
300.563
300.546
300.529
300.513
300.498
300.486
300.476
300.47
300.468
300.471
300.48
300.496
300.52
300.553
300.594
300.645
300.705
300.774
300.852
300.938
301.031
301.13
301.232
301.338
301.446
298.771
299.11
299.435
299.731
299.988
300.198
300.363
300.487
300.576
300.639
300.68
300.707
300.724
300.735
300.74
300.743
300.744
300.744
300.744
300.743
300.743
300.742
300.742
300.741
300.741
300.742
300.742
300.742
300.742
300.742
300.742
300.742
300.743
300.743
300.745
300.746
300.747
300.749
300.751
300.753
300.755
300.757
300.76
300.762
300.765
300.768
300.771
300.773
300.776
300.778
300.78
300.782
300.784
300.785
300.785
300.785
300.784
300.782
300.78
300.776
300.772
300.766
300.76
300.752
300.743
300.733
300.722
300.71
300.697
300.683
300.668
300.652
300.636
300.619
300.602
300.585
300.568
300.551
300.536
300.522
300.511
300.502
300.497
300.496
300.5
300.511
300.527
300.552
300.584
300.625
300.675
300.733
300.801
300.876
300.959
301.049
301.144
301.243
301.345
301.448
298.774
299.117
299.446
299.745
300.002
300.213
300.377
300.5
300.588
300.65
300.691
300.718
300.735
300.745
300.751
300.754
300.755
300.755
300.755
300.754
300.754
300.753
300.753
300.752
300.752
300.752
300.753
300.752
300.753
300.753
300.753
300.753
300.753
300.754
300.755
300.756
300.758
300.759
300.761
300.763
300.766
300.768
300.771
300.773
300.776
300.779
300.782
300.785
300.788
300.791
300.793
300.796
300.798
300.799
300.8
300.8
300.8
300.799
300.797
300.794
300.79
300.786
300.78
300.773
300.764
300.755
300.744
300.733
300.72
300.706
300.691
300.676
300.66
300.643
300.626
300.609
300.593
300.577
300.563
300.55
300.54
300.532
300.528
300.528
300.533
300.544
300.561
300.586
300.618
300.658
300.707
300.764
300.829
300.902
300.981
301.067
301.158
301.253
301.351
301.45
298.776
299.124
299.456
299.758
300.016
300.227
300.39
300.512
300.599
300.66
300.701
300.728
300.745
300.755
300.761
300.764
300.765
300.765
300.765
300.765
300.764
300.764
300.764
300.763
300.763
300.763
300.763
300.763
300.763
300.763
300.763
300.763
300.764
300.764
300.765
300.766
300.768
300.769
300.771
300.773
300.776
300.778
300.781
300.784
300.787
300.79
300.793
300.797
300.8
300.803
300.806
300.808
300.811
300.813
300.814
300.815
300.816
300.815
300.814
300.812
300.809
300.805
300.799
300.793
300.785
300.777
300.767
300.756
300.744
300.731
300.716
300.701
300.686
300.67
300.653
300.637
300.621
300.607
300.593
300.582
300.572
300.566
300.562
300.563
300.569
300.58
300.598
300.622
300.654
300.693
300.74
300.795
300.858
300.928
301.004
301.086
301.173
301.264
301.357
301.452
298.778
299.131
299.467
299.771
300.03
300.24
300.403
300.523
300.61
300.67
300.711
300.737
300.754
300.764
300.77
300.773
300.774
300.775
300.775
300.775
300.774
300.774
300.774
300.773
300.773
300.773
300.772
300.773
300.773
300.773
300.773
300.773
300.774
300.774
300.775
300.776
300.777
300.779
300.781
300.783
300.785
300.788
300.791
300.794
300.797
300.8
300.804
300.807
300.811
300.814
300.817
300.82
300.823
300.826
300.828
300.829
300.83
300.83
300.83
300.829
300.826
300.823
300.819
300.813
300.807
300.799
300.79
300.78
300.768
300.756
300.743
300.729
300.714
300.698
300.683
300.667
300.652
300.639
300.627
300.617
300.608
300.602
300.6
300.602
300.608
300.619
300.637
300.661
300.691
300.729
300.775
300.828
300.888
300.955
301.028
301.106
301.189
301.275
301.364
301.455
298.781
299.139
299.478
299.784
300.044
300.253
300.415
300.534
300.619
300.679
300.719
300.745
300.762
300.772
300.778
300.781
300.783
300.784
300.784
300.784
300.784
300.784
300.783
300.783
300.783
300.782
300.782
300.782
300.783
300.783
300.783
300.783
300.783
300.784
300.784
300.785
300.787
300.788
300.79
300.792
300.794
300.797
300.8
300.803
300.806
300.809
300.813
300.817
300.82
300.824
300.828
300.831
300.834
300.837
300.84
300.842
300.844
300.845
300.845
300.844
300.843
300.841
300.837
300.833
300.827
300.82
300.813
300.804
300.793
300.782
300.77
300.757
300.743
300.729
300.715
300.7
300.687
300.675
300.664
300.654
300.647
300.642
300.64
300.643
300.649
300.661
300.678
300.701
300.731
300.768
300.811
300.862
300.919
300.982
301.052
301.126
301.205
301.287
301.371
301.457
298.784
299.146
299.489
299.797
300.057
300.266
300.426
300.544
300.628
300.687
300.726
300.753
300.769
300.78
300.786
300.789
300.791
300.792
300.793
300.793
300.793
300.793
300.793
300.792
300.792
300.792
300.792
300.791
300.792
300.792
300.792
300.792
300.792
300.793
300.793
300.794
300.795
300.797
300.799
300.8
300.803
300.805
300.808
300.811
300.814
300.818
300.821
300.825
300.829
300.833
300.837
300.841
300.844
300.848
300.851
300.853
300.856
300.857
300.858
300.859
300.858
300.857
300.855
300.851
300.847
300.842
300.835
300.827
300.819
300.809
300.798
300.787
300.774
300.762
300.749
300.736
300.724
300.714
300.701
300.695
300.688
300.684
300.683
300.686
300.693
300.704
300.721
300.744
300.772
300.807
300.849
300.896
300.951
301.011
301.076
301.147
301.221
301.299
301.378
301.459
298.786
299.153
299.5
299.809
300.07
300.278
300.437
300.553
300.636
300.694
300.733
300.759
300.776
300.786
300.793
300.797
300.799
300.8
300.801
300.801
300.801
300.801
300.801
300.801
300.801
300.801
300.801
300.8
300.8
300.801
300.801
300.801
300.801
300.801
300.802
300.803
300.804
300.805
300.807
300.808
300.81
300.813
300.816
300.818
300.822
300.825
300.829
300.833
300.837
300.841
300.845
300.849
300.853
300.857
300.86
300.864
300.866
300.869
300.871
300.872
300.872
300.872
300.871
300.869
300.866
300.862
300.857
300.85
300.843
300.835
300.826
300.816
300.806
300.795
300.784
300.773
300.763
300.754
300.742
300.737
300.732
300.729
300.728
300.731
300.738
300.75
300.766
300.788
300.815
300.848
300.887
300.932
300.983
301.04
301.102
301.168
301.238
301.311
301.386
301.462
298.789
299.16
299.51
299.822
300.082
300.289
300.446
300.561
300.643
300.7
300.739
300.764
300.781
300.792
300.799
300.803
300.806
300.807
300.808
300.809
300.809
300.809
300.809
300.809
300.809
300.809
300.809
300.809
300.809
300.809
300.809
300.809
300.809
300.81
300.81
300.811
300.812
300.813
300.814
300.816
300.818
300.82
300.822
300.825
300.828
300.832
300.835
300.839
300.843
300.847
300.852
300.856
300.86
300.864
300.868
300.872
300.875
300.879
300.881
300.883
300.885
300.885
300.885
300.885
300.883
300.88
300.877
300.872
300.867
300.861
300.854
300.846
300.838
300.829
300.82
300.811
300.802
300.795
300.79
300.782
300.777
300.775
300.775
300.779
300.786
300.797
300.812
300.833
300.859
300.89
300.927
300.969
301.017
301.07
301.128
301.189
301.255
301.323
301.393
301.464
298.791
299.167
299.52
299.833
300.093
300.299
300.454
300.567
300.648
300.704
300.742
300.768
300.785
300.796
300.804
300.808
300.811
300.813
300.815
300.815
300.816
300.816
300.817
300.817
300.817
300.817
300.817
300.817
300.817
300.816
300.817
300.817
300.817
300.817
300.818
300.818
300.819
300.82
300.821
300.822
300.824
300.826
300.828
300.831
300.834
300.837
300.841
300.844
300.848
300.853
300.857
300.861
300.866
300.87
300.875
300.879
300.883
300.887
300.89
300.893
300.895
300.897
300.898
300.899
300.899
300.898
300.896
300.893
300.89
300.885
300.88
300.875
300.868
300.862
300.855
300.848
300.841
300.833
300.833
300.826
300.823
300.821
300.823
300.827
300.834
300.845
300.86
300.879
300.904
300.933
300.967
301.007
301.051
301.1
301.154
301.211
301.272
301.336
301.401
301.467
298.794
299.174
299.529
299.842
300.102
300.306
300.46
300.572
300.651
300.707
300.745
300.771
300.788
300.8
300.807
300.812
300.816
300.818
300.82
300.821
300.822
300.823
300.823
300.823
300.824
300.824
300.824
300.824
300.824
300.824
300.824
300.824
300.824
300.824
300.825
300.825
300.825
300.826
300.827
300.828
300.83
300.832
300.834
300.836
300.839
300.842
300.845
300.849
300.853
300.857
300.861
300.866
300.87
300.875
300.88
300.884
300.889
300.893
300.897
300.901
300.904
300.907
300.909
300.911
300.912
300.913
300.913
300.912
300.91
300.908
300.905
300.902
300.898
300.893
300.889
300.884
300.88
300.876
300.874
300.869
300.868
300.868
300.87
300.875
300.882
300.893
300.908
300.926
300.949
300.976
301.008
301.045
301.086
301.131
301.181
301.234
301.29
301.348
301.408
301.469
298.796
299.179
299.537
299.85
300.109
300.311
300.463
300.574
300.652
300.707
300.745
300.771
300.789
300.801
300.81
300.816
300.82
300.822
300.825
300.826
300.827
300.828
300.829
300.829
300.83
300.83
300.83
300.83
300.83
300.83
300.83
300.83
300.83
300.831
300.831
300.831
300.831
300.832
300.833
300.834
300.835
300.836
300.838
300.84
300.843
300.846
300.849
300.852
300.856
300.86
300.864
300.869
300.874
300.878
300.883
300.888
300.893
300.898
300.903
300.907
300.911
300.915
300.918
300.921
300.924
300.926
300.927
300.928
300.928
300.928
300.928
300.927
300.925
300.923
300.921
300.919
300.916
300.915
300.913
300.911
300.913
300.914
300.917
300.923
300.93
300.941
300.955
300.973
300.994
301.019
301.049
301.083
301.12
301.162
301.207
301.256
301.307
301.361
301.416
301.472
298.797
299.183
299.542
299.855
300.112
300.312
300.463
300.572
300.65
300.705
300.743
300.77
300.789
300.802
300.811
300.817
300.822
300.825
300.828
300.83
300.831
300.832
300.833
300.834
300.835
300.835
300.835
300.836
300.836
300.836
300.836
300.836
300.836
300.836
300.836
300.837
300.837
300.837
300.838
300.838
300.839
300.841
300.842
300.844
300.846
300.849
300.851
300.855
300.858
300.862
300.866
300.871
300.876
300.88
300.886
300.891
300.896
300.901
300.906
300.911
300.916
300.921
300.925
300.929
300.933
300.936
300.939
300.942
300.944
300.946
300.947
300.948
300.949
300.95
300.95
300.95
300.95
300.95
300.951
300.955
300.955
300.958
300.962
300.969
300.977
300.988
301.001
301.018
301.038
301.062
301.089
301.12
301.154
301.192
301.234
301.278
301.324
301.373
301.423
301.474
298.798
299.185
299.544
299.855
300.11
300.309
300.458
300.567
300.644
300.7
300.739
300.767
300.786
300.8
300.81
300.818
300.823
300.827
300.83
300.833
300.834
300.836
300.837
300.838
300.839
300.839
300.84
300.84
300.84
300.841
300.841
300.841
300.841
300.841
300.841
300.841
300.841
300.842
300.842
300.843
300.843
300.844
300.845
300.847
300.849
300.851
300.854
300.856
300.86
300.863
300.867
300.872
300.876
300.881
300.887
300.892
300.897
300.903
300.908
300.914
300.919
300.925
300.93
300.935
300.94
300.944
300.949
300.953
300.957
300.96
300.964
300.967
300.97
300.972
300.975
300.978
300.98
300.983
300.986
300.991
300.992
300.998
301.004
301.011
301.02
301.031
301.045
301.061
301.08
301.102
301.127
301.155
301.186
301.221
301.258
301.298
301.34
301.384
301.43
301.476
298.798
299.184
299.541
299.85
300.103
300.299
300.447
300.556
300.635
300.691
300.732
300.761
300.782
300.797
300.808
300.817
300.823
300.828
300.831
300.834
300.836
300.838
300.84
300.841
300.842
300.843
300.843
300.844
300.844
300.844
300.845
300.845
300.845
300.845
300.845
300.845
300.845
300.845
300.846
300.846
300.846
300.847
300.848
300.849
300.851
300.853
300.855
300.858
300.861
300.864
300.868
300.872
300.877
300.881
300.886
300.892
300.897
300.903
300.909
300.915
300.921
300.927
300.933
300.939
300.944
300.95
300.955
300.961
300.966
300.971
300.976
300.981
300.986
300.99
300.995
301
301.005
301.01
301.015
301.02
301.028
301.033
301.04
301.049
301.059
301.07
301.084
301.099
301.117
301.138
301.161
301.187
301.215
301.246
301.28
301.316
301.354
301.394
301.436
301.478
298.797
299.18
299.532
299.838
300.088
300.283
300.431
300.541
300.621
300.679
300.722
300.753
300.776
300.792
300.805
300.814
300.821
300.827
300.831
300.835
300.837
300.84
300.841
300.843
300.844
300.845
300.846
300.846
300.847
300.847
300.847
300.848
300.848
300.848
300.848
300.848
300.848
300.848
300.848
300.849
300.849
300.85
300.85
300.851
300.853
300.854
300.856
300.858
300.861
300.864
300.868
300.872
300.876
300.881
300.886
300.891
300.897
300.903
300.909
300.915
300.921
300.928
300.934
300.94
300.947
300.953
300.959
300.966
300.972
300.978
300.985
300.991
300.997
301.003
301.01
301.016
301.023
301.03
301.037
301.044
301.052
301.06
301.069
301.079
301.089
301.102
301.115
301.131
301.148
301.167
301.189
301.213
301.239
301.267
301.298
301.33
301.365
301.402
301.44
301.48
298.794
299.17
299.517
299.818
300.065
300.26
300.409
300.52
300.603
300.665
300.71
300.743
300.768
300.787
300.801
300.811
300.819
300.826
300.831
300.835
300.838
300.84
300.842
300.844
300.845
300.846
300.847
300.848
300.849
300.849
300.849
300.85
300.85
300.85
300.85
300.85
300.85
300.85
300.85
300.851
300.851
300.851
300.852
300.853
300.854
300.855
300.857
300.859
300.861
300.864
300.867
300.871
300.875
300.88
300.885
300.89
300.896
300.901
300.908
300.914
300.92
300.927
300.934
300.941
300.947
300.954
300.961
300.968
300.975
300.982
300.989
300.997
301.004
301.011
301.019
301.027
301.035
301.043
301.051
301.06
301.069
301.079
301.089
301.099
301.111
301.124
301.138
301.153
301.17
301.189
301.209
301.232
301.256
301.282
301.31
301.341
301.373
301.408
301.444
301.481
298.789
299.157
299.497
299.792
300.037
300.232
300.383
300.498
300.585
300.649
300.698
300.734
300.761
300.781
300.796
300.808
300.817
300.824
300.83
300.834
300.837
300.84
300.842
300.844
300.846
300.847
300.848
300.849
300.85
300.85
300.851
300.851
300.851
300.851
300.851
300.851
300.851
300.852
300.852
300.852
300.852
300.852
300.853
300.853
300.854
300.856
300.857
300.859
300.861
300.864
300.867
300.871
300.875
300.879
300.884
300.889
300.894
300.9
300.906
300.913
300.919
300.926
300.933
300.94
300.947
300.954
300.961
300.969
300.976
300.984
300.991
300.999
301.007
301.015
301.023
301.032
301.04
301.049
301.058
301.068
301.078
301.088
301.099
301.111
301.123
301.136
301.151
301.166
301.183
301.201
301.221
301.242
301.266
301.291
301.318
301.347
301.378
301.411
301.446
301.482
298.785
299.145
299.477
299.768
300.012
300.208
300.362
300.48
300.57
300.638
300.689
300.727
300.755
300.777
300.793
300.806
300.815
300.823
300.829
300.833
300.837
300.84
300.842
300.844
300.846
300.847
300.848
300.849
300.85
300.85
300.851
300.851
300.852
300.852
300.852
300.852
300.852
300.852
300.852
300.852
300.852
300.853
300.853
300.854
300.855
300.856
300.857
300.859
300.861
300.864
300.867
300.87
300.874
300.879
300.883
300.888
300.894
300.9
300.906
300.912
300.919
300.925
300.932
300.939
300.946
300.954
300.961
300.969
300.976
300.984
300.992
300.999
301.008
301.016
301.024
301.033
301.042
301.051
301.061
301.07
301.081
301.091
301.103
301.114
301.127
301.141
301.155
301.171
301.187
301.206
301.225
301.246
301.269
301.294
301.321
301.349
301.38
301.413
301.447
301.482
)
;

boundaryField
{
    Adiabatic_walls
    {
        type            calculated;
        value           nonuniform List<scalar> 
200
(
298.785
299.145
299.477
299.768
300.012
300.208
300.362
300.48
300.57
300.638
300.689
300.727
300.755
300.777
300.793
300.806
300.815
300.823
300.829
300.833
300.837
300.84
300.842
300.844
300.846
300.847
300.848
300.849
300.85
300.85
300.851
300.851
300.852
300.852
300.852
300.852
300.852
300.852
300.852
300.852
300.852
300.853
300.853
300.854
300.855
300.856
300.857
300.859
300.861
300.864
300.867
300.87
300.874
300.879
300.883
300.888
300.894
300.9
300.906
300.912
300.919
300.925
300.932
300.939
300.946
300.954
300.961
300.969
300.976
300.984
300.992
300.999
301.008
301.016
301.024
301.033
301.042
301.051
301.061
301.07
301.081
301.091
301.103
301.114
301.127
301.141
301.155
301.171
301.187
301.206
301.225
301.246
301.269
301.294
301.321
301.349
301.38
301.413
301.447
301.482
298.616
298.649
298.681
298.711
298.74
298.767
298.793
298.816
298.838
298.859
298.878
298.895
298.911
298.926
298.94
298.953
298.966
298.977
298.988
298.998
299.008
299.017
299.026
299.034
299.042
299.05
299.058
299.065
299.072
299.079
299.085
299.092
299.098
299.105
299.111
299.117
299.123
299.128
299.134
299.14
299.145
299.151
299.156
299.161
299.166
299.17
299.175
299.179
299.183
299.187
299.19
299.193
299.196
299.199
299.201
299.204
299.206
299.208
299.21
299.211
299.213
299.215
299.217
299.218
299.22
299.222
299.224
299.226
299.228
299.23
299.232
299.235
299.237
299.24
299.243
299.246
299.25
299.253
299.257
299.262
299.267
299.274
299.281
299.29
299.301
299.314
299.331
299.354
299.383
299.42
299.471
299.537
299.626
299.742
299.894
300.088
300.33
300.621
300.954
301.315
)
;
    }
    Left
    {
        type            calculated;
        value           uniform 298.6;
    }
    Right
    {
        type            calculated;
        value           uniform 301.5;
    }
    frontAndBack
    {
        type            empty;
    }
}

