/*--------------------------------*- C++ -*----------------------------------*\
  =========                 |
  \\      /  F ield         | OpenFOAM: The Open Source CFD Toolbox
   \\    /   O peration     | Website:  https://openfoam.org
    \\  /    A nd           | Version:  6
     \\/     M anipulation  |
\*---------------------------------------------------------------------------*/
FoamFile
{
    version     2.0;
    format      ascii;
    class       volScalarField;
    location    "0";
    object      T;
}
// * * * * * * * * * * * * * * * * * * * * * * * * * * * * * * * * * * * * * //

dimensions      [0 0 0 1 0 0 0];

internalField   nonuniform List<scalar> 
10000
(
-2.55084
-7.60768
-11.9506
-14.8279
-16.1515
-16.1431
-15.1446
-13.4747
-11.3721
-8.99717
-6.45981
-3.84414
-1.22818
1.31129
3.69639
5.85481
7.72317
9.25206
10.3986
11.1259
11.4032
11.2085
10.5266
9.35103
7.68073
5.52204
2.88588
-0.210754
-3.74696
-7.69655
-12.0298
-16.7123
-21.7063
-26.97
-32.4585
-38.1237
-43.9151
-49.78
-55.6643
-61.5134
-67.2728
-72.8888
-78.3097
-83.4863
-88.3728
-92.9271
-97.1115
-100.893
-104.244
-107.139
-109.561
-111.495
-112.93
-113.86
-114.281
-114.191
-113.593
-112.489
-110.886
-108.789
-106.205
-103.144
-99.6133
-95.6232
-91.1831
-86.3036
-80.9949
-75.2683
-69.135
-62.6071
-55.6975
-48.4203
-40.7908
-32.8264
-24.5467
-15.9742
-7.13492
1.94034
11.2156
20.648
30.1863
39.7688
49.3215
58.7542
67.9572
76.7966
85.1078
92.6885
99.2899
104.608
108.278
109.871
108.909
104.899
97.4116
86.1714
71.2204
53.0444
32.5727
10.9398
-2.59601
-7.57487
-11.592
-14.072
-14.9886
-14.6101
-13.2977
-11.3776
-9.08496
-6.5797
-3.96575
-1.32681
1.26627
3.7388
6.02198
8.04685
9.75951
11.123
12.1119
12.6864
12.8177
12.4818
11.6665
10.363
8.57313
6.3011
3.55969
0.364003
-3.26388
-7.29959
-11.7128
-16.4708
-21.5356
-26.8667
-32.4194
-38.1465
-43.9977
-49.9205
-55.8614
-61.7652
-67.5779
-73.2448
-78.7147
-83.9371
-88.8666
-93.4598
-97.6797
-101.492
-104.869
-107.786
-110.225
-112.172
-113.615
-114.549
-114.97
-114.877
-114.273
-113.16
-111.545
-109.433
-106.835
-103.755
-100.206
-96.1958
-91.7353
-86.834
-81.5037
-75.7543
-69.5984
-63.0469
-56.1137
-48.8116
-41.1569
-33.1657
-24.8579
-16.2549
-7.38273
1.72942
11.0459
20.5257
30.1186
39.7652
49.3933
58.9153
68.2243
77.1893
85.6485
93.4019
100.202
105.743
109.653
111.488
110.744
106.891
99.4545
88.1043
72.8618
54.2452
33.2742
11.1703
-2.16424
-6.22361
-9.31394
-10.884
-10.9298
-9.73648
-7.69103
-5.13628
-2.32992
0.560231
3.41894
6.16796
8.73771
11.0699
13.1054
14.7965
16.1004
16.9942
17.5015
17.6146
17.2969
16.5299
15.2993
13.6017
11.4369
8.81321
5.74152
2.23946
-1.67306
-5.97054
-10.625
-15.6037
-20.871
-26.3877
-32.1108
-37.9949
-43.9912
-50.0492
-56.1157
-62.1378
-68.0606
-73.8317
-79.3981
-84.7113
-89.7233
-94.3929
-98.6802
-102.553
-105.981
-108.941
-111.414
-113.387
-114.847
-115.791
-116.212
-116.115
-115.498
-114.368
-112.729
-110.591
-107.959
-104.846
-101.258
-97.2076
-92.7038
-87.759
-82.3831
-76.5884
-70.3853
-63.7871
-56.8053
-49.4547
-41.7493
-33.7063
-25.3436
-16.683
-7.74812
1.43201
10.8246
20.3895
30.0797
39.8378
49.5946
59.2652
68.7453
77.9057
86.5856
94.5841
101.65
107.469
111.654
113.742
113.196
109.449
101.964
90.3881
74.7421
55.5981
34.0636
11.4274
-1.46669
-4.10544
-5.75093
-5.87491
-4.50502
-1.96896
1.30984
4.95174
8.67536
12.2918
15.679
18.7542
21.456
23.7344
25.5485
26.8665
27.6671
27.9419
27.7144
27.0691
26.0125
24.5168
22.5754
20.188
17.3605
14.1034
10.4317
6.36384
1.92189
-2.86894
-7.9803
-13.3808
-19.0359
-24.9083
-30.9574
-37.1399
-43.4099
-49.7191
-56.0173
-62.2528
-68.3738
-74.3281
-80.065
-85.5354
-90.6932
-95.4957
-99.9044
-103.885
-107.41
-110.453
-112.997
-115.026
-116.531
-117.507
-117.949
-117.86
-117.242
-116.1
-114.441
-112.275
-109.609
-106.453
-102.818
-98.7155
-94.1553
-89.1502
-83.712
-77.8524
-71.5833
-64.9167
-57.8654
-50.4429
-42.6637
-34.5437
-26.1006
-17.3546
-8.32855
0.950724
10.4518
20.1373
29.9621
39.8716
49.7988
59.6607
69.3541
78.7495
87.6836
95.9501
103.288
109.37
113.791
116.059
115.611
111.847
104.198
92.3049
76.2277
56.6088
34.6317
11.6113
-0.594961
-1.4513
-1.27345
0.434673
3.59676
7.83444
12.6814
17.7232
22.6544
27.269
31.437
35.072
38.1167
40.5275
42.2757
43.3421
43.7213
43.4162
42.4322
40.9068
38.9425
36.5237
33.6556
30.3493
26.6209
22.4887
17.9744
13.1015
7.89594
2.38543
-3.40005
-9.42866
-15.6663
-22.0766
-28.621
-35.2584
-41.9457
-48.6374
-55.2867
-61.8447
-68.2625
-74.4902
-80.4796
-86.1829
-91.5557
-96.5555
-101.145
-105.29
-108.961
-112.135
-114.793
-116.919
-118.505
-119.545
-120.036
-119.979
-119.38
-118.243
-116.577
-114.391
-111.695
-108.5
-104.818
-100.66
-96.0382
-90.9642
-85.4526
-79.5153
-73.1655
-66.4148
-59.2767
-51.7639
-43.8912
-35.6734
-27.128
-18.2734
-9.13171
0.272315
9.90883
19.7427
29.7309
39.8209
49.947
60.0273
69.9576
79.6058
88.803
97.3338
104.924
111.228
115.819
118.181
117.725
113.835
105.927
93.6719
77.1877
57.195
34.9333
11.7065
0.377026
1.50594
3.70318
7.42208
12.5314
18.607
25.145
31.7073
37.9702
43.7195
48.8183
53.1808
56.7497
59.4873
61.3696
62.3866
62.5405
61.846
60.3269
58.027
55.1366
51.7627
47.8985
43.5736
38.8195
33.6689
28.1547
22.3102
16.1687
9.76397
3.13003
-3.69827
-10.6852
-17.7941
-24.9867
-32.2234
-39.463
-46.6629
-53.779
-60.7659
-67.5775
-74.1677
-80.4904
-86.5009
-92.1563
-97.4166
-102.245
-106.608
-110.477
-113.829
-116.645
-118.91
-120.614
-121.754
-122.325
-122.331
-121.776
-120.666
-119.011
-116.822
-114.108
-110.884
-107.161
-102.951
-98.2689
-93.1253
-87.5353
-81.5136
-75.0736
-68.2284
-60.9907
-53.3742
-45.3926
-37.0611
-28.3957
-19.4145
-10.1379
-0.589543
9.20277
19.2054
29.3772
39.6669
50.0097
60.3232
70.501
80.4064
89.8626
98.6423
106.456
112.937
117.637
120.019
119.479
115.377
107.156
94.5301
77.6883
57.4263
35.0183
11.7307
1.38535
4.55995
8.80875
14.5367
21.566
29.4365
37.6211
45.6669
53.243
60.1312
66.195
71.3496
75.5413
78.7356
80.9129
82.0669
82.204
81.3414
79.5004
76.6805
73.0973
68.9085
64.1395
58.8442
53.0773
46.8906
40.334
33.4545
26.2974
18.9058
11.3216
3.58542
-4.26282
-12.1835
-20.137
-28.0833
-35.9819
-43.7917
-51.4706
-58.9761
-66.2652
-73.2945
-80.0214
-86.404
-92.4021
-97.9776
-103.095
-107.724
-111.836
-115.408
-118.422
-120.864
-122.723
-123.996
-124.68
-124.777
-124.294
-123.236
-121.615
-119.441
-116.727
-113.487
-109.734
-105.483
-100.747
-95.539
-89.8728
-83.7654
-77.2316
-70.2858
-62.9415
-55.2121
-47.1117
-38.6548
-29.8572
-20.7362
-11.3111
-1.60423
8.35779
18.5428
28.9109
39.4116
49.9803
60.5329
70.9602
81.1192
90.824
99.8339
107.842
114.462
119.222
121.569
120.887
116.531
107.977
94.9966
77.8541
57.4119
34.9599
11.7087
2.38115
7.55741
13.7776
21.4023
30.2188
39.7444
49.4394
58.844
67.625
75.5655
82.5327
88.4473
93.262
96.9486
99.4932
100.894
101.16
100.31
98.3695
95.3618
91.3412
86.5254
81.0421
74.9378
68.2875
61.1633
53.6335
45.7621
37.609
29.2303
20.6784
12.0028
3.2504
-5.53376
-14.3062
-23.0244
-31.6468
-40.1318
-48.4383
-56.5254
-64.352
-71.8775
-79.062
-85.8664
-92.2532
-98.1869
-103.635
-108.566
-112.957
-116.783
-120.027
-122.676
-124.721
-126.156
-126.98
-127.197
-126.81
-125.83
-124.265
-122.128
-119.433
-116.193
-112.425
-108.144
-103.365
-98.102
-92.369
-86.1805
-79.5551
-72.5082
-65.0547
-57.2084
-48.9836
-40.3948
-31.4575
-22.1884
-12.6061
-2.73207
7.40807
17.7832
28.3542
39.0709
49.868
60.6596
71.3324
81.7369
91.677
100.898
109.076
115.804
120.592
122.868
122.01
117.383
108.501
95.1968
77.8084
57.2544
34.8238
11.6628
3.33434
10.409
18.4681
27.8349
38.2738
49.2896
60.3343
70.9438
80.7841
89.6413
97.3895
103.959
109.314
113.438
116.326
117.985
118.429
117.68
115.764
112.702
108.499
103.321
97.3687
90.6793
83.3469
75.4625
67.1123
58.3775
49.3334
40.0503
30.5929
21.0214
11.3921
1.75746
-7.83294
-17.332
-26.6948
-35.8778
-44.8389
-53.5372
-61.9326
-69.9859
-77.6592
-84.9156
-91.72
-98.0394
-103.843
-109.103
-113.795
-117.898
-121.395
-124.274
-126.526
-128.146
-129.133
-129.49
-129.223
-128.34
-126.853
-124.773
-122.115
-118.894
-115.128
-110.831
-106.021
-100.714
-94.9243
-88.6657
-81.9557
-74.8122
-67.2516
-59.2889
-50.9387
-42.2159
-33.1357
-23.7147
-13.9711
-3.92599
6.39593
16.964
27.7394
38.6719
49.6952
60.7209
71.6313
82.27
92.4305
101.845
110.171
116.985
121.777
123.968
122.919
118.023
108.831
95.2385
77.6521
57.0342
34.6604
11.6094
4.23232
13.0828
22.8405
33.8
45.7114
58.0695
70.3174
81.9839
92.7326
102.353
110.729
117.804
123.559
127.996
131.126
132.969
133.551
132.898
131.039
127.989
123.729
118.415
112.192
105.13
97.3277
88.8886
79.9123
70.4933
60.7203
50.676
40.4374
30.0757
19.6571
9.24289
-1.10976
-11.3475
-21.4203
-31.2809
-40.8847
-50.1889
-59.1529
-67.7377
-75.9063
-83.6232
-90.8549
-97.5701
-103.74
-109.339
-114.344
-118.735
-122.497
-125.618
-128.09
-129.908
-131.073
-131.586
-131.453
-130.685
-129.29
-127.284
-124.68
-121.494
-117.744
-113.446
-108.619
-103.28
-97.4453
-91.1279
-84.3444
-77.113
-69.4511
-61.3762
-52.9036
-44.0483
-34.8261
-25.2535
-15.3487
-5.13234
5.37086
16.1305
27.1078
38.2519
49.495
60.7461
71.8829
82.7419
93.1068
102.696
111.153
118.034
122.816
124.91
123.675
118.523
109.049
95.2048
77.4599
56.8087
34.504
11.5599
5.07474
15.5832
26.9168
39.3477
52.6145
66.1989
79.5294
92.1228
103.637
113.866
122.703
130.112
136.096
140.68
143.9
145.794
146.405
145.772
143.927
140.894
136.657
131.291
124.921
117.646
109.554
100.753
91.3482
81.4401
71.1259
60.4971
49.6403
38.636
27.5597
16.4815
5.46634
-5.42514
-16.1368
-26.6162
-36.8147
-46.6865
-56.1889
-65.2819
-73.9278
-82.0915
-89.7403
-96.8441
-103.375
-109.31
-114.625
-119.304
-123.331
-126.696
-129.391
-131.412
-132.759
-133.435
-133.447
-132.801
-131.512
-129.59
-127.052
-123.914
-120.193
-115.907
-111.075
-105.715
-99.8446
-93.4799
-86.6341
-79.3259
-71.5726
-63.3926
-54.8032
-45.8204
-36.4602
-26.7395
-16.6768
-6.29274
4.38779
15.3342
26.5073
37.8551
49.3083
60.7729
72.122
83.1851
93.7366
103.483
112.052
118.987
123.75
125.745
124.333
118.946
109.217
95.1564
77.2836
56.6157
34.3766
11.5208
5.86694
17.9318
30.7432
44.555
59.0915
73.8142
88.1292
101.535
113.682
124.367
133.498
141.062
147.089
151.636
154.767
156.549
157.044
156.307
154.385
151.306
147.081
141.693
135.234
127.848
119.602
110.6
100.942
90.7296
80.0616
69.0335
57.7369
46.2589
34.6818
23.0832
11.5355
0.10609
-11.1422
-22.1513
-32.8674
-43.2408
-53.2254
-62.7787
-71.8618
-80.4385
-88.4759
-95.9441
-102.816
-109.068
-114.68
-119.634
-123.917
-127.517
-130.429
-132.649
-134.176
-135.015
-135.17
-134.652
-133.47
-131.64
-129.175
-126.092
-122.409
-118.145
-113.317
-107.945
-102.048
-95.6444
-88.7465
-81.3723
-73.5384
-65.2625
-56.5642
-47.4609
-37.9692
-28.1066
-17.892
-7.34661
3.50434
14.6297
25.9893
37.5302
49.1809
60.8443
72.3888
83.6376
94.3561
104.24
112.904
119.88
124.624
126.518
124.939
119.336
109.382
95.1345
77.1567
56.478
34.2903
11.4963
6.61562
20.1511
34.3639
49.4895
65.2313
81.0214
96.2352
110.348
123
133.992
143.25
150.789
156.673
160.995
163.854
165.348
165.568
164.588
162.468
159.247
154.936
149.507
143.002
135.568
127.264
118.182
108.416
98.0596
87.2084
75.9563
64.3953
52.6152
40.7024
28.7394
16.8043
4.97079
-6.69251
-18.1216
-29.2575
-40.0455
-50.4358
-60.3827
-69.8444
-78.7832
-87.1648
-94.9588
-102.138
-108.679
-114.561
-119.768
-124.285
-128.105
-131.219
-133.624
-135.322
-136.315
-136.609
-136.213
-135.138
-133.398
-131.008
-127.984
-124.343
-120.104
-115.287
-109.91
-103.993
-97.5547
-90.6139
-83.18
-75.2763
-66.9157
-58.1176
-48.9022
-39.2871
-29.2907
-18.9324
-8.23421
2.77786
14.0718
25.6064
37.3269
49.1598
61.0048
72.7257
84.1394
95.0034
105.004
113.744
120.747
125.462
127.261
125.527
119.729
109.576
95.1666
77.0996
56.4083
34.2515
11.4878
7.32556
22.2581
37.8089
54.1938
71.0864
87.8792
103.909
118.624
131.654
142.806
152.027
159.365
164.924
168.838
171.246
172.285
172.074
170.712
168.274
164.809
160.33
154.804
148.256
140.801
132.499
123.427
113.664
103.295
92.4065
81.0852
69.42
57.4993
45.41
33.2372
21.0627
8.96442
-2.98379
-14.7129
-26.1587
-37.2619
-47.9682
-58.2282
-67.9969
-77.2339
-85.9033
-93.9729
-101.415
-108.205
-114.322
-119.75
-124.475
-128.488
-131.783
-134.355
-136.206
-137.339
-137.759
-137.476
-136.501
-134.845
-132.525
-129.557
-125.958
-121.747
-116.942
-111.563
-105.63
-99.162
-92.1791
-84.6949
-76.726
-68.2899
-59.4019
-50.0832
-40.3537
-30.2326
-19.7402
-8.89952
2.26253
13.7127
25.4085
37.2933
49.2911
61.2982
73.1743
84.7305
95.717
105.812
114.61
121.626
126.302
128.008
126.128
120.153
109.822
95.2705
77.1237
56.4124
34.2621
11.4965
7.99934
24.2599
41.0914
58.6848
76.674
94.4026
111.163
126.373
139.652
150.817
159.841
166.809
171.869
175.203
176.997
177.426
176.644
174.775
171.912
168.112
163.394
157.725
151.116
143.653
135.391
126.391
116.718
106.441
95.633
84.3728
72.7414
60.8226
48.7012
36.4619
24.1879
11.96
-0.144416
-12.0522
-23.6948
-35.0085
-45.9347
-56.4201
-66.4162
-75.8797
-84.7719
-93.0589
-100.711
-107.703
-114.013
-119.625
-124.523
-128.7
-132.147
-134.861
-136.844
-138.097
-138.627
-138.441
-137.552
-135.971
-133.713
-130.794
-127.232
-123.045
-118.251
-112.87
-106.921
-100.425
-93.401
-85.8688
-77.8368
-69.3324
-60.3645
-50.9516
-41.1168
-30.8806
-20.2646
-9.29278
2.00681
13.5995
25.4411
37.4731
49.6167
61.7651
73.7737
85.4483
96.5332
106.699
115.537
122.559
127.182
128.789
126.768
120.629
110.136
95.4575
77.2349
56.492
34.3227
11.5218
8.63681
26.1573
44.211
62.959
81.9855
100.577
117.976
133.569
146.968
158.001
166.672
173.108
177.509
180.108
181.141
180.828
179.357
176.879
173.506
169.303
164.293
158.447
151.762
144.3
136.108
127.23
117.713
107.608
96.9761
85.8819
74.3976
62.6002
50.57
38.3894
26.1411
13.9066
1.76556
-10.2061
-21.9362
-33.3574
-44.4074
-55.0289
-65.1702
-74.7847
-83.831
-92.2727
-100.078
-107.221
-113.677
-119.429
-124.463
-128.767
-132.335
-135.163
-137.251
-138.601
-139.219
-139.113
-138.294
-136.773
-134.565
-131.685
-128.151
-123.98
-119.192
-113.805
-107.84
-101.314
-94.25
-86.6659
-78.5787
-70.0042
-60.9624
-51.465
-41.5338
-31.1924
-20.4635
-9.37239
2.05149
13.772
25.743
37.9038
50.1731
62.4408
74.5582
86.3266
97.485
107.699
116.555
123.562
128.126
129.629
127.469
121.174
110.532
95.7352
77.4361
56.647
34.4318
11.5639
9.23666
27.945
47.1586
67.001
86.9977
106.371
124.31
140.173
153.561
164.321
172.492
178.249
181.847
183.576
183.727
182.564
180.314
177.155
173.214
168.565
163.235
157.194
150.433
142.987
134.894
126.178
116.868
106.997
96.6118
85.7637
74.5144
62.9328
51.0934
39.0746
26.9571
14.8219
2.74916
-9.18341
-20.9014
-32.3345
-43.4173
-54.0894
-64.2957
-73.9866
-83.118
-91.6508
-99.5512
-106.79
-113.344
-119.192
-124.32
-128.715
-132.369
-135.279
-137.444
-138.865
-139.548
-139.5
-138.731
-137.252
-135.079
-132.225
-128.708
-124.545
-119.755
-114.356
-108.368
-101.811
-94.7044
-87.0682
-78.923
-70.2791
-61.1662
-51.5918
-41.5732
-31.1357
-20.3046
-9.10624
2.42835
14.2614
26.3448
38.6157
50.9899
63.3543
75.5565
87.3939
98.6014
108.842
117.699
124.667
129.157
130.549
128.25
121.803
111.02
96.1086
77.7284
56.8763
34.5885
11.6218
9.79641
29.6167
49.921
70.79
91.6818
111.749
130.127
146.142
159.394
169.748
177.285
182.232
184.905
185.656
184.831
182.744
179.658
175.778
171.242
166.134
160.479
154.249
147.423
140.017
132.051
123.53
114.464
104.872
94.7829
84.2369
73.2852
61.9882
50.4139
38.6361
26.7323
14.7817
2.86391
-8.94278
-20.5627
-31.9237
-42.9579
-53.6024
-63.7994
-73.4966
-82.6471
-91.2095
-99.1477
-106.431
-113.032
-118.931
-124.111
-128.558
-132.264
-135.223
-137.435
-138.899
-139.622
-139.608
-138.869
-137.414
-135.258
-132.416
-128.902
-124.735
-119.933
-114.514
-108.498
-101.904
-94.7521
-87.0619
-78.8537
-70.1464
-60.9571
-51.3097
-41.2131
-30.6892
-19.766
-8.47233
3.15942
15.0897
27.2684
39.6303
52.0888
64.5275
76.791
88.6732
99.9064
110.151
118.996
125.902
130.299
131.568
129.126
122.529
111.608
96.5819
78.1123
57.1785
34.7912
11.6956
10.314
31.1647
52.4852
74.3056
96.0101
116.678
135.391
151.446
164.442
174.271
181.057
185.086
186.739
186.433
184.573
181.523
177.582
172.975
167.855
162.303
156.344
149.948
143.083
135.744
127.931
119.63
110.833
101.544
91.7801
81.5691
70.9529
59.9839
48.7239
37.2416
25.6106
13.908
2.21158
-9.40076
-20.8531
-32.0723
-42.989
-53.5385
-63.6609
-73.3015
-82.4113
-90.9465
-98.8689
-106.145
-112.748
-118.654
-123.845
-128.306
-132.028
-135.005
-137.233
-138.713
-139.449
-139.446
-138.715
-137.265
-135.108
-132.26
-128.736
-124.552
-119.728
-114.28
-108.228
-101.591
-94.389
-86.6423
-78.3709
-69.5965
-60.3331
-50.6116
-40.442
-29.8413
-18.8365
-7.45893
4.25678
16.2693
28.5266
40.961
53.4835
65.9749
78.2771
90.1815
101.419
111.65
120.444
127.277
131.567
132.703
130.111
123.363
112.302
97.158
78.5878
57.5524
35.0389
11.7843
10.7875
32.584
54.8403
77.531
99.9611
121.135
140.079
156.068
168.702
177.903
183.844
186.874
187.444
186.037
183.121
179.108
174.329
169.029
163.365
157.417
151.198
144.676
137.806
130.562
122.922
114.854
106.335
97.3567
87.9253
78.0596
67.7927
57.1707
46.2496
35.0932
23.7711
12.3573
0.927705
-10.4413
-21.6743
-32.6982
-43.4429
-53.8425
-63.8359
-73.3666
-82.3837
-90.8418
-98.7005
-105.925
-112.486
-118.358
-123.521
-127.961
-131.665
-134.627
-136.842
-138.311
-139.035
-139.02
-138.275
-136.809
-134.634
-131.764
-128.215
-124.002
-119.143
-113.656
-107.56
-100.874
-93.618
-85.8117
-77.4757
-68.6308
-59.2988
-49.4992
-39.2598
-28.5906
-17.5146
-6.06442
5.72271
17.8032
30.123
42.6124
55.1797
67.7036
80.0235
91.9294
103.151
113.357
122.074
128.807
132.973
133.963
131.215
124.312
113.108
97.8391
79.1549
57.9968
35.3302
11.8881
11.2161
33.8707
56.9796
80.4554
103.521
125.106
144.185
160.01
172.191
180.682
185.71
187.692
187.149
184.636
180.681
175.743
170.183
164.258
158.125
151.851
145.438
138.84
132.005
124.883
117.429
109.593
101.343
92.6649
83.555
74.0236
64.0974
53.8184
43.238
32.415
21.4154
10.3098
-0.828399
-11.9247
-22.9049
-33.6967
-44.23
-54.4389
-64.2611
-73.6394
-82.5215
-90.8605
-98.6147
-105.748
-112.228
-118.03
-123.132
-127.517
-131.172
-134.09
-136.264
-137.695
-138.383
-138.334
-137.554
-136.053
-133.842
-130.935
-127.346
-123.091
-118.187
-112.652
-106.504
-99.763
-92.4483
-84.5798
-76.1782
-67.2647
-57.8625
-47.9904
-37.679
-26.945
-15.8076
-4.29614
7.55021
19.6854
32.0529
44.5809
57.1755
69.7134
82.0324
93.9223
105.122
115.251
123.882
130.499
134.524
135.358
132.446
125.382
114.03
98.6267
79.8132
58.5103
35.6644
12.0059
11.5997
35.0251
58.9008
83.0749
106.686
128.59
147.714
163.292
174.947
182.671
186.748
187.665
186.016
182.428
177.489
171.702
165.45
158.997
152.496
145.991
139.463
132.849
126.092
119.113
111.849
104.235
96.2254
87.8209
79.0052
69.7793
60.1633
50.2027
39.9447
29.442
18.7574
7.95911
-2.88251
-13.6954
-24.4072
-34.9467
-45.245
-55.236
-64.8579
-74.0529
-82.768
-90.9554
-98.5723
-105.581
-111.949
-117.65
-122.659
-126.961
-130.539
-133.386
-135.496
-136.865
-137.495
-137.39
-136.557
-135.003
-132.74
-129.781
-126.139
-121.83
-116.871
-111.28
-105.074
-98.2723
-90.8952
-82.9625
-74.495
-65.514
-56.0421
-46.1039
-35.7213
-24.9252
-13.7318
-2.16924
9.72474
21.902
34.3039
46.8559
59.4622
71.9977
84.2997
96.1619
107.306
117.349
125.87
132.353
136.225
136.892
133.808
126.577
115.069
99.5211
80.5616
59.0915
36.0398
12.1379
11.9395
36.0492
60.6069
85.393
109.463
131.6
150.689
165.952
177.028
183.953
187.071
186.94
184.227
179.627
173.792
167.26
160.447
153.604
146.853
140.213
133.641
127.061
120.403
113.573
106.49
99.0854
91.3143
83.1565
74.5997
65.638
56.2779
46.5941
36.6245
26.4108
16.0146
5.50472
-5.05307
-15.5895
-26.0339
-36.317
-46.3712
-56.1316
-65.5369
-74.5294
-83.0562
-91.069
-98.5245
-105.384
-111.615
-117.189
-122.082
-126.275
-129.754
-132.508
-134.53
-135.817
-136.37
-136.192
-135.288
-133.666
-131.337
-128.313
-124.607
-120.235
-115.213
-109.557
-103.288
-96.4219
-88.98
-80.9822
-72.4494
-63.4034
-53.8667
-43.865
-33.4186
-22.5598
-11.3142
0.293163
12.2251
24.4335
36.8575
49.4207
62.0256
74.5461
86.8223
98.6476
109.699
119.639
128.033
134.369
138.075
138.566
135.304
127.899
116.227
100.522
81.3987
59.7385
36.4555
12.2828
12.2372
36.9489
62.1057
87.4199
111.865
134.158
153.146
168.041
178.509
184.628
186.808
185.676
181.973
176.445
169.828
162.71
155.488
148.392
141.514
134.837
128.287
121.772
115.217
108.519
101.595
94.3737
86.8076
78.8668
70.5342
61.8023
52.6871
43.2471
33.5271
23.5534
13.3994
3.14523
-7.15716
-17.4403
-27.6333
-37.6706
-47.4861
-57.0162
-66.2009
-74.9834
-83.3112
-91.1362
-98.4152
-105.109
-111.185
-116.614
-121.372
-125.438
-128.798
-131.441
-133.358
-134.547
-135.007
-134.74
-133.752
-132.05
-129.643
-126.544
-122.765
-118.322
-113.23
-107.507
-101.169
-94.2372
-86.7297
-78.6674
-70.0712
-60.9635
-51.3667
-41.305
-30.8024
-19.8862
-8.58988
3.05922
15.0236
27.2549
39.6919
52.2565
64.8503
77.348
89.5875
101.331
112.288
122.111
130.365
136.541
140.072
140.38
136.932
129.347
117.503
101.627
82.3223
60.4493
36.9093
12.4408
12.496
37.7314
63.409
89.1725
113.917
136.299
155.129
169.624
179.473
184.805
186.093
184.035
179.39
173.071
165.849
158.314
150.86
143.67
136.777
130.128
123.63
117.186
110.719
104.125
97.3183
90.2294
82.8106
75.0323
66.8808
58.3573
49.4792
40.2783
30.7891
21.0433
11.1088
1.07557
-9.01441
-19.0842
-29.0541
-38.8699
-48.4649
-57.7772
-66.7493
-75.3254
-83.4539
-91.0877
-98.1839
-104.704
-110.615
-115.888
-120.497
-124.424
-127.652
-130.171
-131.971
-133.049
-133.404
-133.038
-131.956
-130.163
-127.671
-124.49
-120.633
-116.114
-110.949
-105.154
-98.7483
-91.7496
-84.1776
-76.0528
-67.3968
-58.2316
-48.5798
-38.4643
-27.9103
-16.9432
-5.59799
6.09062
18.0852
30.3358
42.7802
55.3399
67.9156
80.3805
92.5604
104.209
115.059
124.752
132.856
138.862
142.212
142.329
138.691
130.92
118.893
102.835
83.3295
61.2211
37.3998
12.6103
12.7189
38.4071
64.5325
90.6727
115.649
138.062
156.696
170.771
180.011
184.595
185.059
182.081
176.649
169.701
162.049
154.308
146.795
139.62
132.775
126.189
119.762
113.397
107.016
100.511
93.7961
86.8067
79.4965
71.8379
63.8196
55.4453
46.7325
37.7105
28.4147
18.8908
9.1964
-0.612664
-10.4907
-20.3685
-30.1461
-39.7803
-49.185
-58.3025
-67.0814
-75.4649
-83.4038
-90.8523
-97.7684
-104.115
-109.858
-114.97
-119.427
-123.208
-126.298
-128.684
-130.36
-131.32
-131.563
-131.091
-129.908
-128.021
-125.439
-122.172
-118.234
-113.637
-108.398
-102.533
-96.0596
-88.9962
-81.3626
-73.1793
-64.468
-55.2506
-45.549
-35.3851
-24.7826
-13.7691
-2.3793
9.3477
21.3712
33.6395
46.0884
58.6381
71.1872
83.6034
95.7026
107.258
117.993
127.549
135.494
141.325
144.487
144.41
140.576
132.613
120.396
104.14
84.4169
62.051
37.9244
12.7913
12.9102
38.9869
65.4946
91.9468
117.097
139.495
157.905
171.558
180.215
184.106
183.721
179.968
173.872
166.468
158.63
150.867
143.406
136.312
129.557
123.062
116.724
110.452
104.159
97.7339
91.0963
84.1842
76.9552
69.3847
61.4641
53.1991
44.6079
35.7195
26.5712
17.2086
7.68557
-1.94156
-11.617
-21.2728
-30.8457
-40.2897
-49.5301
-58.4817
-67.1004
-75.3142
-83.0824
-90.3606
-97.1079
-103.289
-108.87
-113.825
-118.13
-121.765
-124.716
-126.969
-128.519
-129.359
-129.488
-128.909
-127.624
-125.641
-122.969
-119.617
-115.597
-110.925
-105.614
-99.6813
-93.1437
-86.0199
-78.3294
-70.093
-61.3318
-52.0673
-42.3203
-32.1108
-21.4615
-10.4036
1.02798
12.7926
24.8444
37.1292
49.5804
62.1158
74.6319
86.9876
99.0036
110.462
121.075
130.488
138.27
143.921
146.891
146.617
142.584
134.423
122.006
105.54
85.5803
62.9354
38.4813
12.9821
13.0738
39.4836
66.3154
93.0236
118.299
140.648
158.821
172.06
180.175
183.342
182.207
177.758
171.158
163.571
155.747
148.072
140.725
133.754
127.122
120.744
114.514
108.351
102.149
95.801
89.2312
82.3821
75.2152
67.7094
59.8591
51.6726
43.1699
34.3808
25.344
16.1051
6.71589
-2.76804
-12.2886
-21.7832
-31.1884
-40.4461
-49.4892
-58.2613
-66.7205
-74.7907
-82.4165
-89.5488
-96.1461
-102.177
-107.61
-112.419
-116.581
-120.077
-122.894
-125.019
-126.446
-127.169
-127.188
-126.504
-125.122
-123.046
-120.287
-116.854
-112.759
-108.015
-102.637
-96.6422
-90.0465
-82.8685
-75.1277
-66.8444
-58.039
-48.7316
-38.9407
-28.6849
-17.9879
-6.88481
4.58907
16.3915
28.4721
40.773
53.2249
65.7427
78.2195
90.5126
102.447
113.802
124.291
133.557
141.172
146.641
149.417
148.943
144.708
136.344
123.719
107.03
86.8154
63.8707
39.0674
13.1826
13.2144
39.9093
67.0161
93.9334
119.296
141.574
159.505
172.35
179.92
182.38
180.551
175.521
168.712
161.16
153.452
145.923
138.732
131.915
125.432
119.193
113.094
107.05
100.942
94.6708
88.1651
81.3715
74.2553
66.799
59.0004
50.8703
42.4311
33.7144
24.7601
15.6144
6.32888
-3.04123
-12.4378
-21.8004
-31.0679
-40.18
-49.0752
-57.6944
-65.9844
-73.8861
-81.3593
-88.3627
-94.8336
-100.741
-106.045
-110.724
-114.759
-118.13
-120.825
-122.832
-124.146
-124.762
-124.679
-123.899
-122.426
-120.266
-117.427
-113.92
-109.757
-104.95
-99.5136
-93.4641
-86.8181
-79.5939
-71.8102
-63.4863
-54.641
-45.2915
-35.4541
-25.1467
-14.3996
-3.24779
8.27213
20.115
32.2257
44.5432
56.9957
69.4949
81.9307
94.1618
106.013
117.263
127.625
136.742
144.19
149.475
152.057
151.382
146.943
138.37
125.529
108.603
88.1172
64.853
39.6806
13.391
13.3358
40.2772
67.6178
94.7064
120.129
142.322
160.019
172.495
179.447
181.274
178.781
173.469
166.689
159.269
151.73
144.381
137.371
130.733
124.419
118.335
112.386
106.469
100.458
94.2667
87.8256
81.0854
74.0149
66.6002
58.8421
50.7545
42.3621
33.6988
24.8058
15.7303
6.52452
-2.7563
-12.0542
-21.3097
-30.4628
-39.4536
-48.2231
-56.7139
-64.8714
-72.642
-79.9774
-86.8336
-93.1675
-98.9535
-104.151
-108.725
-112.654
-115.919
-118.509
-120.415
-121.631
-122.153
-121.982
-121.118
-119.566
-117.333
-114.427
-110.858
-106.637
-101.777
-96.2919
-90.198
-83.5116
-76.2497
-68.43
-60.0699
-51.1848
-41.7893
-31.8994
-21.5332
-10.7305
0.477061
12.0497
23.9362
36.0789
48.4152
60.8698
73.3513
85.7472
97.9177
109.685
120.83
131.064
140.033
147.313
152.415
154.803
153.926
149.281
140.496
127.43
110.255
89.4807
65.8783
40.318
13.6069
13.4424
40.5985
68.1404
95.3716
120.834
142.94
160.421
172.465
178.869
180
177.097
171.766
165.117
157.875
150.528
143.379
136.57
130.128
123.999
118.086
112.294
106.503
100.595
94.4871
88.114
81.4289
74.4041
67.0286
59.3064
51.2543
42.8993
34.2775
25.4319
16.411
7.26765
-1.94241
-11.1612
-20.3296
-29.3884
-38.2784
-46.942
-55.3228
-63.3674
-71.0244
-78.2463
-84.989
-91.2112
-96.8789
-101.959
-106.427
-110.268
-113.448
-115.957
-117.784
-118.921
-119.368
-119.124
-118.193
-116.579
-114.288
-111.329
-107.71
-103.445
-98.5446
-93.0234
-86.8968
-80.1796
-72.8875
-65.0361
-56.6393
-47.7091
-38.2596
-28.3046
-17.8761
-7.00835
4.26379
15.8945
27.8273
40.0058
52.3642
64.8243
77.2917
89.6501
101.762
113.446
124.486
134.594
143.415
150.529
155.451
157.646
156.568
151.716
142.714
129.415
111.979
90.9008
66.943
40.9786
13.8276
13.5374
40.8846
68.6024
95.9553
121.449
143.469
160.728
172.33
178.132
178.708
175.674
170.452
163.972
156.92
149.778
142.84
136.243
130.009
124.077
118.338
112.705
107.039
101.236
95.217
88.9163
82.2903
75.314
67.9793
60.2932
52.2747
43.9535
35.3677
26.562
17.5862
8.49416
-0.657767
-9.81142
-18.9079
-27.8881
-36.6938
-45.2682
-53.556
-61.5046
-69.0643
-76.1885
-82.8342
-88.9621
-94.5374
-99.5285
-103.909
-107.657
-110.755
-113.193
-114.96
-116.04
-116.434
-116.141
-115.162
-113.503
-111.172
-108.176
-104.524
-100.23
-95.3033
-89.7588
-83.6097
-76.8696
-69.5516
-61.6673
-53.2271
-44.243
-34.7278
-24.6995
-14.1989
-3.25635
8.08733
19.777
31.7607
43.9795
56.3647
68.8351
81.2931
93.6184
105.674
117.278
128.216
138.2
146.877
153.828
158.572
160.577
159.301
154.24
145.018
131.478
113.769
92.3725
68.0447
41.6653
14.0482
13.6243
41.1443
69.0199
96.4807
122.001
143.954
160.93
172.115
177.289
177.568
174.584
169.506
163.199
156.341
149.407
142.684
136.305
130.286
124.535
118.981
113.498
107.957
102.264
96.3365
90.1124
83.55
76.6265
69.3365
61.6892
53.7062
45.4193
36.8684
28.1
19.165
10.1184
1.01706
-8.08047
-17.1152
-26.0285
-34.7625
-43.261
-51.4697
-59.3369
-66.814
-73.8553
-80.419
-86.467
-91.9651
-96.883
-101.195
-104.878
-107.915
-110.293
-112.001
-113.035
-113.392
-113.068
-112.062
-110.379
-108.027
-105.012
-101.345
-97.0372
-92.099
-86.542
-80.3783
-73.6188
-66.2722
-58.3477
-49.8553
-40.8058
-31.2087
-21.1046
-10.522
0.502333
11.9153
23.6679
35.7066
47.9705
60.3884
72.8754
85.33
97.6299
109.634
121.162
132.003
141.867
150.405
157.198
161.768
163.588
162.114
156.845
147.399
133.611
115.618
93.8907
69.1803
42.3777
14.2665
13.7053
41.3859
69.406
96.9666
122.516
144.392
161.104
171.771
176.488
176.687
173.811
168.875
162.737
156.07
149.341
142.831
136.668
130.852
125.285
119.902
114.561
109.147
103.563
97.729
91.5843
85.0891
78.2225
70.9814
63.377
55.4331
47.1833
38.6693
29.9388
21.0441
12.0408
2.98665
-6.05967
-15.0391
-23.8931
-32.5642
-40.9968
-49.1373
-56.9349
-64.3416
-71.313
-77.808
-83.7896
-89.2243
-94.0828
-98.3398
-101.974
-104.967
-107.306
-108.979
-109.981
-110.308
-109.961
-108.941
-107.251
-104.897
-101.881
-98.2152
-93.9077
-88.9685
-83.4065
-77.2302
-70.4472
-63.0652
-55.0925
-46.5368
-37.4042
-27.7271
-17.5374
-6.86711
4.23348
15.7171
27.5348
39.6325
51.9474
64.4051
76.9167
89.3767
101.66
113.618
125.078
135.828
145.58
153.984
160.625
165.028
166.667
165
159.523
149.85
135.808
117.521
95.451
70.3478
43.1078
14.4823
13.7827
41.6152
69.7714
97.4278
123.018
144.781
161.223
171.382
175.842
176.083
173.309
168.506
162.529
156.043
149.511
143.207
137.256
131.614
126.233
121.004
115.798
110.504
105.027
99.286
93.2214
86.7951
79.9882
72.7994
65.2418
57.3408
49.1319
40.6579
31.9679
23.1151
14.1558
5.14822
-3.84875
-12.776
-21.5751
-30.1891
-38.5626
-46.6429
-54.3796
-61.7259
-68.6378
-75.0753
-81.002
-86.3854
-91.1967
-95.4114
-99.0084
-101.97
-104.284
-105.938
-106.926
-107.244
-106.89
-105.866
-104.177
-101.828
-98.8228
-95.1682
-90.8702
-85.9347
-80.3677
-74.175
-67.3633
-59.9395
-51.9081
-43.2733
-34.0572
-24.2962
-14.0178
-3.26811
7.90687
19.4618
31.3479
43.5092
55.8805
68.3843
80.929
93.4038
105.681
117.605
129.01
139.673
149.319
157.598
164.097
168.34
169.804
167.947
162.264
152.362
138.059
119.47
97.0506
71.5552
43.8306
14.695
13.8577
41.8369
70.1232
97.8725
123.505
145.172
161.255
171.045
175.404
175.71
173.028
168.346
162.517
156.201
149.852
143.741
137.98
132.505
127.287
122.199
117.119
111.94
106.564
100.912
94.925
88.5668
81.8202
74.6852
67.1768
59.3219
51.1571
42.7265
34.0801
25.2718
16.3585
7.39854
-1.54891
-10.4248
-19.1711
-27.7309
-36.0496
-44.0748
-51.757
-59.0497
-65.91
-72.2985
-78.1796
-83.5212
-88.2955
-92.4782
-96.0488
-98.9903
-101.289
-102.936
-103.922
-104.243
-103.898
-102.886
-101.209
-98.8724
-95.8791
-92.2348
-87.9427
-83.0052
-77.4276
-71.214
-64.3682
-56.8932
-48.7908
-40.0736
-30.7807
-20.9349
-10.5768
0.247025
11.4949
23.1229
35.0807
47.3099
59.7423
72.2981
84.8825
97.3817
109.662
121.567
132.931
143.517
153.067
161.232
167.597
171.69
172.987
170.946
165.059
154.926
140.358
121.461
98.6858
72.797
44.5322
14.9058
13.9315
42.0537
70.4668
98.3075
123.972
145.536
161.265
170.821
175.169
175.523
172.917
168.343
162.65
156.489
150.311
144.382
138.779
133.463
128.385
123.42
118.454
113.379
108.095
102.525
96.6105
90.3168
83.6282
76.5464
69.0876
61.28
53.1613
44.7766
36.1763
27.4152
18.5501
9.63968
0.743052
-8.08098
-16.7746
-25.2813
-33.5471
-41.52
-49.1512
-56.395
-63.2089
-69.5542
-75.396
-80.7029
-85.4474
-89.6057
-93.1578
-96.087
-98.3799
-100.026
-101.019
-101.352
-101.023
-100.03
-98.372
-96.051
-93.0691
-89.429
-85.134
-80.1868
-74.591
-68.3481
-61.4577
-53.9203
-45.7412
-36.9574
-27.5878
-17.6671
-7.24017
3.65392
14.9753
26.6781
38.71
51.0099
63.5073
76.1194
88.7493
101.281
113.576
125.476
136.807
147.333
156.802
164.866
171.111
175.065
176.205
173.986
167.897
157.533
142.697
123.487
100.357
74.0535
45.2066
15.1139
14.0045
42.2678
70.8053
98.741
124.436
145.846
161.306
170.735
175.089
175.475
172.933
168.454
162.882
156.862
150.837
145.068
139.598
134.425
129.468
124.612
119.746
114.761
109.558
104.059
98.2088
91.973
85.3375
78.3054
70.8941
63.1329
55.0604
46.7223
38.1697
29.4574
20.6425
11.7835
2.9394
-5.83137
-14.4713
-22.9247
-31.1377
-39.0592
-46.6408
-53.8376
-60.6077
-66.913
-72.7191
-77.9951
-82.7142
-86.8529
-90.3914
-93.3132
-95.6051
-97.2561
-98.2578
-98.604
-98.2902
-97.3136
-95.6716
-93.3626
-90.3867
-86.7457
-82.4435
-77.4812
-71.8589
-65.5756
-58.6301
-51.0238
-42.7858
-33.9341
-24.4957
-14.5136
-4.02427
6.93694
18.3299
30.1073
42.214
54.5861
67.1505
79.8226
92.5031
105.075
117.396
129.304
140.616
151.098
160.504
168.482
174.622
178.45
179.442
177.054
170.767
160.173
145.067
125.547
102.078
75.2839
45.8475
15.3194
14.077
42.4794
71.1386
99.1646
124.89
146.129
161.405
170.772
175.12
175.523
173.032
168.636
163.172
157.278
151.389
145.757
140.408
135.351
130.496
125.733
120.951
116.04
110.903
105.463
99.6658
93.4786
86.8885
79.9
72.5316
64.8136
56.7852
48.4927
39.9876
31.3246
22.5609
13.7547
4.96464
-3.75128
-12.3361
-20.7347
-28.8938
-36.763
-44.2947
-51.4442
-58.1707
-64.4365
-70.2077
-75.4541
-80.149
-84.2695
-87.7959
-90.711
-93.0007
-94.6535
-95.6603
-96.0137
-95.7079
-94.7385
-93.1027
-90.798
-87.8241
-84.1792
-79.8647
-74.8801
-69.2234
-62.8932
-55.8886
-48.2285
-39.9315
-31.0173
-21.5248
-11.4886
-0.940434
10.0848
21.5461
33.3948
45.5741
58.0178
70.6499
83.3837
96.1188
108.736
121.094
133.024
144.332
154.79
164.15
172.061
178.112
181.829
182.687
180.136
173.658
162.836
147.462
127.635
103.826
76.4765
46.4607
15.5209
14.149
42.6893
71.4672
99.5774
125.321
146.41
161.567
170.896
175.224
175.63
173.178
168.854
163.487
157.705
151.936
146.425
141.182
136.217
131.442
126.752
122.036
117.182
112.095
106.699
100.942
94.7918
88.2371
81.2837
73.9512
66.2707
58.2822
50.0323
41.5727
32.958
24.2453
15.4924
6.75737
-1.90225
-10.4302
-18.772
-26.8753
-34.6901
-42.1697
-49.2701
-55.951
-62.1754
-67.91
-73.125
-77.794
-81.8931
-85.4022
-88.3037
-90.5835
-92.2287
-93.23
-93.5791
-93.2704
-92.299
-90.6619
-88.3554
-85.3764
-81.7214
-77.3877
-72.3744
-66.6793
-60.3001
-53.2463
-45.5367
-37.1855
-28.2245
-18.6875
-8.60164
2.0028
13.0889
24.614
36.5287
48.7754
61.287
73.9853
86.7812
99.5734
112.242
124.644
136.607
147.931
158.385
167.72
175.584
181.564
185.186
185.922
183.221
176.557
165.512
149.876
129.761
105.559
77.6185
47.0521
15.7176
14.2206
42.8972
71.7918
99.9839
125.724
146.7
161.782
171.07
175.365
175.762
173.338
169.077
163.797
158.116
152.454
147.043
141.891
136.999
132.285
127.65
122.98
118.165
113.111
107.743
102.011
95.8843
89.3531
82.4242
75.1185
67.468
59.5131
51.3009
42.883
34.3141
25.6508
16.9506
8.27098
-0.331341
-8.80082
-17.0837
-25.1284
-32.886
-40.3101
-47.3579
-53.9896
-60.1687
-65.8625
-71.04
-75.6742
-79.7418
-83.2219
-86.0974
-88.3536
-89.9784
-90.9622
-91.2973
-90.9773
-89.9964
-88.3496
-86.0322
-83.0391
-79.3653
-75.0067
-69.9614
-64.2252
-57.8006
-50.706
-42.9508
-34.5591
-25.5635
-15.9872
-5.85613
4.79874
15.9399
27.5232
39.4976
51.805
64.3782
77.1389
89.996
102.846
115.57
128.024
140.033
151.389
161.863
171.193
179.029
184.959
188.504
189.134
186.292
179.452
168.19
152.303
131.916
107.245
78.7012
47.6256
15.9078
14.2914
43.103
72.1113
100.38
126.106
146.999
162.022
171.26
175.512
175.889
173.485
169.278
164.076
158.488
152.925
147.591
142.512
137.679
133.011
128.413
123.77
118.976
113.937
108.581
102.858
96.7398
90.2186
83.3023
76.0128
68.383
60.4538
52.2726
43.8912
35.3641
26.7475
18.0983
9.47339
0.928768
-7.48089
-15.7027
-23.686
-31.3826
-38.7473
-45.7377
-52.315
-58.4421
-64.0844
-69.2117
-73.7972
-77.818
-81.2542
-84.0896
-86.3102
-87.9043
-88.8613
-89.1731
-88.8318
-87.8311
-86.1645
-83.8263
-80.8103
-77.1107
-72.7225
-67.6404
-61.861
-55.4016
-48.2682
-40.4776
-32.0591
-23.0345
-13.4244
-3.25466
7.44321
18.6313
30.2648
42.2915
54.6523
67.2797
80.0963
93.0115
105.92
118.702
131.214
143.28
154.688
165.203
174.549
182.38
188.279
191.766
192.305
189.337
182.329
170.862
154.738
134.06
108.871
79.7256
48.1817
16.0923
14.3615
43.306
72.425
100.764
126.474
147.301
162.262
171.438
175.637
175.985
173.592
169.433
164.303
158.798
153.321
148.054
143.036
138.248
133.612
129.034
124.402
119.61
114.569
109.206
103.476
97.3521
90.8269
83.9102
76.6252
69.0055
61.0928
52.9348
44.5832
36.0926
27.5186
18.9178
10.3461
1.85888
-6.49012
-14.649
-22.5679
-30.1998
-37.5002
-44.4279
-50.9415
-57.0029
-62.5786
-67.6395
-72.1609
-76.1214
-79.5024
-82.2873
-84.4621
-86.0143
-86.9336
-87.2103
-86.8366
-85.8048
-84.1082
-81.7401
-78.6932
-74.9608
-70.5357
-65.4106
-59.5984
-53.104
-45.9382
-38.1254
-29.6861
-20.6373
-10.9995
-0.798587
9.93374
21.1594
32.8333
44.9028
57.3082
69.982
82.847
95.8145
108.78
121.622
134.198
146.332
157.809
168.389
177.768
185.614
191.504
194.953
195.418
192.338
185.176
173.519
157.185
136.14
110.418
80.6934
48.7215
16.2701
14.4305
43.5061
72.7326
101.135
126.827
147.597
162.482
171.578
175.714
176.026
173.639
169.522
164.459
159.032
153.63
148.425
143.458
138.703
134.085
129.511
124.873
120.068
115.007
109.622
103.869
97.7235
91.1799
84.2495
76.9566
69.3359
61.4296
53.286
44.9568
36.4962
27.9599
19.4037
10.8829
2.45197
-5.83616
-13.9305
-21.7824
-29.3457
-36.577
-43.4314
-49.8669
-55.8471
-61.3416
-66.3242
-70.7712
-74.6614
-77.9763
-80.6995
-82.8165
-84.3149
-85.1839
-85.4138
-84.9962
-83.923
-82.1863
-79.7788
-76.6924
-72.9185
-68.448
-63.2867
-57.4401
-50.9141
-43.7263
-35.8974
-27.4406
-18.3724
-8.71323
1.51098
12.2687
23.5218
35.2253
47.3268
59.7668
72.4778
85.3835
98.3966
111.415
124.318
136.961
149.171
160.731
171.39
180.828
188.712
194.616
198.046
198.457
195.28
187.98
176.148
159.601
138.141
111.874
81.6059
49.2429
16.4418
14.4986
43.7028
73.0341
101.495
127.164
147.872
162.663
171.661
175.721
175.992
173.607
169.529
164.53
159.176
153.845
148.698
143.774
139.041
134.43
129.847
125.189
120.354
115.258
109.836
104.045
97.8628
91.2868
84.3295
77.0164
69.3832
61.4731
53.3344
45.0193
36.5819
28.0774
19.5612
11.0881
2.71167
-5.51609
-13.5451
-21.3278
-28.819
-35.9718
-42.7395
-49.0834
-54.9721
-60.377
-65.2725
-69.6354
-73.4447
-76.6822
-79.3317
-81.3791
-82.812
-83.6192
-83.7907
-83.3181
-82.1924
-80.4053
-77.9484
-74.813
-70.9886
-66.4737
-61.2751
-55.3949
-48.8429
-41.6396
-33.796
-25.3246
-16.2416
-6.56734
3.67247
14.4465
25.7169
37.4391
49.5614
62.0251
74.7633
87.7011
100.753
113.819
126.78
139.494
151.786
163.438
174.19
183.71
191.656
197.596
201.029
201.403
198.146
190.726
178.747
161.933
140.043
113.234
82.4627
49.7434
16.6056
14.5652
43.896
73.3289
101.844
127.483
148.115
162.791
171.671
175.641
175.867
173.481
169.441
164.504
159.221
153.957
148.868
143.98
139.262
134.647
130.045
125.354
120.476
115.332
109.858
104.015
97.7835
91.1621
84.1654
76.8202
69.1635
61.2391
53.096
44.7865
36.3648
27.8859
19.4046
10.9752
2.65056
-5.51813
-13.4818
-21.1937
-28.6069
-35.6698
-42.341
-48.5871
-54.3781
-59.6861
-64.4859
-68.7551
-72.4736
-75.6236
-78.1889
-80.1557
-81.5121
-82.2466
-82.3486
-81.8094
-80.6206
-78.7728
-76.257
-73.063
-69.1834
-64.6246
-59.3867
-53.4737
-46.902
-39.6829
-31.8254
-23.3419
-14.2483
-4.5647
5.68349
16.4652
27.7432
39.4737
51.606
64.0825
76.8378
89.7984
102.881
115.988
129.004
141.789
154.167
165.921
176.778
186.399
194.428
200.425
203.881
204.239
200.921
193.4
181.276
164.154
141.829
114.494
83.2638
50.2173
16.7608
14.6305
44.0849
73.6164
102.179
127.782
148.318
162.854
171.594
175.461
175.636
173.249
169.247
164.371
159.158
153.962
148.926
144.072
139.365
134.741
130.11
125.376
120.445
115.24
109.703
103.796
97.5027
90.8242
83.7765
76.3884
68.6978
60.7494
52.5928
44.2805
35.867
27.407
18.955
10.5648
2.28861
-5.82314
-13.7221
-21.362
-28.6883
-35.655
-42.2265
-48.3708
-54.0584
-59.263
-63.9603
-68.1285
-71.7481
-74.802
-77.2746
-79.1518
-80.421
-81.0721
-81.0948
-80.4794
-79.217
-77.2985
-74.7141
-71.4534
-67.5201
-62.9134
-57.6342
-51.6916
-45.099
-37.8628
-29.9918
-21.4981
-12.3973
-2.70934
7.54078
18.3226
29.5996
41.3291
53.4615
65.9406
78.7029
91.6773
104.782
117.924
130.991
143.844
156.31
168.17
179.145
188.883
197.013
203.086
206.585
206.946
203.588
195.989
183.683
166.244
143.483
115.654
84.0079
50.6593
16.905
14.6942
44.2693
73.896
102.499
128.056
148.471
162.84
171.42
175.173
175.293
172.904
168.94
164.125
158.983
153.852
148.871
144.049
139.351
134.712
130.048
125.263
120.271
114.996
109.385
103.404
97.0394
90.2935
83.1851
75.7444
68.0105
60.0292
51.8507
43.5279
35.1153
26.6677
18.2393
9.88333
1.65157
-6.40623
-14.2427
-21.8053
-29.0407
-35.9104
-42.3803
-48.42
-54.0012
-59.0985
-63.689
-67.7516
-71.2672
-74.2183
-76.5903
-78.3696
-79.5443
-80.103
-80.0365
-79.3355
-77.9908
-75.9928
-73.3313
-70.0037
-66.0115
-61.3531
-56.0313
-50.0594
-43.4427
-36.1876
-28.3028
-19.8001
-10.6947
-1.00636
9.24059
20.0163
31.2853
43.0057
55.1296
67.6023
80.3627
93.3419
106.462
119.631
132.741
145.659
158.212
170.182
181.282
191.149
199.396
205.563
209.125
209.506
206.128
198.451
185.939
168.181
144.997
116.71
84.6913
51.0643
17.0372
14.7563
44.4488
74.1672
102.804
128.301
148.568
162.741
171.142
174.771
174.833
172.442
168.516
163.763
158.691
153.625
148.699
143.909
139.219
134.565
129.864
125.024
119.964
114.613
108.921
102.858
96.413
89.5917
82.4144
74.913
67.128
59.1063
50.8986
42.5582
34.1399
25.6985
17.2879
8.96103
0.769241
-7.23823
-15.0128
-22.4952
-29.6409
-36.4142
-42.783
-48.718
-54.1928
-59.1826
-63.6647
-67.6184
-71.0257
-73.8697
-76.1359
-77.8109
-78.8836
-79.3435
-79.1809
-78.3867
-76.9518
-74.8668
-72.124
-68.726
-64.6702
-59.9561
-54.5925
-48.5865
-41.9424
-34.6663
-26.7668
-18.2553
-9.14697
0.53916
10.7792
21.5442
32.7994
44.5045
56.6128
69.0719
81.8226
94.7987
107.925
121.115
134.262
147.238
159.875
171.954
183.184
193.19
201.566
207.841
211.481
211.904
208.518
200.74
188.022
169.949
146.36
117.658
85.3085
51.429
17.1554
14.8166
44.6235
74.4302
103.093
128.513
148.602
162.552
170.756
174.253
174.257
171.864
167.974
163.282
158.28
153.28
148.408
143.653
138.972
134.303
129.562
124.666
119.534
114.102
108.324
102.174
95.6428
88.7397
81.4873
73.9191
66.077
58.0087
49.7657
41.4019
32.9722
24.5312
16.1327
7.82959
-0.327458
-8.28991
-16.0003
-23.4044
-30.4633
-37.143
-43.4136
-49.2469
-54.6171
-59.5001
-63.874
-67.7183
-71.0154
-73.7494
-75.9066
-77.4744
-78.4411
-78.7971
-78.5327
-77.6392
-76.108
-73.9299
-71.1046
-67.6309
-63.5069
-58.7357
-53.3265
-47.2823
-40.6072
-33.3076
-25.3918
-16.8711
-7.76036
1.92198
12.1527
22.9037
34.1414
45.8266
57.9145
70.3543
83.0891
96.0556
109.182
122.384
135.562
148.59
161.304
173.489
184.85
194.999
203.511
209.907
213.64
214.115
210.717
202.833
189.911
171.534
147.566
118.492
85.8541
51.749
17.2588
14.8752
44.7934
74.6853
103.365
128.686
148.566
162.267
170.261
173.624
173.569
171.172
167.316
162.683
157.749
152.814
147.998
143.278
138.61
133.926
129.149
124.195
118.991
113.476
107.609
101.368
94.7467
87.7579
80.4261
72.7869
64.8833
56.7639
48.4812
40.0893
31.6431
23.1973
14.8057
6.52066
-1.60758
-9.52658
-17.1737
-24.5033
-31.4794
-38.0705
-44.2477
-49.9838
-55.2531
-60.0321
-64.2994
-68.036
-71.2244
-73.8493
-75.8971
-77.3556
-78.214
-78.4627
-78.0926
-77.0957
-75.4637
-73.1911
-70.2793
-66.7258
-62.5306
-57.7011
-52.2416
-46.155
-39.4456
-32.1198
-24.1859
-15.6549
-6.54117
3.13708
13.3576
24.093
35.3111
46.9738
59.038
71.4548
84.1694
97.1211
110.241
123.449
136.65
149.721
162.506
174.79
186.28
196.572
205.224
211.748
215.581
216.11
212.695
204.707
191.587
172.921
148.607
119.207
86.3209
52.0208
17.3456
14.9323
44.9587
74.9331
103.622
128.817
148.455
161.885
169.659
172.89
172.777
170.371
166.546
161.968
157.101
152.229
147.468
142.786
138.132
133.438
128.625
123.617
118.342
112.745
106.788
100.454
93.7418
86.6657
79.2529
71.5406
63.5732
55.4003
47.0747
38.651
30.1841
21.7289
13.3388
5.06614
-3.03872
-10.9131
-18.4998
-25.7592
-32.6585
-39.1675
-45.2576
-50.9019
-56.0755
-60.7557
-64.9217
-68.5546
-71.6377
-74.1557
-76.0956
-77.4452
-78.1948
-78.3349
-77.8576
-76.7551
-75.0201
-72.6528
-69.6518
-66.016
-61.7494
-56.8584
-51.345
-45.2124
-38.4656
-31.1107
-23.1561
-14.6129
-5.495
4.18009
14.3907
25.1106
36.3085
47.948
59.9873
72.3791
85.071
98.0044
111.113
124.322
137.538
150.645
163.491
175.866
187.477
197.906
206.698
213.35
217.283
217.864
214.432
206.343
193.034
174.099
149.476
119.793
86.7014
52.2398
17.415
14.9879
45.12
75.1742
103.864
128.899
148.263
161.406
168.958
172.066
171.89
169.468
165.667
161.14
156.336
151.526
146.819
142.176
137.539
132.837
127.995
122.935
117.592
111.915
105.871
99.4466
92.6445
85.4821
77.9888
70.2034
62.1716
53.9439
45.5737
37.1158
28.6253
20.1568
11.7635
3.4974
-4.58413
-12.4135
-19.9435
-27.139
-33.9687
-40.4026
-46.4126
-51.9726
-57.058
-61.6465
-65.7179
-69.2531
-72.236
-74.6513
-76.4863
-77.7301
-78.3725
-78.4055
-77.8214
-76.613
-74.7767
-72.3139
-69.2228
-65.5051
-61.1672
-56.2117
-50.6413
-44.4598
-37.6723
-30.2852
-22.3072
-13.749
-4.62438
5.04963
15.2521
25.9577
37.1363
48.7528
60.767
73.1335
85.8015
98.7147
111.81
125.014
138.239
151.373
164.269
176.723
188.444
199.002
207.927
214.701
218.731
219.361
215.91
207.726
194.237
175.059
150.165
120.244
86.9885
52.4021
17.4649
15.0424
45.2779
75.4087
104.088
128.931
147.989
160.833
168.176
171.162
170.915
168.468
164.684
160.203
155.459
150.706
146.051
141.45
136.832
132.126
127.257
122.151
116.746
110.993
104.867
98.3568
91.4688
84.2234
76.6521
68.7957
60.7009
52.4192
44.0044
35.5112
26.9947
18.5095
10.1086
1.84615
-6.20771
-13.9932
-21.4715
-28.6097
-35.3768
-41.7432
-47.6814
-53.1656
-58.1719
-62.6776
-66.6622
-70.1071
-72.9962
-75.315
-77.0508
-78.1933
-78.7331
-78.6624
-77.974
-76.6622
-74.7284
-72.1717
-68.9927
-65.1959
-60.7855
-55.7638
-50.1341
-43.9007
-37.0692
-29.6465
-21.6413
-13.0646
-3.92971
5.74657
15.944
26.638
37.7998
49.3953
61.3858
73.7275
86.3715
99.2634
112.342
125.538
138.766
151.919
164.854
177.372
189.189
199.862
208.906
215.793
219.911
220.585
217.116
208.84
195.187
175.79
150.666
120.549
87.174
52.5028
17.4945
15.0962
45.4337
75.6383
104.29
128.909
147.634
160.179
167.331
170.19
169.859
167.378
163.602
159.162
154.472
149.774
145.168
140.607
136.01
131.305
126.414
121.268
115.806
109.986
103.784
97.194
90.2261
82.903
75.2586
67.335
59.1804
50.8469
42.3882
33.8595
25.3157
16.8111
8.39937
0.146848
-7.87415
-15.6179
-23.0498
-30.1373
-36.8496
-43.1576
-49.0342
-54.4533
-59.3902
-63.8224
-67.7293
-71.0928
-73.8965
-76.1266
-77.771
-78.8191
-79.2622
-79.0927
-78.304
-76.896
-74.8689
-72.2227
-68.9603
-65.0864
-60.6033
-55.5142
-49.8232
-43.5353
-36.6567
-29.1947
-21.1585
-12.559
-3.40959
6.27323
16.4697
27.1562
38.3046
49.8823
61.8518
74.1708
86.792
99.6627
112.724
125.908
139.134
152.297
165.259
177.828
189.724
200.491
209.637
216.622
220.817
221.527
218.038
209.674
195.872
176.284
150.967
120.698
87.2501
52.5379
17.5019
15.1498
45.5887
75.8642
104.467
128.826
147.203
159.465
166.439
169.156
168.728
166.202
162.428
158.021
153.381
148.732
144.17
139.65
135.077
130.374
125.466
120.285
114.775
108.895
102.626
95.9648
88.9249
81.5314
73.8202
65.8349
57.6247
49.2427
40.7427
32.1798
23.6085
15.0829
6.66565
-1.5656
-9.55294
-17.2592
-24.6502
-31.6941
-38.3605
-44.6204
-50.4458
-55.8096
-60.6875
-65.0563
-68.8958
-72.1878
-74.9161
-77.0667
-78.6278
-79.5891
-79.9418
-79.679
-78.7995
-77.3032
-75.1895
-72.4604
-69.1199
-65.1703
-60.615
-55.4581
-49.7045
-43.3599
-36.4313
-28.9266
-20.8553
-12.2286
-3.06009
6.63406
16.8344
27.518
38.6576
50.2217
62.1739
74.4732
87.0738
99.9245
112.968
126.138
139.356
152.521
165.5
178.104
190.059
200.9
210.125
217.187
221.442
222.179
218.666
210.22
196.283
176.532
151.06
120.681
87.2096
52.5029
17.4861
15.204
45.7454
76.0894
104.616
128.677
146.705
158.719
165.509
168.067
167.529
164.949
161.168
156.788
152.191
147.586
143.062
138.582
134.032
129.335
124.414
119.205
113.653
107.723
101.396
94.6734
87.5707
80.1155
72.345
64.3045
56.0448
47.6192
39.0813
30.4857
21.887
13.3457
4.93766
-3.26489
-11.2202
-18.8926
-26.249
-33.2577
-39.8879
-46.1095
-51.8935
-57.2125
-62.0418
-66.3581
-70.1407
-73.3712
-76.0335
-78.1135
-79.5992
-80.4806
-80.7506
-80.4068
-79.4477
-77.8718
-75.68
-72.8752
-69.4598
-65.4369
-60.8107
-55.5862
-49.7692
-43.3664
-36.3854
-28.8348
-20.7246
-12.0665
-2.87415
6.83623
17.0456
27.7313
38.8671
50.4222
62.3615
74.645
87.228
100.061
113.087
126.241
139.448
152.607
165.592
178.219
190.211
201.1
210.378
217.492
221.787
222.538
218.994
210.47
196.415
176.526
150.932
120.487
87.0456
52.394
17.4455
15.2595
45.9066
76.3175
104.729
128.465
146.163
157.96
164.545
166.929
166.269
163.624
159.828
155.468
150.908
146.342
141.851
137.406
132.879
128.19
123.26
118.027
112.442
106.47
100.096
93.3215
86.1662
78.6588
70.8378
62.7501
54.4476
45.9833
37.411
28.7851
20.1652
11.6231
3.24105
-4.93133
-12.8567
-20.5006
-27.83
-34.8125
-41.4156
-47.6081
-53.3605
-58.645
-63.4355
-67.709
-71.444
-74.6218
-77.2262
-79.2431
-80.6614
-81.4739
-81.6762
-81.2641
-80.2351
-78.5891
-76.3274
-73.4516
-69.9648
-65.8712
-61.1757
-55.8844
-50.004
-43.5419
-36.5065
-28.9074
-20.755
-12.0616
-2.84117
6.89015
17.1134
27.8064
38.9433
50.4943
62.4251
74.6969
87.2657
100.083
113.092
126.231
139.422
152.571
165.552
178.189
190.195
201.104
210.409
217.545
221.853
222.599
219.02
210.42
196.261
176.259
150.57
120.105
86.751
52.2072
17.3793
15.3166
46.0737
76.547
104.797
128.196
145.612
157.192
163.553
165.746
164.953
162.234
158.415
154.067
149.538
145.006
140.545
136.128
131.622
126.941
122.006
116.755
111.142
105.136
98.7239
91.9091
84.7115
77.1621
69.3003
61.1736
52.835
44.3374
35.7352
27.0869
18.4609
9.94164
1.59111
-6.55177
-14.4518
-22.0743
-29.3848
-36.3491
-42.9336
-49.1063
-54.8359
-60.0941
-64.854
-69.0919
-72.7864
-75.9186
-78.4729
-80.4374
-81.8035
-82.5629
-82.7092
-82.2385
-81.1489
-79.4401
-77.1131
-74.1703
-70.6156
-66.4539
-61.6911
-56.3341
-50.3905
-43.8686
-36.7777
-29.1281
-20.931
-12.199
-2.94667
6.80973
17.0513
27.7561
38.8988
50.4503
62.3771
74.6411
87.1992
100.003
112.998
126.119
139.293
152.425
165.393
178.029
190.025
200.928
210.229
217.359
221.651
222.365
218.739
210.066
195.816
175.722
149.966
119.524
86.3185
51.939
17.2859
15.3755
46.2459
76.7687
104.821
127.894
145.078
156.418
162.536
164.526
163.588
160.786
156.936
152.592
148.088
143.584
139.148
134.751
130.264
125.59
120.653
115.389
109.754
103.721
97.2799
90.4345
83.205
75.6236
67.7307
59.5738
51.206
42.6822
34.06
25.4044
16.7967
8.31316
-0.00524206
-8.12278
-16.0044
-23.6128
-30.9119
-37.866
-44.4394
-50.5989
-56.3118
-61.5494
-66.2842
-70.4925
-74.1538
-77.2513
-79.7708
-81.6991
-83.0249
-83.74
-83.8384
-83.3163
-82.1715
-80.404
-78.0154
-75.009
-71.3892
-67.1619
-62.3337
-56.9122
-50.906
-44.3244
-37.1773
-29.476
-21.2322
-12.4593
-3.1722
6.61259
16.8761
27.5965
38.749
50.3049
62.2314
74.4911
87.0415
99.8345
112.815
125.92
139.073
152.184
165.131
177.752
189.718
200.583
209.849
216.944
221.19
221.844
218.15
209.405
195.076
174.904
149.11
118.738
85.7427
51.5862
17.1649
15.4364
46.4243
76.9803
104.803
127.592
144.562
155.641
161.5
163.275
162.183
159.288
155.396
151.049
146.562
142.082
137.666
133.282
128.809
124.142
119.203
113.93
108.279
102.226
95.7629
88.8952
81.6436
74.0398
66.1252
57.9471
49.5596
41.0207
32.393
23.7522
15.1856
6.739
-1.55159
-9.65074
-17.5208
-25.1228
-32.4175
-39.3669
-45.934
-52.084
-57.7843
-63.0054
-67.7223
-71.9127
-75.556
-78.6333
-81.1279
-83.0265
-84.318
-84.9941
-85.0487
-84.4781
-83.2808
-81.4574
-79.0099
-75.9423
-72.2598
-67.9687
-63.0766
-57.5919
-51.524
-44.8829
-37.6797
-29.9259
-21.6345
-12.8193
-3.49542
6.32001
16.608
27.3468
38.5119
50.0751
62.0041
74.2622
86.8071
99.5909
112.559
125.645
138.775
151.858
164.775
177.368
189.287
200.084
209.284
216.309
220.48
221.048
217.259
208.434
194.034
173.792
147.987
117.746
85.0215
51.1476
17.0154
15.5003
46.6111
77.174
104.749
127.325
144.064
154.862
160.451
161.999
160.743
157.745
153.804
149.444
144.966
140.505
136.102
131.723
127.26
122.598
117.659
112.381
106.72
100.653
94.1735
87.2902
80.024
72.4069
64.4798
56.2918
47.897
39.3563
30.7428
22.1477
13.6241
5.2091
-3.06141
-11.1498
-19.0157
-26.6171
-33.9113
-40.8587
-47.422
-53.5655
-59.2599
-64.477
-69.1904
-73.3744
-77.0065
-80.0674
-82.5404
-84.4117
-85.6704
-86.3085
-86.3201
-85.7022
-84.4537
-82.5755
-80.0704
-76.9429
-73.1988
-68.8451
-63.8902
-58.3433
-52.2145
-45.5146
-38.2554
-30.4494
-22.11
-13.2518
-3.89045
5.9567
16.2704
27.0291
38.2084
49.7805
61.7135
73.9712
86.5118
99.2871
112.242
125.31
138.414
151.464
164.342
176.89
188.736
199.442
208.543
215.465
219.529
219.984
216.075
207.148
192.681
172.376
146.578
116.557
84.156
50.6226
16.8378
15.5677
46.811
77.3367
104.691
127.099
143.583
154.086
159.393
160.706
159.276
156.166
152.164
147.783
143.307
138.858
134.46
130.079
125.623
120.966
116.028
110.745
105.077
99.0011
92.5122
85.6198
78.3459
70.7234
62.7943
54.6073
46.218
37.6953
29.1292
20.584
12.097
3.7042
-4.55593
-12.641
-20.5066
-28.1089
-35.4048
-42.3525
-48.9176
-55.0674
-60.7693
-65.9915
-70.7049
-74.8836
-78.5047
-81.5485
-83.9985
-85.8411
-87.0658
-87.6647
-87.6326
-86.9666
-85.6662
-83.7329
-81.1699
-77.9824
-74.1767
-69.7608
-64.7435
-59.1348
-52.9455
-46.1873
-38.8727
-31.0149
-22.628
-13.7271
-4.32844
5.55034
15.8898
26.6685
37.862
49.443
61.3801
73.6373
86.173
98.9391
111.879
124.926
138.005
151.019
163.86
176.334
188.079
198.667
207.638
214.423
218.344
218.655
214.606
205.552
191.005
170.641
144.878
115.175
83.1483
50.0124
16.6318
15.6382
47.0155
77.4731
104.67
126.906
143.121
153.318
158.333
159.402
157.788
154.557
150.485
146.072
141.589
137.145
132.747
128.357
123.905
119.252
114.313
109.028
103.355
97.2747
90.7813
83.8857
76.6113
68.992
61.0692
52.8931
44.5273
36.0534
27.5449
19.0413
10.5788
2.1975
-6.05865
-14.1436
-22.0113
-29.6156
-36.9161
-43.8755
-50.4558
-56.6194
-62.3301
-67.5558
-72.2667
-76.4368
-80.0432
-83.0663
-85.4899
-87.3006
-88.4882
-89.045
-88.9664
-88.2498
-86.8952
-84.9046
-82.282
-79.0329
-75.1645
-70.6853
-65.6049
-59.934
-53.6843
-46.868
-39.4984
-31.5895
-23.1559
-14.2133
-4.77837
5.1309
15.495
26.2922
37.4986
49.087
61.0264
73.2812
85.81
98.5644
111.487
124.51
137.557
150.536
163.337
175.713
187.331
197.771
206.58
213.19
216.932
217.065
212.848
203.649
188.992
168.568
142.912
113.597
81.9997
49.318
16.3984
15.7117
47.2198
77.5939
104.7
126.745
142.68
152.562
157.277
158.093
156.288
152.925
148.773
144.319
139.82
135.372
130.972
126.573
122.116
117.464
112.523
107.235
101.561
95.4783
88.985
82.0921
74.8237
67.2132
59.3046
51.1553
42.8359
34.4255
25.965
17.49
9.04086
0.664233
-7.59158
-15.6779
-23.5486
-31.1625
-38.4802
-45.4583
-52.0541
-58.2281
-63.9432
-69.167
-73.87
-78.0262
-81.6128
-84.6104
-87.0028
-88.7769
-89.9228
-90.4332
-90.3037
-89.5324
-88.1197
-86.0682
-83.3824
-80.0687
-76.1348
-71.59
-66.4447
-60.7103
-54.3991
-47.5243
-40.0998
-32.1402
-23.6608
-14.6777
-5.20817
4.72964
15.116
25.9293
37.1458
48.7385
60.6768
72.9256
85.4434
98.1816
111.082
124.076
137.086
150.019
162.768
175.038
186.499
196.763
205.374
211.773
215.296
215.213
210.796
201.427
186.629
166.127
140.721
111.829
80.7136
48.5415
16.1378
15.7874
47.4167
77.7363
104.772
126.617
142.263
151.824
156.232
156.788
154.782
151.278
147.037
142.531
138.007
133.548
129.142
124.736
120.267
115.607
110.664
105.374
99.6986
93.6176
87.1281
80.242
72.9834
65.3885
57.5069
49.3995
41.1448
32.7852
24.3558
15.8969
7.45628
-0.917124
-9.17331
-17.2641
-25.1489
-32.7826
-40.1174
-47.1082
-53.7118
-59.8886
-65.602
-70.818
-75.5072
-79.6438
-83.2049
-86.1714
-88.527
-90.2591
-91.3577
-91.8161
-91.6302
-90.7987
-89.3226
-87.205
-84.4512
-81.0681
-77.0645
-72.4503
-67.2367
-61.436
-55.0612
-48.1263
-40.646
-32.6355
-24.1108
-15.0884
-5.58604
4.37794
14.7837
25.6096
36.8321
48.4246
60.357
72.5941
85.095
97.8107
110.682
123.642
136.611
149.504
162.161
174.301
185.583
195.642
204.024
210.172
213.435
213.095
208.439
198.869
183.891
163.363
138.308
109.879
79.2942
47.6851
15.8511
15.8672
47.5996
77.9227
104.883
126.523
141.874
151.107
155.203
155.492
153.278
149.624
145.283
140.716
136.158
131.682
127.266
122.85
118.362
113.692
108.744
103.452
97.7767
91.6983
85.2144
78.3376
71.0942
63.5248
55.6799
47.6323
39.4271
31.098
22.6852
14.2362
5.80066
-2.5699
-10.8287
-18.9334
-26.8344
-34.4812
-41.8254
-48.8212
-55.4236
-61.5947
-67.2981
-72.4999
-77.1702
-81.2818
-84.812
-87.7417
-90.055
-91.7391
-92.7845
-93.1848
-92.9364
-92.0384
-90.4923
-88.3022
-85.474
-82.0155
-77.9363
-73.2471
-67.9602
-62.0887
-55.6465
-48.6486
-41.1103
-33.0476
-24.477
-15.4159
-5.88198
4.10591
14.5279
25.3625
36.5863
48.173
60.093
72.3115
84.7876
97.472
110.305
123.22
136.14
148.984
161.522
173.499
184.582
194.408
202.525
208.384
211.342
210.698
205.765
195.942
180.745
160.351
135.678
107.751
77.7459
46.7517
15.5391
15.9547
47.7817
78.1518
105.034
126.464
141.517
150.418
154.196
154.212
151.782
147.969
143.519
138.882
134.282
129.781
125.351
120.923
116.413
111.73
106.773
101.477
95.8015
89.7261
83.2494
76.3856
69.1643
61.6249
53.8304
45.8281
37.6507
29.3365
20.9322
12.4879
4.05564
-4.31827
-12.5892
-20.7049
-28.6118
-36.2596
-43.6002
-50.5882
-57.1809
-63.3399
-69.0278
-74.2068
-78.8507
-82.9327
-86.4281
-89.3164
-91.5823
-93.2131
-94.1996
-94.5358
-94.2184
-93.2471
-91.6242
-89.3542
-86.4442
-82.9028
-78.7404
-73.9691
-68.602
-62.6533
-56.1381
-49.0721
-41.4717
-33.3537
-24.7354
-15.6346
-6.06948
3.94081
14.3763
25.2157
36.4356
48.0104
59.9105
72.1019
84.5436
97.1862
109.972
122.833
135.702
148.452
160.855
172.636
183.492
193.054
200.87
206.396
209.001
208.001
202.756
192.608
177.258
157.101
132.839
105.454
76.0737
45.744
15.2027
16.0478
47.9863
78.4179
105.223
126.443
141.195
149.76
153.217
152.954
150.302
146.322
141.754
137.038
132.387
127.855
123.406
118.963
114.432
109.733
104.764
99.4609
93.7833
87.711
81.2433
74.3959
67.1968
59.6954
51.9395
43.9606
35.7943
27.4857
19.0843
10.642
2.20515
-6.17996
-14.4587
-22.576
-30.4794
-38.1186
-45.446
-52.4167
-58.9885
-65.1223
-70.7815
-75.9325
-80.5472
-84.5956
-88.0482
-90.8914
-93.1086
-94.6818
-95.6045
-95.8716
-95.4792
-94.4281
-92.721
-90.3635
-87.3634
-83.7305
-79.4763
-74.614
-69.158
-63.1237
-56.5274
-49.3861
-41.7173
-33.5386
-24.8684
-15.725
-6.12731
3.90532
14.3527
25.1936
36.4049
47.9612
59.8335
71.9881
84.3842
96.9722
109.695
122.49
135.293
147.911
160.138
171.703
182.303
191.566
199.04
204.187
206.384
204.991
199.348
188.857
173.52
153.619
129.797
102.992
74.2826
44.6653
14.843
16.1425
48.2236
78.7221
105.454
126.462
140.911
149.138
152.27
151.725
148.845
144.692
139.997
135.194
130.484
125.914
121.441
116.98
112.431
107.712
102.728
97.4157
91.7349
85.6655
79.2067
72.3731
65.1978
57.7261
49.9881
42.0157
33.851
25.542
17.1402
8.69206
0.244146
-8.14737
-16.4263
-24.5384
-32.4314
-40.0556
-47.3635
-54.3102
-60.8538
-66.9552
-72.5782
-77.6898
-82.2603
-86.2622
-89.6714
-92.471
-94.6358
-96.1468
-97.005
-97.2007
-96.7277
-95.5917
-93.7936
-91.3408
-88.2424
-84.5087
-80.1528
-75.1892
-69.6338
-63.5034
-56.8158
-49.5894
-41.8431
-33.5957
-24.8667
-15.6754
-6.04131
4.01567
14.4751
25.3156
36.5143
48.0461
59.8823
71.9895
84.3275
96.8474
109.493
122.215
134.897
147.357
159.372
170.689
180.998
189.924
197.011
201.723
203.464
201.624
195.497
184.804
169.533
149.911
126.56
100.374
72.378
43.5185
14.4609
16.2422
48.4915
79.0646
105.726
126.524
140.667
148.555
151.36
150.53
147.418
143.085
138.257
133.359
128.583
123.969
119.467
114.985
110.418
105.677
100.677
95.3542
89.6686
83.6001
77.1466
70.324
63.1674
55.7071
47.9704
39.9951
31.8262
23.5133
15.1045
6.64461
-1.81009
-10.2025
-18.477
-26.5798
-34.459
-42.0648
-49.3499
-56.2695
-62.7815
-68.8469
-74.4293
-79.496
-84.0169
-87.9654
-91.318
-94.0549
-96.1575
-97.6124
-98.4109
-98.5318
-97.9762
-96.7547
-94.8594
-92.3041
-89.1
-85.256
-80.7882
-75.7122
-70.0454
-63.8066
-57.0153
-49.6915
-41.8558
-33.5288
-24.7312
-15.4835
-5.80631
4.2797
14.7536
25.5938
36.7774
48.2793
60.0712
72.12
84.3857
96.8205
109.372
121.988
134.512
146.769
158.542
169.575
179.554
188.095
194.742
198.967
200.217
197.825
191.273
180.486
165.298
145.983
123.136
97.6059
70.365
42.3068
14.0575
16.3507
48.7866
79.4458
106.042
126.628
140.465
148.013
150.491
149.375
146.027
141.511
136.545
131.545
126.697
122.033
117.499
112.991
108.405
103.64
98.6217
93.287
87.5948
81.524
75.0726
68.2564
61.1044
53.6409
45.8969
37.9132
29.7367
21.4158
12.9937
4.52519
-3.93258
-12.3232
-20.5915
-28.684
-36.5489
-44.1363
-51.3989
-58.2916
-64.7723
-70.8016
-76.3431
-81.3638
-85.8337
-89.7259
-93.0171
-95.6872
-97.7189
-99.0988
-99.8164
-99.8622
-99.2365
-97.9332
-95.9359
-93.2766
-89.963
-85.9987
-81.4091
-76.2095
-70.4184
-64.0577
-57.1485
-49.7128
-41.7734
-33.353
-24.4738
-15.1582
-5.42814
4.69461
15.1882
26.0305
37.1982
48.6662
60.4062
72.3852
84.5631
96.8937
109.333
121.792
134.12
146.136
157.628
168.335
177.935
186.038
192.189
195.892
196.549
193.579
186.804
175.899
160.82
141.841
119.531
94.6947
68.2489
41.0333
13.6337
16.4688
49.1095
79.8663
106.401
126.777
140.307
147.513
149.664
148.263
144.68
139.978
134.87
129.764
124.839
120.121
115.549
111.014
106.402
101.612
96.5743
91.2266
85.526
79.4509
72.9976
66.1794
59.0205
51.5457
43.7898
35.7948
27.6079
19.273
10.8397
2.36489
-6.09492
-14.4838
-22.747
-30.831
-38.6839
-46.2559
-53.4992
-60.3686
-66.8216
-72.8185
-78.3227
-83.3006
-87.7218
-91.5594
-94.7898
-97.3926
-99.3509
-100.651
-101.283
-101.239
-100.517
-99.1137
-97.03
-94.2813
-90.8551
-86.7639
-82.0491
-76.7162
-70.7871
-64.2913
-57.2492
-49.6853
-41.626
-33.0961
-24.1197
-14.7216
-4.92573
5.24449
15.7659
26.6153
37.7685
49.2001
60.8813
72.7787
84.8518
97.0543
109.346
121.61
133.697
145.431
156.598
166.928
176.093
183.701
189.314
192.404
192.42
189.062
182.032
171.04
156.102
137.492
115.753
91.6472
66.0349
39.7011
13.1904
16.5971
49.4606
80.3269
106.805
126.969
140.19
147.056
148.883
147.198
143.382
138.494
133.243
128.029
123.024
118.249
113.635
109.068
104.423
99.6057
94.5493
89.1884
83.4788
77.3971
70.9384
64.1119
56.9396
49.4502
41.68
33.6716
25.4709
17.1219
8.67882
0.197726
-8.2654
-16.655
-24.9164
-32.996
-40.8419
-48.4039
-55.6341
-62.4867
-68.9189
-74.8904
-80.3642
-85.306
-89.6852
-93.4741
-96.6488
-99.1885
-101.076
-102.298
-102.844
-102.706
-101.883
-100.372
-98.178
-95.3078
-91.767
-87.571
-82.7416
-77.2638
-71.1883
-64.5509
-57.3613
-49.652
-41.4561
-32.7994
-23.708
-14.2106
-4.33358
5.89754
16.4575
27.3213
38.4637
49.8578
61.474
73.278
85.2283
97.2789
109.38
121.406
133.209
144.616
155.405
165.301
173.973
181.037
186.028
188.451
187.953
184.247
176.954
165.909
151.147
132.941
111.81
88.4702
63.7279
38.3128
12.7286
16.7359
49.8413
80.8283
107.253
127.204
140.115
146.642
148.148
146.184
142.139
137.069
131.676
126.354
121.269
116.434
111.773
107.167
102.479
97.6388
92.5659
87.1931
81.4746
75.3855
68.9195
62.0825
54.8951
47.3899
39.6044
31.5811
23.3649
15.0029
6.54963
-1.93949
-10.409
-18.8034
-27.0681
-35.1495
-42.9953
-50.5551
-57.7804
-64.6253
-71.0461
-77.0021
-82.4554
-87.3714
-91.7185
-95.4686
-98.5969
-101.082
-102.907
-104.057
-104.521
-104.293
-103.369
-101.75
-99.4388
-96.4428
-92.7719
-88.4403
-83.4651
-77.8605
-71.6587
-64.8832
-57.5263
-49.6605
-41.3183
-32.5194
-23.2937
-13.6792
-3.70448
6.60289
17.2142
28.1018
39.2384
50.5954
62.1413
73.8395
85.6462
97.5144
109.383
121.129
132.604
143.631
153.985
163.388
171.51
177.951
182.266
184.109
183.175
179.078
171.563
160.505
145.958
128.195
107.708
85.1702
61.3328
36.8714
12.2491
16.8858
50.252
81.3715
107.745
127.48
140.08
146.268
147.458
145.223
140.955
135.709
130.179
124.753
119.588
114.698
109.985
105.321
100.597
95.7372
90.6507
85.2675
79.5411
73.4451
66.9716
60.1265
52.925
45.4045
37.6034
29.5647
21.333
12.9579
4.49291
-4.00721
-12.4872
-20.8918
-29.1663
-37.2568
-45.1109
-52.6777
-59.9084
-66.7562
-73.1772
-79.1297
-84.5752
-89.4782
-93.8065
-97.5309
-100.626
-103.07
-104.844
-105.933
-106.326
-106.017
-105.001
-103.278
-100.852
-97.7314
-93.9265
-89.4522
-84.3266
-78.5702
-72.2091
-65.2689
-57.7736
-49.7677
-41.282
-32.3138
-22.9383
-13.1956
-3.11054
7.28742
17.9637
28.8852
40.0221
51.3437
62.8146
74.3945
86.0356
97.6879
109.285
120.706
131.801
142.392
152.255
161.106
168.609
174.378
178.086
179.411
177.995
173.546
165.854
154.828
140.541
123.26
103.454
81.7535
58.8543
35.3795
11.7527
17.047
50.6943
81.9572
108.28
127.796
140.08
145.932
146.813
144.316
139.836
134.423
128.763
123.237
117.998
113.047
108.278
103.553
98.8088
93.9358
88.8387
83.4465
77.7122
71.6104
65.1311
58.2803
51.0694
43.5356
35.72
27.6658
19.4193
11.0303
2.55129
-5.96334
-14.4586
-22.8793
-31.1706
-39.2784
-47.15
-54.734
-61.9812
-68.8442
-75.2782
-81.241
-86.6932
-91.5985
-95.9236
-99.6385
-102.717
-105.136
-106.875
-107.921
-108.259
-107.883
-106.788
-104.974
-102.445
-99.2077
-95.2746
-90.6608
-85.3856
-79.4716
-72.9454
-65.8356
-58.1736
-49.9962
-41.3378
-32.2296
-22.7212
-12.8594
-2.65077
7.86464
18.6183
29.5778
40.7181
52.004
63.3945
74.8423
86.2934
97.6936
108.979
120.03
130.7
140.804
150.118
158.355
165.201
170.349
173.473
174.255
172.394
167.64
159.822
148.878
134.898
118.143
99.0568
78.2264
56.2969
33.8397
11.2402
17.2204
51.1695
82.5869
108.859
128.148
140.112
145.63
146.208
143.461
138.783
133.216
127.439
121.823
116.518
111.506
106.655
101.907
97.1498
92.2674
87.1631
81.7654
76.0263
69.9193
63.4367
56.5817
49.3691
41.8253
33.9974
25.9289
17.668
9.264
0.768795
-7.76384
-16.2791
-24.7218
-33.037
-41.1704
-49.0689
-56.6808
-63.9561
-70.847
-77.308
-83.2961
-88.7709
-93.6953
-98.0351
-101.759
-104.84
-107.254
-108.98
-110.002
-110.306
-109.884
-108.731
-106.845
-104.231
-100.895
-96.8483
-92.108
-86.6937
-80.6292
-73.9426
-66.665
-58.8311
-50.4785
-41.6462
-32.3748
-22.7092
-12.6932
-2.36242
8.23902
19.0574
30.0475
41.1882
52.4377
63.7447
75.0493
86.2898
97.407
108.343
118.983
129.178
138.741
147.451
155.053
161.267
165.797
168.343
168.617
166.358
161.353
153.464
142.659
129.035
112.851
94.5217
74.595
53.6652
32.2545
10.7125
17.4067
51.6803
83.2629
109.482
128.536
140.173
145.356
145.641
142.658
137.798
132.094
126.214
120.522
115.157
110.067
105.177
100.418
95.6546
90.7677
85.66
80.26
74.5197
68.412
61.9276
55.0726
47.8617
40.3145
32.4777
24.3972
16.1226
7.70317
-0.809976
-9.36356
-17.903
-26.3731
-34.7188
-42.8858
-50.8204
-58.4705
-65.7858
-72.7177
-79.22
-85.2488
-90.7633
-95.725
-100.099
-103.853
-106.958
-109.39
-111.127
-112.15
-112.446
-112.004
-110.819
-108.888
-106.214
-102.804
-98.6696
-93.8258
-88.2934
-82.0973
-75.2667
-67.8348
-59.8386
-51.3186
-42.3178
-32.8814
-23.0571
-12.8928
-2.43508
8.26675
19.1615
30.2012
41.3433
52.5394
63.7349
74.867
85.8654
96.6619
107.203
117.384
127.062
136.059
144.167
151.146
156.737
160.668
162.667
162.479
159.875
154.678
146.781
136.172
122.959
107.39
89.8564
70.8653
50.9634
30.6265
10.1702
17.6073
52.2298
83.9891
110.15
128.958
140.258
145.106
145.107
141.904
136.882
131.061
125.098
119.35
113.932
108.771
103.876
99.1162
94.3537
89.4683
84.3628
78.9652
73.2278
67.1236
60.643
53.791
46.5829
39.0417
31.2011
23.1124
14.8253
6.39075
-2.14113
-10.7176
-19.2844
-27.7864
-36.1686
-44.3762
-52.3554
-60.0538
-67.4203
-74.406
-80.9639
-87.0495
-92.621
-97.6391
-102.068
-105.874
-109.028
-111.503
-113.277
-114.331
-114.648
-114.218
-113.033
-111.09
-108.391
-104.941
-100.752
-95.8375
-90.2192
-83.922
-76.976
-69.416
-61.2811
-52.6144
-43.4625
-33.8749
-23.9036
-13.602
-3.02389
7.77542
18.7403
29.8161
40.9488
52.0818
63.1536
74.0955
84.8298
95.2819
105.407
115.113
124.263
132.69
140.198
146.566
151.556
154.921
156.419
155.822
152.937
147.614
139.774
129.423
116.675
101.768
85.068
67.0434
48.1959
28.958
9.61428
17.8238
52.8233
84.7712
110.869
129.414
140.366
144.875
144.6
141.194
136.032
130.119
124.096
118.308
112.809
107.657
102.772
98.0211
93.268
88.3925
83.2973
77.91
72.1822
66.0872
59.6158
52.772
45.5726
38.0405
30.2039
22.1122
13.8151
5.36701
-3.18314
-11.7833
-20.3794
-28.9165
-37.3397
-45.594
-53.6254
-61.381
-68.8096
-75.8614
-82.489
-88.6472
-94.2934
-99.3875
-103.893
-107.775
-111.003
-113.549
-115.39
-116.506
-116.879
-116.496
-115.349
-113.434
-110.75
-107.303
-103.101
-98.159
-92.4977
-86.1416
-79.1214
-71.4726
-63.236
-54.457
-45.1854
-35.4746
-25.3813
-14.9642
-4.28392
6.59768
17.6182
28.7149
39.8248
50.8825
61.8188
72.5582
83.0165
93.1142
102.817
112.046
120.672
128.539
135.467
141.251
145.678
148.525
149.578
148.638
145.539
140.163
132.449
122.421
110.193
95.9941
80.1644
63.1357
45.3672
27.2519
9.04547
18.0592
53.4675
85.6178
111.644
129.908
140.494
144.66
144.116
140.525
135.247
129.268
123.211
117.39
111.875
106.741
101.877
97.1455
92.4124
87.5573
82.4826
77.1155
71.407
65.3297
58.8743
52.046
44.8596
37.3402
29.5169
21.428
13.1264
4.66776
-3.89874
-12.5217
-21.1476
-29.7217
-38.1891
-46.4948
-54.5847
-62.4056
-69.9059
-77.0354
-83.7462
-89.9925
-95.7309
-100.921
-105.524
-109.506
-112.835
-115.483
-117.423
-118.635
-119.101
-118.805
-117.739
-115.896
-113.275
-109.879
-105.716
-100.799
-95.1476
-88.7862
-81.7449
-74.0595
-65.7719
-56.9291
-47.5834
-37.7915
-27.6145
-17.1164
-6.36413
4.57371
15.6271
26.7251
37.7958
48.7653
59.5566
70.0875
80.2684
90.0157
99.303
108.068
116.19
123.525
129.906
135.151
139.067
141.456
142.13
140.919
137.684
132.329
124.814
115.173
103.522
90.0771
75.1535
59.1485
42.4819
25.5105
8.46471
18.3167
54.1726
86.5408
112.486
130.446
140.646
144.459
143.651
139.891
134.523
128.507
122.451
116.587
111.119
106.024
101.194
96.4964
91.7964
86.974
81.9317
76.5962
70.9181
64.8691
58.4394
51.6342
44.4696
36.9691
29.163
21.0863
12.788
4.32242
-4.2571
-12.9005
-21.555
-30.1662
-38.6794
-47.0398
-55.1931
-63.0859
-70.6664
-77.8842
-84.6908
-91.04
-96.8879
-102.193
-106.917
-111.024
-114.481
-117.26
-119.333
-120.678
-121.276
-121.111
-120.171
-118.45
-115.944
-112.654
-108.588
-103.757
-98.1781
-91.8751
-84.8772
-77.2199
-68.945
-60.1003
-50.7399
-40.9232
-30.7146
-20.1829
-9.40067
1.55691
12.6123
23.6866
34.6992
45.5679
56.2083
66.5321
76.4455
85.8598
94.7543
103.084
110.736
117.58
123.465
128.228
131.697
133.699
134.071
132.669
129.378
124.123
116.881
107.693
96.674
84.0272
70.0439
55.0883
39.5444
23.7368
7.87288
18.6014
54.9509
87.5562
113.41
131.039
140.828
144.274
143.204
139.29
133.855
127.827
121.778
115.953
110.543
105.502
100.724
96.076
91.4234
86.6474
81.6503
76.359
70.7234
64.7148
58.3223
51.5505
44.4156
36.9419
29.1601
21.1043
12.8176
4.35157
-4.23595
-12.8958
-21.576
-30.2228
-38.7817
-47.1982
-55.418
-63.3878
-71.0556
-78.3708
-85.2846
-91.7505
-97.7239
-103.163
-108.029
-112.286
-115.899
-118.839
-121.078
-122.594
-123.365
-123.375
-122.61
-121.063
-118.728
-115.606
-111.7
-107.022
-101.586
-95.4137
-88.5337
-80.9798
-72.7932
-64.0215
-54.7192
-44.9473
-34.7726
-24.2675
-13.5092
-2.57866
8.43985
19.4598
30.3928
41.149
51.6368
61.7627
71.4295
80.5425
89.079
97.0144
104.246
110.655
116.107
120.457
123.554
125.25
125.404
123.896
120.633
115.558
108.663
99.9927
89.6608
77.8551
64.8443
50.9618
36.5594
21.9334
7.27096
18.9195
55.8191
88.6844
114.434
131.702
141.049
144.111
142.776
138.722
133.244
127.242
121.195
115.464
110.136
105.171
100.463
95.8808
91.2911
86.5755
81.6372
76.403
70.8227
64.8668
58.524
51.7975
44.7031
37.2658
29.5156
21.4878
13.2216
4.76553
-3.8235
-12.4941
-21.1954
-29.8743
-38.4769
-46.9489
-55.2366
-63.2865
-71.0468
-78.4667
-85.4974
-92.092
-98.2058
-103.797
-108.825
-113.254
-117.05
-120.181
-122.62
-124.343
-125.328
-125.558
-125.018
-123.699
-121.593
-118.7
-115.023
-110.568
-105.35
-99.3887
-92.7087
-85.3427
-77.33
-68.7171
-59.5577
-49.9127
-39.8502
-29.4445
-18.7758
-7.92969
3.00435
13.9334
24.7622
35.3941
45.7311
55.6752
65.1259
73.9824
82.207
89.8019
96.674
102.716
107.808
111.825
114.636
116.113
116.139
114.614
111.465
106.652
100.177
92.0888
82.4956
71.5717
59.563
46.7752
33.5313
20.1031
6.65981
19.2789
56.7965
89.9501
115.583
132.457
141.328
143.983
142.375
138.186
132.682
126.726
120.744
115.114
109.889
105.021
100.402
95.9026
91.3909
86.75
81.8838
76.7195
71.207
65.3163
59.0353
52.3665
45.3246
37.9339
30.2256
22.2341
13.9978
5.56319
-3.02002
-11.6943
-20.4102
-29.1158
-37.7579
-46.2829
-54.6372
-62.7681
-70.6237
-78.1533
-85.3082
-92.0414
-98.308
-104.066
-109.275
-113.897
-117.9
-121.251
-123.921
-125.887
-127.126
-127.619
-127.352
-126.313
-124.494
-121.894
-118.511
-114.354
-109.432
-103.764
-97.3704
-90.2827
-82.5369
-74.1773
-65.2554
-55.8307
-45.9703
-35.7486
-25.2473
-14.5539
-3.76162
7.03228
17.7273
28.221
38.4105
48.1933
57.4672
66.1223
74.089
81.4059
87.9887
93.7411
98.5585
102.331
104.946
106.298
106.289
104.84
101.893
97.4233
91.4403
83.9958
75.1911
65.1867
54.2074
42.5338
30.4636
18.248
6.04028
19.6889
57.9069
91.3821
116.886
133.329
141.687
143.905
142.012
137.69
132.17
126.233
120.39
114.891
109.791
105.04
100.528
96.128
91.7089
87.156
82.3743
77.2919
71.8587
66.0447
59.8373
53.238
46.2605
38.9281
31.2716
23.3261
15.1298
6.72509
-1.83967
-10.5085
-19.2307
-27.9556
-36.6308
-45.2036
-53.6211
-61.8309
-69.7816
-77.423
-84.7064
-91.5849
-98.0137
-103.95
-109.355
-114.19
-118.42
-122.015
-124.945
-127.186
-128.714
-129.511
-129.561
-128.852
-127.375
-125.126
-122.106
-118.316
-113.768
-108.474
-102.456
-95.7387
-88.3567
-80.3501
-71.7672
-62.6643
-53.1058
-43.164
-32.9193
-22.4591
-11.8774
-1.27335
9.2495
19.5853
29.6273
39.2698
48.4092
56.9273
64.6948
71.8008
78.1719
83.7203
88.3534
91.9764
94.495
95.8204
95.8738
94.5926
91.9359
87.8892
82.4688
75.7266
67.7574
58.7075
48.7828
38.2413
27.3591
16.3701
5.41297
20.1606
59.1753
93.011
118.373
134.348
142.152
143.904
141.708
137.252
131.737
125.85
120.139
114.787
109.831
105.214
100.827
96.5398
92.2263
87.7729
83.0864
78.0961
72.7523
67.0251
60.9014
54.3822
47.4802
40.2175
32.6239
24.7349
16.5879
8.2236
-0.309098
-8.96302
-17.6819
-26.4166
-35.1162
-43.7289
-52.2029
-60.4865
-68.5288
-76.2803
-83.6926
-90.7192
-97.3154
-103.439
-109.05
-114.11
-118.585
-122.444
-125.658
-128.2
-130.048
-131.183
-131.59
-131.254
-130.168
-128.326
-125.725
-122.37
-118.266
-113.426
-107.866
-101.61
-94.6875
-87.1345
-78.9948
-70.32
-61.1699
-51.6127
-41.7247
-31.5904
-21.3014
-10.9559
-0.657198
9.48798
19.3714
28.8859
37.9279
46.3702
54.0114
60.9719
67.2125
72.6471
77.1923
80.7661
83.2896
84.6898
84.9045
83.8863
81.6072
78.0622
73.2725
67.2892
60.1997
52.1376
43.291
33.8987
24.2188
14.4702
4.77839
20.7057
60.6281
94.8668
120.075
135.545
142.755
144.007
141.485
136.877
131.346
125.554
119.986
114.794
109.998
105.53
101.279
97.1176
92.9199
88.5752
83.9924
79.1019
73.8552
68.2226
62.1907
55.7602
48.9429
41.7599
34.2398
26.4171
18.33
10.0183
1.52545
-7.09893
-15.8028
-24.5361
-33.2491
-41.8913
-50.412
-58.7606
-66.8872
-74.7428
-82.28
-89.4525
-96.2163
-102.529
-108.351
-113.645
-118.376
-122.513
-126.026
-128.89
-131.082
-132.583
-133.377
-133.45
-132.794
-131.403
-129.274
-126.408
-122.811
-118.492
-113.467
-107.755
-101.381
-94.3767
-86.7811
-78.64
-70.007
-60.9439
-51.5208
-41.8162
-31.9164
-21.9147
-11.9109
-2.00931
7.68304
17.0588
26.0133
34.4126
42.0208
48.9121
55.1057
60.5179
65.0732
68.7
71.3321
72.9105
73.3865
72.7258
70.9113
67.9456
63.8531
58.6833
52.5166
45.4744
37.7298
29.5048
21.0425
12.549
4.13684
21.336
62.2878
96.9738
122.016
136.947
143.524
144.245
141.373
136.599
131.021
125.346
119.931
114.909
110.281
105.972
101.867
97.8388
93.7639
89.5339
85.06
80.2742
75.1293
69.5962
63.6615
57.3257
50.5999
43.5043
36.0666
28.3198
20.3017
12.052
3.61207
-4.96952
-13.6466
-22.3659
-31.0793
-39.7381
-48.2928
-56.6941
-64.8934
-72.8428
-80.4956
-87.8065
-94.732
-101.23
-107.262
-112.79
-117.78
-122.201
-126.022
-129.22
-131.77
-133.655
-134.857
-135.364
-135.167
-134.26
-132.639
-130.305
-127.264
-123.522
-119.093
-113.992
-108.243
-101.871
-94.9102
-87.4003
-79.3878
-70.9268
-62.0793
-52.9152
-43.5123
-33.9561
-24.3391
-14.7594
-5.31974
3.87455
12.7175
21.0806
28.7325
35.6344
41.8602
47.3367
51.996
55.7754
58.6185
60.4771
61.3139
61.1047
59.841
57.5313
54.2021
49.9002
44.6995
38.7109
32.0939
25.057
17.83
10.6075
3.48897
22.0609
64.1687
99.3427
124.207
138.567
144.483
144.647
141.406
136.456
130.839
125.254
119.985
115.131
110.674
106.527
102.572
98.6801
94.7307
90.6175
86.254
81.5744
76.5327
71.1007
65.2654
59.0271
52.3966
45.3934
38.0441
30.3808
22.44
14.2613
5.88534
-2.64486
-11.2791
-19.9709
-28.6707
-37.3312
-45.9047
-54.3434
-62.6002
-70.6283
-78.3825
-85.8183
-92.8933
-99.5664
-105.799
-111.554
-116.798
-121.499
-125.628
-129.16
-132.073
-134.348
-135.968
-136.92
-137.197
-136.791
-135.701
-133.926
-131.47
-128.341
-124.55
-120.11
-115.041
-109.366
-103.112
-96.3147
-89.012
-81.2501
-73.0818
-64.5671
-55.7732
-46.7747
-37.6534
-28.4975
-19.4008
-10.4615
-1.78107
6.5291
14.2502
21.2086
27.5238
33.1345
37.979
42.0004
45.149
47.3844
48.6771
49.0107
48.3826
46.805
44.305
40.927
36.738
31.8397
26.3802
20.5557
14.5846
8.64933
2.83634
22.8848
66.2667
101.959
126.631
140.399
145.635
145.225
141.596
136.448
130.799
125.289
120.156
115.463
111.171
107.183
103.375
99.618
95.792
91.7934
87.5381
82.9623
78.0216
72.6888
66.9516
60.8103
54.2754
47.3661
40.1082
32.5328
24.6753
16.5744
8.27042
-0.195001
-8.77662
-17.4273
-26.099
-34.7457
-43.3213
-51.7799
-60.0758
-68.164
-76.0006
-83.5427
-90.7487
-97.5789
-103.995
-109.962
-115.445
-120.413
-124.839
-128.697
-131.964
-134.622
-136.655
-138.05
-138.8
-138.898
-138.341
-137.131
-135.272
-132.769
-129.634
-125.879
-121.521
-116.58
-111.08
-105.049
-98.52
-91.5316
-84.1271
-76.356
-68.2741
-59.9436
-51.4332
-42.8176
-34.1777
-25.599
-17.171
-8.98544
-1.20587
5.80368
12.2263
18.0106
23.0959
27.4274
30.9587
33.6537
35.4874
36.4475
36.5349
35.7632
34.1586
31.7618
28.6335
24.8664
20.5982
16.0136
11.3191
6.6844
2.18271
23.8008
68.5467
104.765
129.227
142.395
146.951
145.97
141.949
136.58
130.911
125.466
120.453
115.907
111.769
107.93
104.26
100.63
96.9204
93.0297
88.8761
84.3979
79.5524
74.3134
68.6695
62.621
56.1788
49.3615
42.1943
34.7077
26.936
18.9169
10.6902
2.29654
-6.22205
-14.8187
-23.4493
-32.0673
-40.6285
-49.0886
-57.4039
-65.5312
-73.4281
-81.0533
-88.3669
-95.3301
-101.906
-108.06
-113.759
-118.972
-123.672
-127.834
-131.435
-134.457
-136.884
-138.704
-139.91
-140.494
-140.456
-139.797
-138.521
-136.634
-134.147
-131.072
-127.425
-123.223
-118.488
-113.244
-107.519
-101.344
-94.7545
-87.791
-80.498
-72.9256
-65.1285
-57.167
-49.1063
-41.0161
-32.9697
-25.042
-17.3456
-10.2508
-3.75819
2.19609
7.53899
12.2139
16.175
19.3868
21.8257
23.4803
24.3516
24.4519
23.8046
22.4451
20.4265
17.8323
14.7889
11.4688
8.06501
4.73368
1.5354
24.7827
70.9223
107.636
131.868
144.444
148.353
146.837
142.454
136.895
131.189
125.794
120.883
116.466
112.464
108.757
105.211
101.695
98.0894
94.2955
90.2333
85.8429
81.0832
75.9293
70.3704
64.4076
58.0515
51.3206
44.24
36.8392
29.1521
21.2152
13.0675
4.74911
-3.69913
-12.2348
-20.8126
-29.3892
-37.921
-46.3657
-54.6813
-62.8263
-70.7601
-78.4434
-85.8375
-92.9056
-99.612
-105.923
-111.806
-117.233
-122.175
-126.608
-130.51
-133.863
-136.651
-138.863
-140.49
-141.527
-141.973
-141.829
-141.1
-139.794
-137.919
-135.49
-132.521
-129.029
-125.033
-120.556
-115.62
-110.254
-104.486
-98.3484
-91.8773
-85.1117
-78.0943
-70.8716
-63.4943
-56.0164
-48.4964
-40.9968
-33.5911
-26.4857
-19.9488
-13.8693
-8.30022
-3.2957
1.09796
4.84437
7.91827
10.3061
12.0058
13.0255
13.3826
13.1045
12.2348
10.8448
9.04747
7.00071
4.88222
2.83407
0.906863
25.7719
73.2274
110.347
134.318
146.342
149.681
147.713
143.029
137.346
131.617
126.267
121.444
117.134
113.247
109.652
106.211
102.79
99.2731
95.561
91.5761
87.2603
82.5742
77.4936
72.0089
66.1213
59.8418
53.1887
46.1868
38.8653
31.2574
23.3989
15.3278
7.08368
-1.29332
-9.76257
-18.2818
-26.8081
-35.2996
-43.7151
-52.0145
-60.158
-68.107
-75.8235
-83.271
-90.4139
-97.2183
-103.652
-109.683
-115.284
-120.428
-125.09
-129.251
-132.89
-135.994
-138.55
-140.55
-141.989
-142.866
-143.182
-142.943
-142.157
-140.835
-138.988
-136.633
-133.785
-130.465
-126.692
-122.488
-117.876
-112.883
-107.535
-101.861
-95.8925
-89.6622
-83.2059
-76.5617
-69.7701
-62.8739
-55.9182
-48.9488
-42.0494
-35.5733
-29.4732
-23.7618
-18.4946
-13.7186
-9.47164
-5.78201
-2.66751
-0.135948
1.81332
3.18826
4.0047
4.29233
4.10656
3.54325
2.74233
1.86524
1.04121
0.315125
26.66
75.1809
112.528
136.201
147.758
150.675
148.412
143.562
137.852
132.144
126.855
122.113
117.896
114.102
110.596
107.237
103.891
100.443
96.7943
92.8698
88.6131
83.9854
78.9644
73.5403
67.7154
61.5001
54.9134
47.9794
40.7272
33.1893
25.4011
17.4
9.22469
0.914733
-7.49002
-15.9492
-24.4219
-32.8671
-41.2451
-49.5167
-57.6444
-65.5904
-73.3191
-80.795
-87.9847
-94.8552
-101.376
-107.517
-113.251
-118.552
-123.397
-127.765
-131.638
-135.001
-137.842
-140.153
-141.93
-143.17
-143.875
-144.052
-143.707
-142.853
-141.501
-139.668
-137.371
-134.628
-131.459
-127.886
-123.93
-119.614
-114.963
-110
-104.752
-99.2462
-93.5099
-87.5724
-81.4647
-75.2186
-68.8682
-62.4489
-56.0033
-49.6714
-43.6568
-37.9175
-32.4971
-27.4388
-22.7803
-18.5522
-14.7771
-11.47
-8.64019
-6.29275
-4.42738
-3.03303
-2.07449
-1.47724
-1.12075
-0.859491
-0.572971
-0.21691
27.2695
76.3505
113.631
136.971
148.22
150.968
148.676
143.912
138.296
132.69
127.498
122.848
118.715
114.996
111.556
108.255
104.961
101.559
97.9539
94.071
89.8559
85.2704
80.2932
74.9148
69.1379
62.973
56.4389
49.5594
42.3636
34.8834
27.154
19.2119
11.0956
2.84383
-5.50396
-13.9084
-22.3301
-30.7293
-39.0675
-47.3066
-55.4099
-63.3415
-71.0668
-78.5519
-85.7648
-92.6739
-99.2499
-105.464
-111.29
-116.704
-121.682
-126.204
-130.253
-133.814
-136.876
-139.429
-141.469
-142.993
-144.005
-144.509
-144.513
-144.027
-143.066
-141.645
-139.781
-137.493
-134.801
-131.726
-128.289
-124.512
-120.418
-116.028
-111.366
-106.456
-101.32
-95.9826
-90.469
-84.8042
-79.0144
-73.127
-67.17
-61.1865
-55.35
-49.6991
-44.2485
-39.0361
-34.0964
-29.46
-25.1528
-21.1971
-17.6128
-14.4199
-11.6364
-9.27317
-7.31791
-5.71879
-4.37384
-3.14973
-1.92937
-0.664429
27.349
76.1594
112.956
135.966
147.186
150.157
148.211
143.842
138.527
133.146
128.114
123.58
119.528
115.869
112.472
109.205
105.937
102.559
98.975
95.1148
90.9219
86.3621
81.4116
76.0638
70.3189
64.1897
57.6927
50.8533
43.6988
36.2619
28.5768
20.68
12.6094
4.40308
-3.89945
-12.26
-20.6389
-28.999
-37.301
-45.5094
-53.5865
-61.4994
-69.2124
-76.695
-83.9138
-90.841
-97.4456
-103.703
-109.584
-115.07
-120.133
-124.759
-128.927
-132.625
-135.838
-138.561
-140.786
-142.514
-143.743
-144.481
-144.732
-144.51
-143.826
-142.697
-141.139
-139.172
-136.814
-134.088
-131.014
-127.614
-123.909
-119.922
-115.673
-111.186
-106.479
-101.577
-96.4987
-91.2681
-85.907
-80.4399
-74.8919
-69.292
-63.6917
-58.1893
-52.7999
-47.5501
-42.4681
-37.5813
-32.9167
-28.5008
-24.3639
-20.5386
-17.0622
-13.9648
-11.257
-8.90481
-6.82141
-4.87785
-2.95742
-1.00418
26.6504
74.0933
109.96
132.759
144.391
148.1
146.963
143.27
138.459
133.419
128.61
124.209
120.236
116.617
113.242
109.982
106.717
103.338
99.7555
95.8968
91.71
87.1577
82.2194
76.8855
71.1586
65.049
58.5748
51.7596
44.6315
37.2223
29.5661
21.6993
13.659
5.48378
-2.78827
-11.1178
-19.4674
-27.7982
-36.0739
-44.2572
-52.3137
-60.2079
-67.9082
-75.3813
-82.598
-89.5275
-96.1436
-102.418
-108.328
-113.848
-118.959
-123.64
-127.876
-131.651
-134.954
-137.776
-140.113
-141.961
-143.322
-144.199
-144.601
-144.536
-144.018
-143.062
-141.685
-139.905
-137.743
-135.218
-132.353
-129.168
-125.685
-121.925
-117.91
-113.661
-109.198
-104.542
-99.714
-94.734
-89.6241
-84.4067
-79.1063
-73.7496
-68.3676
-63.0047
-57.7029
-52.4811
-47.3615
-42.3679
-37.5253
-32.8632
-28.4164
-24.2286
-20.348
-16.8212
-13.6707
-10.875
-8.35025
-5.96933
-3.61036
-1.2196
25.317
70.6594
105.509
128.414
140.861
145.624
145.466
142.505
138.214
133.51
128.899
124.605
120.681
117.076
113.695
110.42
107.138
103.742
100.145
96.2741
92.0796
87.5228
82.5837
77.2517
71.5298
65.427
58.9621
52.1575
45.0417
37.6457
30.0038
22.1519
14.1272
5.96797
-2.28783
-10.6011
-18.9345
-27.2494
-35.5098
-43.6784
-51.7215
-59.6035
-67.2933
-74.7576
-81.9678
-88.8933
-95.5083
-101.785
-107.7
-113.23
-118.355
-123.054
-127.313
-131.116
-134.452
-137.312
-139.691
-141.586
-142.999
-143.932
-144.393
-144.391
-143.94
-143.052
-141.746
-140.039
-137.951
-135.502
-132.714
-129.607
-126.204
-122.525
-118.593
-114.426
-110.048
-105.477
-100.736
-95.8428
-90.8209
-85.6919
-80.4804
-75.2126
-69.918
-64.6287
-59.3759
-54.1827
-49.0693
-44.0572
-39.1703
-34.4385
-29.8984
-25.5975
-21.589
-17.9243
-14.6287
-11.6804
-8.99169
-6.43193
-3.88075
-1.29902
)
;

boundaryField
{
    Adiabatic_walls
    {
        type            calculated;
        value           nonuniform List<scalar> 
200
(
25.317
70.6594
105.509
128.414
140.861
145.624
145.466
142.505
138.214
133.51
128.899
124.605
120.681
117.076
113.695
110.42
107.138
103.742
100.145
96.2741
92.0796
87.5228
82.5837
77.2517
71.5298
65.427
58.9621
52.1575
45.0417
37.6457
30.0038
22.1519
14.1272
5.96797
-2.28783
-10.6011
-18.9345
-27.2494
-35.5098
-43.6784
-51.7215
-59.6035
-67.2933
-74.7576
-81.9678
-88.8933
-95.5083
-101.785
-107.7
-113.23
-118.355
-123.054
-127.313
-131.116
-134.452
-137.312
-139.691
-141.586
-142.999
-143.932
-144.393
-144.391
-143.94
-143.052
-141.746
-140.039
-137.951
-135.502
-132.714
-129.607
-126.204
-122.525
-118.593
-114.426
-110.048
-105.477
-100.736
-95.8428
-90.8209
-85.6919
-80.4804
-75.2126
-69.918
-64.6287
-59.3759
-54.1827
-49.0693
-44.0572
-39.1703
-34.4385
-29.8984
-25.5975
-21.589
-17.9243
-14.6287
-11.6804
-8.99169
-6.43193
-3.88075
-1.29902
-2.55084
-7.60768
-11.9506
-14.8279
-16.1515
-16.1431
-15.1446
-13.4747
-11.3721
-8.99717
-6.45981
-3.84414
-1.22818
1.31129
3.69639
5.85481
7.72317
9.25206
10.3986
11.1259
11.4032
11.2085
10.5266
9.35103
7.68073
5.52204
2.88588
-0.210754
-3.74696
-7.69655
-12.0298
-16.7123
-21.7063
-26.97
-32.4585
-38.1237
-43.9151
-49.78
-55.6643
-61.5134
-67.2728
-72.8888
-78.3097
-83.4863
-88.3728
-92.9271
-97.1115
-100.893
-104.244
-107.139
-109.561
-111.495
-112.93
-113.86
-114.281
-114.191
-113.593
-112.489
-110.886
-108.789
-106.205
-103.144
-99.6133
-95.6232
-91.1831
-86.3036
-80.9949
-75.2683
-69.135
-62.6071
-55.6975
-48.4203
-40.7908
-32.8264
-24.5467
-15.9742
-7.13492
1.94034
11.2156
20.648
30.1863
39.7688
49.3215
58.7542
67.9572
76.7966
85.1078
92.6885
99.2899
104.608
108.278
109.871
108.909
104.899
97.4116
86.1714
71.2204
53.0444
32.5727
10.9398
)
;
    }
    Left
    {
        type            calculated;
        value           uniform -6.87512e-10;
    }
    Right
    {
        type            calculated;
        value           uniform -3.91954e-10;
    }
    frontAndBack
    {
        type            empty;
    }
}

