/*--------------------------------*- C++ -*----------------------------------*\
  =========                 |
  \\      /  F ield         | OpenFOAM: The Open Source CFD Toolbox
   \\    /   O peration     | Website:  https://openfoam.org
    \\  /    A nd           | Version:  6
     \\/     M anipulation  |
\*---------------------------------------------------------------------------*/
FoamFile
{
    version     2.0;
    format      ascii;
    class       volScalarField;
    location    "0";
    object      T;
}
// * * * * * * * * * * * * * * * * * * * * * * * * * * * * * * * * * * * * * //

dimensions      [0 0 0 1 0 0 0];

internalField   nonuniform List<scalar> 
10000
(
3.26964
9.75782
15.9482
21.4919
26.4017
30.808
34.8684
38.7107
42.4151
46.0214
49.5472
53.0023
56.399
59.756
63.0988
66.4548
69.8433
73.2292
76.2282
79.2367
82.2262
85.1529
87.9943
90.7455
93.4069
95.9728
98.4288
100.749
102.898
104.833
106.505
107.857
108.834
109.375
109.425
108.931
107.848
106.141
103.789
100.786
97.1438
92.8907
88.0735
82.7547
77.0098
70.9238
64.5872
58.0911
51.523
44.9625
38.4778
32.1235
25.9389
19.948
14.1593
8.56803
3.15737
-2.09881
-7.23328
-12.2825
-17.2839
-22.2727
-27.2868
-32.3639
-37.538
-42.8368
-48.2812
-53.8847
-59.6544
-65.5902
-71.686
-77.9301
-84.3055
-90.7906
-97.3599
-103.984
-110.633
-117.271
-123.863
-130.373
-136.761
-142.986
-149.003
-154.757
-160.178
-165.175
-169.616
-173.317
-176.022
-177.386
-176.976
-174.295
-168.833
-160.083
-147.031
-130.082
-109.307
-84.403
-54.5465
-19.3175
3.20013
9.46032
15.2511
20.3033
24.6416
28.4289
31.8622
35.112
38.2952
41.483
44.7111
47.9991
51.3563
54.7924
58.316
61.9428
65.7182
69.8958
72.72
76.1286
79.5265
82.8287
86.0134
89.0857
92.052
94.9119
97.6521
100.249
102.667
104.864
106.79
108.391
109.606
110.378
110.646
110.356
109.46
107.92
105.71
102.821
99.2608
95.0563
90.2527
84.912
79.1113
72.9378
66.4861
59.8517
53.1279
46.3995
39.7411
33.212
26.8571
20.7036
14.7642
9.03546
3.50304
-1.85848
-7.08196
-12.2085
-17.2723
-22.3018
-27.3416
-32.4311
-37.6113
-42.9079
-48.3429
-53.9316
-59.6815
-65.5941
-71.6637
-77.8797
-84.2254
-90.6805
-97.2195
-103.814
-110.434
-117.044
-123.611
-130.096
-136.461
-142.665
-148.664
-154.404
-159.82
-164.825
-169.297
-173.066
-175.889
-177.434
-177.27
-174.889
-169.832
-162.141
-148.729
-131.878
-111.23
-86.3227
-56.1086
-19.9685
2.82823
8.26161
13.1063
17.0682
20.1694
22.6097
24.6556
26.5542
28.5
30.6262
33.0187
35.7245
38.7681
42.154
45.8731
49.8855
54.05
57.7444
63.1846
67.4242
71.9437
76.2104
80.2876
84.2045
87.9782
91.6098
95.0877
98.3866
101.473
104.303
106.828
108.993
110.741
112.012
112.746
112.886
112.382
111.192
109.286
106.651
103.288
99.2195
94.4876
89.1525
83.2905
76.9921
70.3555
63.4842
56.4788
49.4352
42.4373
35.5566
28.8467
22.3458
16.0732
10.0338
4.21703
-1.39775
-6.84144
-12.1473
-17.3694
-22.5452
-27.6611
-32.7786
-37.9721
-43.2859
-48.7058
-54.2622
-59.9665
-65.8217
-71.8254
-77.968
-84.2361
-90.61
-97.0669
-103.579
-110.117
-116.647
-123.134
-129.539
-135.823
-141.943
-147.85
-153.49
-158.798
-163.692
-168.062
-171.758
-174.565
-176.182
-176.193
-174.031
-168.951
-159.929
-148.722
-132.947
-112.85
-88.0227
-57.3664
-20.3968
2.33936
6.70209
10.3345
12.9232
14.4978
15.302
15.6646
15.9032
16.2773
16.9793
18.1418
19.8508
22.157
25.0843
28.6337
32.7854
37.5041
42.8446
47.9231
54.4934
60.0212
65.4843
70.813
75.98
80.9773
85.7936
90.4076
94.7879
98.8956
102.686
106.109
109.111
111.635
113.623
115.016
115.759
115.801
115.1
113.622
111.351
108.285
104.441
99.8548
94.5839
88.7027
82.3014
75.4817
68.352
61.0221
53.5978
46.1763
38.8415
31.662
24.6884
17.9532
11.4716
5.24283
-0.74731
-6.52386
-12.1198
-17.5652
-22.931
-28.2646
-33.4767
-38.6364
-43.9435
-49.3798
-54.8918
-60.5303
-66.3011
-72.2046
-78.2354
-84.3828
-90.6309
-96.959
-103.342
-109.751
-116.153
-122.51
-128.784
-134.929
-140.896
-146.631
-152.072
-157.148
-161.776
-165.857
-169.263
-171.823
-173.292
-173.317
-171.373
-166.614
-159.142
-148.122
-133.026
-113.524
-88.9064
-57.9831
-20.5318
1.86853
5.2116
7.73244
9.12159
9.42122
8.89707
7.90487
6.79077
5.84076
5.27251
5.2424
5.8613
7.20493
9.32476
12.2523
16.0122
20.6561
26.4132
34.1996
44.8697
45.7784
52.5794
59.2674
65.8094
72.1846
78.3645
84.3086
89.9699
95.2973
100.238
104.736
108.736
112.18
115.01
117.171
118.609
119.276
119.132
118.145
116.296
113.582
110.015
105.629
100.475
94.6244
88.1653
81.1997
73.8382
66.1968
58.3899
50.5261
42.7027
35.003
27.4927
20.2198
13.2131
6.4847
0.0307231
-6.16511
-12.1299
-17.8972
-23.4952
-29.0085
-34.5109
-39.7736
-44.9088
-50.3328
-55.8375
-61.4005
-67.0688
-72.8468
-78.7345
-84.7259
-90.8097
-96.9688
-103.181
-109.42
-115.651
-121.838
-127.935
-133.893
-139.652
-145.146
-150.3
-155.032
-159.253
-162.864
-165.762
-167.82
-168.874
-168.684
-166.928
-163.385
-155.942
-145.516
-131.303
-112.638
-88.5305
-57.7306
-20.3358
1.5053
4.08858
5.85759
6.52267
6.12743
4.92642
3.26303
1.47045
-0.176014
-1.46887
-2.25699
-2.43053
-1.90633
-0.618454
1.48854
4.46383
8.35091
13.1289
18.2241
19.9872
33.112
40.9954
48.6301
56.1951
63.6923
71.0641
78.2321
85.1152
91.6365
97.7231
103.306
108.318
112.696
116.38
119.313
121.446
122.732
123.135
122.627
121.19
118.821
115.532
111.354
106.335
100.542
94.0591
86.9856
79.4326
71.5179
63.3613
55.0795
46.7811
38.5622
30.5037
22.6685
15.1013
7.82829
0.859062
-5.81198
-12.2026
-18.3402
-24.2588
-29.9864
-35.6198
-41.2677
-46.352
-51.5047
-57.0831
-62.5832
-68.1414
-73.7781
-79.5004
-85.3089
-91.1977
-97.155
-103.162
-109.195
-115.222
-121.203
-127.089
-132.822
-138.332
-143.537
-148.344
-152.653
-156.357
-159.356
-161.559
-162.884
-163.243
-162.498
-160.39
-156.379
-149.978
-140.546
-127.467
-109.913
-86.6752
-56.4883
-19.7888
1.27607
3.41621
4.84963
5.30492
4.80558
3.57224
1.91426
0.133932
-1.52366
-2.88062
-3.81454
-4.23982
-4.09104
-3.31015
-1.83825
0.39209
3.47474
7.59634
13.3083
22.7979
38.8646
35.5376
42.3158
49.8389
57.7615
65.8187
73.8176
81.6115
89.0794
96.1155
102.624
108.517
113.717
118.155
121.77
124.509
126.331
127.2
127.093
125.996
123.908
120.844
116.833
111.921
106.172
99.6663
92.5007
84.7829
76.6302
68.1641
59.5056
50.7706
42.0653
33.4828
25.0999
16.9758
9.15165
1.65092
-5.51922
-12.3658
-18.9077
-25.1727
-31.1948
-36.9991
-42.7222
-48.5465
-53.0726
-58.414
-64.0785
-69.5106
-74.9978
-80.5421
-86.1497
-91.8212
-97.5508
-103.326
-109.125
-114.918
-120.665
-126.313
-131.797
-137.032
-141.921
-146.347
-150.186
-153.308
-155.6
-156.974
-157.382
-156.809
-155.238
-152.565
-148.31
-142.181
-133.561
-121.65
-105.383
-83.3392
-54.2611
-18.9028
1.15122
3.08933
4.48888
5.0825
4.85891
4.00155
2.79044
1.50185
0.351674
-0.51731
-1.02297
-1.12158
-0.786809
0.00695168
1.29573
3.13482
5.61404
8.91227
13.53
21.4274
38.7399
34.0675
40.2408
47.6674
55.6803
63.9533
72.2965
80.5552
88.5834
96.2405
103.396
109.932
115.748
120.757
124.889
128.086
130.303
131.509
131.681
130.81
128.9
125.967
122.041
117.17
111.415
104.855
97.5822
89.7015
81.3275
72.5807
63.5833
54.4548
45.3077
36.2438
27.3508
18.7004
10.3471
2.32778
-5.33752
-12.6442
-19.6014
-26.2293
-32.5573
-38.6218
-44.4304
-50.2253
-56.1636
-60.102
-65.6279
-71.1193
-76.4693
-81.8341
-87.232
-92.672
-98.1559
-103.677
-109.219
-114.756
-120.248
-125.639
-130.856
-135.804
-140.365
-144.401
-147.755
-150.271
-151.809
-152.275
-151.641
-149.951
-147.309
-143.962
-139.005
-132.927
-124.956
-114.161
-99.2715
-78.681
-51.1566
-17.7214
1.07034
2.90486
4.38043
5.22163
5.38258
5.0266
4.4266
3.85103
3.49701
3.47437
3.81999
4.52475
5.56026
6.9006
8.53713
10.4874
12.7951
15.4921
18.3054
18.8302
1.68191
32.3026
41.9799
50.2221
58.0957
66.0595
74.2078
82.4502
90.6201
98.5333
106.015
112.91
119.09
124.446
128.895
132.369
134.819
136.21
136.522
135.749
133.895
130.982
127.043
122.126
116.293
109.623
102.204
94.1383
85.5384
76.522
67.2101
57.7231
48.1764
38.6772
29.3208
20.1883
11.345
2.83962
-5.29609
-13.0462
-20.4096
-27.3982
-34.0349
-40.3522
-46.3913
-52.1087
-57.9028
-62.8121
-67.1994
-72.9259
-78.1324
-83.3172
-88.503
-93.7051
-98.9324
-104.185
-109.455
-114.718
-119.937
-125.057
-129.997
-134.653
-138.889
-142.54
-145.421
-147.339
-148.122
-147.657
-145.917
-142.97
-138.861
-133.066
-128.624
-122.67
-115.199
-105.405
-91.9042
-72.9499
-47.3426
-16.3066
0.969781
2.65511
4.13913
5.13452
5.57804
5.64225
5.62069
5.79322
6.34773
7.36263
8.82539
10.6659
12.7902
15.1083
17.5542
20.098
22.7573
25.6198
28.9413
33.6772
44.8435
65.3346
54.4347
59.4038
65.1458
71.8213
79.2351
87.0897
95.0869
102.961
110.486
117.475
123.772
129.254
133.821
137.394
139.917
141.351
141.672
140.874
138.965
135.968
131.919
126.87
120.883
114.038
106.423
98.1385
89.2933
80.0032
70.3872
60.5648
50.652
40.7586
30.9845
21.4172
12.1302
3.18135
-5.38745
-13.5503
-21.2963
-28.6289
-35.5639
-42.129
-48.364
-54.326
-59.9817
-66.2004
-69.0196
-74.2421
-79.891
-84.8916
-89.8729
-94.839
-99.8064
-104.784
-109.77
-114.747
-119.683
-124.521
-129.18
-133.546
-137.466
-140.753
-143.189
-144.544
-144.608
-143.239
-140.418
-136.296
-131.241
-126.069
-119.075
-112.241
-104.831
-95.8148
-83.6404
-66.4296
-43.01
-14.7268
0.80143
2.18851
3.4975
4.4361
4.95264
5.26169
5.70155
6.57624
8.06744
10.2183
12.9593
16.15
19.622
23.2135
26.7939
30.2786
33.6418
36.9566
40.5805
45.9757
58.9272
82.6398
69.4811
69.9604
73.6285
79.3055
86.1838
93.6994
101.448
109.126
116.496
123.367
129.578
134.996
139.511
143.035
145.5
146.86
147.087
146.171
144.12
140.958
136.725
131.473
125.271
118.196
110.339
101.8
92.6864
83.1117
73.1934
63.0493
52.795
42.5409
32.3892
22.4316
12.747
3.40026
-5.55897
-14.0963
-22.1925
-29.8429
-37.0563
-43.8547
-50.2732
-56.3622
-62.1883
-67.8291
-73.724
-75.8188
-81.4221
-86.4136
-91.223
-95.9622
-100.672
-105.374
-110.072
-114.758
-119.404
-123.957
-128.334
-132.415
-136.036
-138.986
-141.018
-141.862
-141.266
-139.051
-135.184
-129.841
-123.421
-116.322
-108.795
-101.43
-94.0267
-85.6767
-74.7789
-59.3809
-38.3388
-13.0452
0.539548
1.4271
2.32935
2.96414
3.32524
3.69904
4.48561
6.01756
8.46576
11.8279
15.9645
20.6529
25.6403
30.687
35.5947
40.2219
44.4869
48.3661
51.9258
55.5156
60.4161
69.6726
72.9622
75.5693
80.5476
86.9242
94.056
101.533
109.076
116.474
123.552
130.149
136.121
141.336
145.678
149.048
151.368
152.58
152.648
151.558
149.314
145.942
141.48
135.986
129.529
122.19
114.061
105.243
95.844
85.9764
75.7563
65.3006
54.7239
44.1365
33.6418
23.3335
13.2942
3.59356
-5.71289
-14.5842
-22.9941
-30.9309
-38.397
-45.4085
-51.9952
-58.2009
-64.0765
-69.6375
-75.3173
-78.3305
-82.2801
-87.9299
-92.4453
-96.9415
-101.397
-105.827
-110.242
-114.638
-118.995
-123.264
-127.364
-131.171
-134.512
-137.159
-138.834
-139.231
-138.051
-135.071
-130.233
-123.715
-115.958
-107.345
-98.753
-90.6983
-83.1596
-75.3392
-65.6362
-52.0643
-33.5029
-11.3221
0.177926
0.355805
0.62015
0.721074
0.730956
1.03218
2.09659
4.28307
7.74102
12.4073
18.0554
24.3647
30.9861
37.5946
43.9238
49.7806
55.0402
59.605
63.2992
65.6071
65.0878
58.1126
74.0162
80.3086
87.6583
95.2495
102.794
110.208
117.445
124.438
131.098
137.308
142.943
147.873
151.975
155.139
157.272
158.307
158.195
156.915
154.468
150.875
146.177
140.432
133.712
126.1
117.692
108.59
98.9019
88.7424
78.2272
67.4724
56.5922
45.6968
34.8899
24.2666
13.9118
3.89834
-5.71398
-14.8792
-23.5656
-31.7556
-39.4459
-46.6472
-53.3843
-59.6974
-65.643
-71.3087
-76.679
-82.4754
-82.6734
-88.1355
-93.2559
-97.5858
-101.819
-105.995
-110.137
-114.253
-118.329
-122.322
-126.156
-129.706
-132.792
-135.172
-136.544
-136.563
-134.885
-131.236
-125.514
-117.899
-108.842
-98.9308
-89.1925
-80.3351
-72.5259
-65.0966
-56.486
-44.707
-28.6523
-9.60798
-0.27666
-1.00185
-1.57983
-2.20298
-2.69003
-2.54412
-1.21699
1.6701
6.23093
12.3229
19.6129
27.6637
36.0151
44.2485
52.0276
59.1159
65.3713
70.6945
74.8839
77.2131
75.3045
62.2869
78.7424
87.4627
96.8709
104.997
112.379
119.332
126.007
132.437
138.58
144.342
149.6
154.222
158.071
161.025
162.977
163.845
163.57
162.121
159.494
155.706
150.796
144.823
137.861
129.995
121.324
111.952
101.991
91.5551
80.7618
69.7276
58.567
47.3905
36.3021
25.398
14.7645
4.47682
-5.40221
-14.823
-23.7494
-32.1593
-40.0446
-47.4111
-54.2792
-60.6852
-66.6847
-72.3634
-77.854
-83.1741
-86.4932
-88.4015
-93.653
-97.7767
-101.788
-105.722
-109.607
-113.458
-117.268
-121.002
-124.588
-127.902
-130.763
-132.917
-134.041
-133.757
-131.676
-127.462
-120.946
-112.371
-102.034
-91.0247
-80.217
-70.5272
-62.3498
-55.1843
-47.552
-37.4945
-23.9075
-7.94278
-0.811796
-2.60555
-4.19656
-5.69194
-6.77546
-6.82216
-5.20609
-1.53688
4.24844
11.9082
20.981
30.8928
41.0559
50.9476
60.159
68.4166
75.5818
81.6125
86.4664
89.8162
90.2531
83.1004
94.6037
100.982
109.014
115.878
122.181
128.221
134.124
139.906
145.511
150.834
155.74
160.082
163.712
166.492
168.301
169.043
168.651
167.082
164.324
160.391
155.32
149.168
142.009
133.932
125.036
115.431
105.229
94.5479
83.5063
72.2225
60.812
49.3861
38.0497
26.8999
16.0245
5.50032
-4.60752
-14.2465
-23.3775
-31.9745
-40.0255
-47.5324
-54.5113
-60.9945
-67.0335
-72.7053
-78.1171
-83.3851
-88.3216
-87.3362
-91.9995
-97.4024
-101.148
-104.843
-108.489
-112.096
-115.664
-119.163
-122.526
-125.635
-128.306
-130.28
-131.216
-130.711
-128.331
-123.668
-116.326
-105.352
-95.523
-83.7555
-71.9487
-61.4074
-52.784
-45.7688
-38.9968
-30.5626
-19.3555
-6.35389
-1.4141
-4.41449
-7.15781
-9.6395
-11.386
-11.6344
-9.68154
-5.13374
2.0063
11.3783
22.3709
34.2516
46.2876
57.8406
68.4267
77.739
85.6546
92.2057
97.5466
101.871
105.201
106.875
113.531
115.923
121.055
126.026
130.998
136.055
141.207
146.405
151.552
156.516
161.145
165.277
168.751
171.416
173.142
173.82
173.371
171.746
168.924
164.914
159.747
153.481
146.189
137.96
128.897
119.11
108.716
97.8348
86.5875
75.0946
63.4735
51.8369
40.291
28.9343
17.8558
7.13398
-3.16432
-12.9844
-22.2845
-31.0359
-39.2234
-46.8454
-53.9146
-60.4594
-66.5267
-72.1881
-77.5515
-82.7991
-87.7726
-91.0327
-90.4685
-95.3732
-99.6547
-103.16
-106.607
-110.007
-113.365
-116.663
-119.838
-122.779
-125.302
-127.145
-127.959
-127.318
-124.774
-119.951
-112.838
-104.241
-90.8804
-77.421
-64.4307
-52.9999
-43.8825
-36.9324
-30.9145
-23.9946
-15.0484
-4.85714
-2.07222
-6.39387
-10.4044
-13.9629
-16.4204
-16.8688
-14.5288
-9.01098
-0.397378
10.8147
23.8422
37.7724
51.7092
64.8877
76.7467
86.9515
95.4063
102.213
107.671
112.295
116.876
122.683
125.964
127.356
130.464
134.034
138.008
142.334
146.94
151.726
156.56
161.288
165.742
169.751
173.146
175.768
177.478
178.159
177.723
176.112
173.298
169.282
164.095
157.788
150.434
142.124
132.961
123.056
112.53
101.505
90.1057
78.4544
66.671
54.8702
43.16
31.6403
20.4016
9.5238
-0.924482
-10.8869
-20.3196
-29.1917
-37.4856
-45.1968
-52.3351
-58.9253
-65.0104
-70.6569
-75.965
-81.0831
-86.1484
-89.882
-88.8419
-91.8221
-97.0033
-100.487
-103.792
-107.027
-110.22
-113.359
-116.39
-119.207
-121.632
-123.4
-124.154
-123.454
-120.816
-115.772
-107.607
-97.952
-85.1958
-71.1799
-57.3741
-45.1909
-35.6097
-28.6853
-23.3388
-17.8265
-11.0094
-3.458
-2.7771
-8.51726
-13.8915
-18.6026
-21.8125
-22.4623
-19.6974
-13.1395
-2.96145
10.1853
25.3252
41.3441
57.1643
71.8832
84.8634
95.7517
104.5
111.28
116.498
120.822
125.267
131.468
133.125
134.748
136.833
139.657
143.074
146.985
151.292
155.867
160.555
165.179
169.566
173.543
176.938
179.59
181.353
182.103
181.746
180.216
177.478
173.529
168.393
162.118
154.777
146.458
137.266
127.314
116.723
105.619
94.1296
82.3792
70.4902
58.5795
46.757
35.1244
23.7737
12.7863
2.23225
-7.83065
-17.357
-26.314
-34.6822
-42.455
-49.6394
-56.2575
-62.3481
-67.972
-73.222
-78.2473
-83.3542
-87.7052
-90.1443
-87.2338
-91.607
-96.8082
-99.9295
-103.023
-106.088
-109.115
-112.053
-114.799
-117.178
-118.928
-119.687
-119.001
-116.393
-111.718
-104.27
-93.0422
-79.7573
-65.1852
-50.7185
-37.9026
-27.9104
-21
-16.2631
-12.0606
-7.23879
-2.15548
-3.5219
-10.7637
-17.5848
-23.5161
-27.5209
-28.3859
-25.1817
-17.5457
-5.75244
9.37813
26.6595
44.7557
62.3897
78.5111
92.4087
103.728
112.501
118.981
123.678
127.371
131.102
136.318
136.889
139.075
140.738
143.24
146.41
150.147
154.368
158.93
163.637
168.286
172.707
176.738
180.213
182.965
184.845
185.725
185.506
184.116
181.516
177.695
172.674
166.5
159.239
150.982
141.832
131.903
121.319
110.206
98.6932
86.9094
74.9784
63.0191
51.1434
39.4546
28.0463
17.0012
6.39039
-3.72687
-13.3039
-22.3067
-30.7141
-38.5178
-45.7229
-52.3485
-58.4296
-64.0214
-69.2051
-74.096
-78.8304
-83.2836
-85.9763
-85.2445
-86.1647
-90.5901
-94.9914
-97.8988
-100.854
-103.812
-106.707
-109.438
-111.829
-113.617
-114.432
-113.778
-110.95
-103.791
-97.9164
-87.5139
-74.2088
-59.2979
-44.3397
-31.0218
-20.6949
-13.814
-9.64795
-6.6721
-3.72063
-0.942516
-4.30055
-13.1152
-21.455
-28.6691
-33.5166
-34.6279
-30.9989
-22.2865
-8.87445
8.23666
27.6344
47.7439
67.0731
84.4136
98.9802
110.444
118.971
124.894
128.84
131.73
134.537
138.259
138.444
141.19
142.723
145.133
148.226
151.924
156.244
161.005
165.919
170.712
175.251
179.421
183.055
185.976
188.034
189.101
189.071
187.871
185.456
181.815
176.963
170.945
163.826
155.695
146.653
136.816
126.308
115.257
103.793
92.0457
80.1418
68.2014
56.338
44.6563
33.2509
22.2058
11.5931
1.47285
-8.10723
-17.1121
-25.5194
-33.3194
-40.5152
-47.1236
-53.1759
-58.7217
-63.8346
-68.6223
-73.24
-77.9063
-81.4394
-83.1956
-79.1028
-82.313
-87.2931
-91.4902
-94.3855
-97.3364
-100.248
-103.025
-105.488
-107.364
-108.294
-107.833
-105.976
-102.862
-93.5607
-82.3064
-68.6773
-53.4659
-38.1381
-24.4406
-13.8651
-7.04827
-3.43504
-1.61984
-0.428129
0.190649
-5.10718
-15.5528
-25.4724
-34.027
-39.7715
-41.1795
-37.1713
-27.4261
-12.443
6.58987
28.0249
50.0363
70.9081
89.264
104.221
115.532
123.573
128.702
131.683
133.715
135.673
138.267
138.437
141.43
142.979
145.494
148.593
152.231
156.849
162.124
167.512
172.524
177.223
181.624
185.515
188.674
190.97
192.276
192.48
191.509
189.319
185.896
181.256
175.44
168.514
160.563
151.691
142.011
131.647
120.728
109.385
97.7477
85.944
74.0949
62.3148
50.7092
39.3735
28.3923
17.8383
7.77221
-1.75762
-10.7154
-19.0778
-26.8339
-33.9849
-40.5449
-46.5413
-52.0172
-57.0359
-61.6889
-66.1086
-70.4878
-74.3112
-75.7347
-74.9028
-73.3036
-77.0241
-82.2266
-86.5695
-89.5979
-92.5945
-95.4921
-98.092
-100.098
-101.134
-100.314
-95.9718
-94.2107
-87.0822
-76.3611
-62.8229
-47.515
-31.9766
-18.035
-7.31124
-0.611715
2.44627
3.14743
2.67114
1.25615
-5.93481
-18.0552
-29.602
-39.549
-46.2497
-48.0222
-43.7107
-33.0179
-16.5631
4.27763
27.6216
51.3858
73.6371
92.8411
107.883
118.75
126.181
130.279
132.02
133.281
134.535
135.883
136.665
139.659
141.379
144.427
147.578
150.62
155.863
162.249
168.627
173.724
178.489
183.281
187.588
191.038
193.63
195.238
195.716
195.007
193.074
189.9
185.505
179.928
173.237
165.516
156.867
147.405
137.25
126.533
115.384
103.932
92.3046
80.6231
69.0019
57.5466
46.3528
35.505
25.0763
15.1274
5.70719
-3.14812
-11.4143
-19.079
-26.1417
-32.613
-38.5155
-43.8841
-48.7684
-53.2357
-57.3747
-61.2891
-64.8635
-66.9482
-68.662
-65.36
-66.6698
-70.3255
-75.4481
-80.1863
-83.7365
-86.8066
-89.6191
-91.8691
-92.0655
-89.6671
-93.318
-88.2646
-80.7623
-70.1385
-56.6937
-41.3882
-25.7637
-11.7014
-0.931413
5.58633
8.06985
7.68452
5.61213
2.26591
-6.77526
-20.5958
-33.8009
-45.1829
-52.9006
-55.1194
-50.6065
-39.0893
-21.3121
1.1706
26.255
51.5917
75.063
95.1249
109.854
119.952
125.747
126.564
127.035
129.376
131.929
134.37
136.468
140.035
142.87
146.499
147.122
145.655
152.5
161.263
170.024
174.133
178.504
184.205
189.264
192.917
195.881
197.9
198.676
198.262
196.622
193.725
189.604
184.3
177.881
170.434
162.06
152.872
142.992
132.545
121.662
110.471
99.0982
87.6633
76.2802
65.0537
54.0786
43.4391
33.2078
23.4453
14.2005
5.51016
-2.60045
-10.1174
-17.0374
-23.367
-29.1218
-34.326
-39.0112
-43.215
-46.977
-50.327
-53.684
-56.4653
-58.1797
-57.289
-55.2695
-58.2875
-61.8962
-66.6781
-71.2101
-75.0468
-77.7843
-78.978
-80.4266
-85.9985
-85.401
-81.2936
-74.0212
-63.5526
-50.238
-35.0124
-19.4084
-5.34109
5.3717
11.6336
13.5086
12.0462
8.42895
3.23202
-7.6183
-23.1434
-38.017
-50.8623
-59.6543
-62.4097
-57.8173
-45.6302
-26.7262
-2.81459
23.8239
50.5106
74.9496
96.8799
110.186
115.858
119.54
124.273
131.826
134.204
133.264
132.488
132.213
132.788
133.242
134.547
135.118
139.608
154.062
167.85
175.523
172.823
175.515
184.243
190.841
193.819
197.406
200.141
201.135
201.065
199.785
197.187
193.376
188.38
182.27
175.142
167.093
158.238
148.694
138.588
128.045
117.192
106.152
95.0453
83.9822
73.0662
62.3908
52.039
42.0824
32.5814
23.5849
15.1303
7.24415
-0.0571181
-6.76623
-12.8835
-18.415
-23.3696
-27.7546
-31.5697
-34.8033
-37.4801
-40.5061
-43.5054
-45.5397
-47.099
-45.4919
-45.5743
-48.9902
-52.1248
-55.8816
-59.3694
-62.4004
-65.694
-70.5583
-78.4023
-77.6846
-73.8524
-66.7894
-56.5099
-43.3784
-28.3116
-12.8293
1.13258
11.6844
17.6095
18.8291
16.2834
11.154
4.16506
-8.45194
-25.6598
-42.1878
-56.5054
-66.4192
-69.8036
-65.2651
-52.5837
-32.7931
-7.70835
20.3442
48.1178
77.184
99.9872
103.936
110.734
120.75
124.571
124.562
125.186
125.269
124.541
124.585
125.102
126.156
128.585
132.558
140.188
151.676
162.587
166.088
165.616
173.224
189.002
194.197
191.862
197.664
202.102
202.573
203.064
202.326
199.991
196.561
191.918
186.156
179.4
171.733
163.271
154.132
144.436
134.308
123.87
113.246
102.549
91.8901
81.369
71.0775
61.0967
51.4974
42.3393
33.6714
25.5325
17.9512
10.9479
4.53589
-1.27593
-6.47935
-11.0611
-14.9936
-18.2195
-20.6128
-22.7251
-25.3413
-28.1052
-31.2465
-34.3003
-34.7181
-34.5471
-36.3232
-39.7402
-42.9978
-46.356
-49.7062
-55.1281
-67.8058
-70.297
-69.5848
-65.8514
-58.9733
-48.9273
-36.0485
-21.2257
-5.96328
7.78762
18.0768
23.5803
24.0886
20.4397
13.8145
5.07471
-9.26215
-28.1022
-46.2411
-62.0155
-73.0826
-77.1832
-72.8344
-59.8391
-39.4527
-13.5122
16.0356
52.5472
80.3524
83.1108
95.2993
110.215
116.315
118.564
117.375
114.813
114.508
113.206
114.431
116.013
118.851
123.165
129.187
137.358
147.227
157.17
163.613
167.049
173.737
184.529
187.597
187.468
200.719
205.566
201.283
203.806
204.127
201.618
198.838
194.59
189.2
182.905
175.679
167.683
159.022
149.811
140.175
130.233
120.105
109.903
99.7334
89.6938
79.873
70.3504
61.1955
52.4679
44.2174
36.4845
29.302
22.6961
16.6893
11.3043
6.57003
2.53165
-0.732676
-3.09002
-4.37246
-6.32372
-8.49462
-11.7032
-15.799
-19.9112
-22.7723
-24.2852
-25.5747
-27.9781
-30.9728
-34.2081
-39.7113
-51.7282
-60.628
-61.6829
-60.7098
-57.0911
-50.4758
-40.7531
-28.2149
-13.724
1.22603
14.6687
24.5992
29.5966
29.3322
24.5505
16.4332
5.96827
-10.0339
-30.4234
-50.0976
-67.2835
-79.513
-84.4056
-80.3766
-67.2231
-46.6017
-20.3216
21.0053
54.0397
52.8571
75.3817
96.2123
105.162
108.868
108.443
107.563
106.117
105.939
101.774
103.829
106.417
110.492
116.082
123.181
131.667
140.993
150.142
157.91
164.692
172.329
180.699
187.258
190.491
196.967
200.51
197.399
205.652
205.933
200.67
200.021
195.991
190.904
185.309
178.55
171.117
163.026
154.376
145.313
135.948
126.399
116.779
107.186
97.7162
88.4555
79.4814
70.8628
62.6596
54.9234
47.6984
41.0233
34.9334
29.4648
24.6604
20.578
17.3074
14.9983
13.9098
12.8788
11.1544
9.29322
4.4195
-0.760221
-5.85599
-11.0641
-14.8059
-17.4584
-19.5651
-22.2015
-26.3933
-34.0561
-45.6741
-49.9092
-51.4659
-50.7814
-47.5143
-41.3066
-32.0123
-19.8988
-5.81582
8.74406
21.7951
31.2807
35.6919
34.5918
28.6415
19.0259
6.85161
-10.7511
-32.5745
-53.6741
-72.1929
-85.5653
-91.31
-87.7257
-74.4755
-54.0733
-20.0146
24.1022
18.0197
49.8237
76.0385
90.6128
97.5391
99.1744
98.8565
97.6923
96.1789
94.3659
89.86
92.9651
96.273
101.152
107.538
115.267
124.039
133.373
142.655
151.381
159.644
167.889
175.888
182.753
188.188
193.656
197.803
199.488
201.608
201.655
197.341
201.513
195.492
190.347
186.403
179.814
173.158
165.758
157.724
149.333
140.622
131.739
122.79
113.863
105.053
96.4435
88.111
80.1243
72.545
65.428
58.8234
52.7789
47.3428
42.5707
38.5339
35.3301
33.1077
32.1071
31.6245
30.1943
28.5144
25.104
18.6758
11.6592
5.20967
-1.96513
-7.64474
-11.4194
-14.0712
-16.6018
-20.2042
-27.3007
-35.6617
-38.8179
-40.4339
-40.1033
-37.3059
-31.6013
-22.8052
-11.1706
2.45417
16.5685
29.1626
38.1306
41.8831
39.8864
32.7291
21.604
7.72811
-11.3979
-34.5066
-56.8878
-76.6258
-91.088
-97.7273
-94.7404
-81.1953
-56.6017
-12.6834
-16.5597
14.324
49.5378
71.7529
82.0316
87.0502
88.9079
88.7566
87.7328
86.8225
82.9218
78.7549
82.1556
85.639
90.9053
97.7195
105.801
114.8
124.303
133.888
143.237
152.263
160.968
169.142
176.419
182.669
188.154
192.465
195.331
197.409
198.26
197.131
196.421
191.661
187.641
187.177
178.317
173.414
166.83
159.334
151.799
143.794
135.666
127.489
119.316
111.257
103.392
95.7954
88.5386
81.6864
75.2991
69.4354
64.1557
59.5259
55.627
52.5732
50.5132
49.6696
49.3417
47.9107
46.0432
43.397
36.1104
28.1478
19.5938
10.6099
1.94201
-4.39891
-8.24609
-10.7122
-12.5637
-14.7459
-19.0143
-24.7886
-27.3481
-29.0222
-29.0624
-26.7559
-21.5691
-13.2804
-2.13423
11.0162
24.656
36.7489
45.1415
48.1726
45.2232
36.8212
24.173
8.60019
-11.9594
-36.1755
-59.6626
-80.4716
-95.9325
-103.484
-101.418
-88.3206
-45.796
-44.0489
-30.0681
16.6445
46.3008
61.178
70.7513
76.1007
78.2074
78.2052
77.2213
76.4017
69.3811
68.0361
70.9622
74.3387
79.7119
86.6755
94.8834
103.978
113.592
123.383
133.077
142.502
151.52
159.94
167.551
174.237
179.986
184.639
188.103
190.509
191.731
191.655
190.795
188.565
184.716
181.894
173.917
172.268
165.98
158.334
152.341
144.886
137.641
130.377
123.03
115.815
108.789
102.02
95.5906
89.5684
84.0212
79.02
74.643
70.975
68.1212
66.274
65.6373
65.0713
63.3493
61.0228
58.1729
49.9894
40.3045
29.1389
19.2006
8.7777
0.382861
-4.86781
-7.72401
-9.57274
-10.4171
-10.6673
-10.9457
-14.2765
-16.1886
-17.817
-18.1134
-16.1969
-11.4479
-3.60713
7.09056
19.7863
32.9499
44.518
52.2933
54.5507
50.599
40.9182
26.7358
9.46678
-12.4232
-37.5436
-61.9343
-83.6354
-99.9598
-108.344
-107.551
-88.5897
-55.4072
-71.8615
-20.8089
13.7127
34.495
49.1708
59.1038
64.7845
67.1288
67.1967
65.8525
62.7805
53.114
55.2883
58.3011
62.0459
67.4479
74.3527
82.4709
91.4736
101.029
110.831
120.62
130.187
139.351
147.934
155.769
162.74
168.773
173.776
177.692
180.529
182.251
182.847
182.441
180.922
178.348
175.305
171.021
166.746
160.632
154.405
151.381
142.953
137.038
130.961
124.393
118.142
112.057
106.194
100.683
95.5877
90.9813
86.9526
83.6079
81.0459
79.3323
78.8791
77.6404
75.2932
72.2751
68.4418
58.7968
47.1329
33.9996
21.9891
10.6829
1.38574
-4.27298
-6.82963
-8.58448
-9.47577
-9.77903
-8.34575
-4.69286
-4.80398
-5.99671
-7.35987
-7.6743
-5.94063
-1.4662
6.04778
16.3818
28.6756
41.3861
52.425
59.5557
60.9981
56.0012
45.0132
29.2977
10.3167
-12.7798
-38.5838
-63.6556
-86.0475
-103.067
-112.002
-110.336
-83.6372
-94.7621
-59.6156
-23.2132
3.29555
22.1162
36.9147
47.1478
53.131
55.7079
56.0188
55.5992
47.8059
41.5844
43.3709
45.3369
48.9014
54.0638
60.6703
68.465
77.1509
86.4267
96.0101
105.65
115.131
124.26
132.867
140.8
147.944
154.21
159.522
163.83
167.112
169.353
170.556
170.764
169.984
168.287
165.857
162.622
158.9
154.582
149.12
144.771
137.205
134.266
129.005
122.557
117.602
112.57
107.631
103.133
99.0459
95.4551
92.474
90.2697
88.9882
88.1901
85.8032
82.5221
78.6505
72.8588
61.1557
47.307
32.2834
18.3252
7.2037
-1.71382
-6.33458
-7.5506
-7.57756
-7.45785
-8.00687
-8.60273
-6.70462
-0.981168
3.86645
3.00179
2.02827
1.95423
3.76356
8.17955
15.5331
25.6238
37.596
49.8979
60.4204
66.8927
67.4879
61.4062
49.0811
31.8998
11.0766
-13.0244
-39.2822
-64.8027
-87.6756
-105.258
-114.979
-104.095
-99.3219
-103.088
-59.6566
-29.8125
-9.3241
9.44381
24.4185
34.9132
41.1207
43.7457
43.6118
44.2056
28.5529
28.3999
30.7391
31.8588
34.8651
39.4986
45.5488
52.771
60.8956
69.6489
78.7705
88.0229
97.1939
106.096
114.563
122.452
129.648
136.058
141.61
146.252
149.952
152.695
154.483
155.339
155.292
154.399
152.753
150.403
147.47
143.982
139.956
135.997
130.786
127.234
121.265
117.035
114.306
109.723
105.49
102.175
99.1545
96.6054
94.6652
93.6175
91.5622
88.0845
83.7223
78.843
70.2763
56.2403
39.9575
23.4249
8.51746
-1.25806
-8.48098
-10.6479
-9.12505
-6.78045
-6.00714
-6.14735
-6.38336
-6.64721
-6.613
-0.219514
10.651
10.3452
10.0504
10.5371
12.7203
17.3282
24.7179
34.7117
46.464
58.4196
68.4536
74.2665
73.991
66.778
52.9988
33.9265
12.1584
-13.1576
-39.6424
-65.3764
-88.5113
-106.442
-115.781
-99.5059
-119.628
-92.7514
-64.8517
-43.492
-22.2662
-3.31916
11.8048
22.4829
28.8617
31.6649
32.699
24.8658
15.2617
15.5421
16.5294
17.396
19.784
23.6788
28.9316
35.3341
42.6489
50.6319
59.0469
67.6738
76.3127
84.7847
92.9316
100.617
107.725
114.164
119.858
124.753
128.81
132.009
134.346
135.833
136.497
136.383
135.553
134.069
132.008
129.436
126.431
123.172
119.54
116.23
112.077
109.047
104.943
101.336
99.3708
97.6041
95.0913
93.5142
91.7688
88.1904
83.5734
78.0586
71.727
59.6978
43.3244
25.0393
8.00049
-6.2811
-13.5875
-17.7557
-16.3899
-10.8915
-6.06347
-4.42424
-4.54061
-5.42037
-6.0885
-5.71252
-5.38491
-0.875461
13.2576
14.933
16.2187
17.8194
20.7595
25.8463
33.4916
43.5531
55.2031
66.8892
76.4766
81.6448
80.4956
72.1378
56.834
35.1587
13.3907
-13.1865
-39.6861
-65.4045
-88.5984
-106.959
-110.826
-108.099
-113.47
-94.0116
-76.6579
-55.7269
-34.6524
-15.8346
-0.761585
9.93267
16.3028
18.929
25.2719
4.67548
2.24684
3.03408
1.9612
2.11807
3.66132
6.59739
10.8218
16.1664
22.4302
29.4011
36.8699
44.6382
52.5222
60.3556
67.9896
75.2932
82.1541
88.4783
94.1889
99.2257
103.546
107.121
109.941
112.007
113.339
113.967
113.938
113.305
112.129
110.479
108.428
106.079
103.488
100.847
98.0433
95.5754
92.7011
90.8068
88.1413
86.2553
84.9551
81.6659
77.4675
71.3931
64.9831
55.5031
40.0938
21.3922
2.86645
-13.3051
-24.8916
-28.594
-28.2289
-22.1818
-12.0971
-5.18798
-2.07234
-0.866492
-0.96382
-2.27417
-4.1732
-5.24798
-3.62495
-0.588796
12.868
15.9139
20.2248
23.6392
27.7663
33.6366
41.7672
52.0704
63.746
75.2508
84.447
89.0041
87.0157
77.6288
61.4894
35.165
14.4783
-13.1254
-39.4558
-64.9351
-87.9205
-106.917
-103.384
-110.05
-108.158
-103.138
-87.167
-66.8948
-46.3258
-27.9242
-13.1432
-2.6352
3.46393
4.79759
3.01429
-10.6305
-11.7723
-10.9336
-13.0842
-13.9165
-13.4449
-11.6809
-8.70065
-4.63484
0.352875
6.08432
12.3796
19.0645
25.9746
32.9585
39.8779
46.609
53.0428
59.0856
64.6584
69.6974
74.1536
77.9927
81.1949
83.754
85.6771
86.9841
87.7065
87.8844
87.5667
86.8093
85.6753
84.2396
82.5805
80.7798
78.9107
77.0991
75.1861
74.0372
72.016
68.6114
63.4266
56.9896
51.0705
43.093
29.5335
11.782
-7.74142
-24.8812
-38.9796
-45.9277
-45.054
-38.6653
-27.8347
-13.5283
-3.71852
1.4036
4.15424
5.36309
4.95707
2.95665
-0.318818
-3.29293
-3.07738
-1.49182
10.3699
16.082
22.8075
28.1851
33.7624
40.6644
49.4904
60.2053
72.0375
83.4567
92.3288
96.323
93.5296
83.0227
64.6713
38.5154
14.4923
-12.9966
-39.0203
-64.0616
-86.3949
-105.771
-104.872
-92.5614
-110.387
-113.776
-97.0711
-77.1641
-57.2216
-39.4655
-25.214
-14.9713
-8.38966
0.599455
-18.8318
-22.7599
-24.019
-26.2033
-28.8554
-30.6937
-31.4394
-31.0225
-29.4727
-26.8794
-23.3676
-19.0801
-14.166
-8.77351
-3.04579
2.88206
8.88409
14.8445
20.6591
26.2355
31.494
36.3678
40.8034
44.7606
48.2119
51.1422
53.5481
55.4369
56.8263
57.7415
58.216
58.2899
58.0132
57.4282
56.6402
55.6284
54.5478
53.555
51.6425
48.0553
43.6106
38.1115
32.0584
24.2875
11.4663
-6.3158
-24.856
-41.9455
-56.2967
-66.3868
-67.4699
-60.904
-48.3688
-32.968
-14.576
-2.23417
3.83137
7.96875
10.5053
11.4273
10.8511
8.67471
4.94911
0.45309
-2.54248
-1.02037
5.62825
15.0249
24.4201
31.7637
38.8803
46.9626
56.6464
67.9227
80.0375
91.4713
100.099
103.608
100.144
88.995
63.4213
44.4744
15.5923
-12.8285
-38.473
-62.9663
-84.147
-100.627
-101.608
-78.2586
-117.929
-122.339
-105.898
-86.4564
-67.2431
-50.3457
-36.9786
-27.6549
-22.1758
-12.8426
-33.4113
-37.5178
-37.0731
-41.247
-44.9978
-48.0361
-50.1414
-51.2146
-51.2453
-50.2824
-48.4117
-45.7405
-42.3862
-38.47
-34.1129
-29.4324
-24.5412
-19.5459
-14.545
-9.62784
-4.87356
-0.350416
3.88513
7.78829
11.3255
14.4738
17.22
19.5595
21.4957
23.0369
24.2008
25.0022
25.5066
25.63
25.6786
25.291
23.7094
20.474
16.525
11.3597
5.77909
-1.30957
-12.596
-28.3714
-45.549
-62.8954
-77.7405
-88.3742
-92.8904
-87.949
-74.8669
-56.9113
-37.0927
-15.4889
-1.6056
5.30752
10.1475
12.7282
13.941
14.3559
14.1255
12.7902
9.71577
4.56279
-0.272176
-0.206513
1.52441
16.28
26.3446
34.923
43.3597
52.6249
63.2575
75.212
87.7235
99.2733
107.747
110.86
106.87
95.8364
60.8579
49.3158
16.7223
-12.651
-37.9124
-61.9188
-82.7453
-100.662
-78.9291
-74.2922
-125.643
-130.613
-113.951
-94.7927
-76.2819
-60.3526
-48.1332
-40.3658
-37.9897
-34.9674
-47.1201
-49.9598
-51.1251
-56.4635
-61.3947
-65.7406
-69.3059
-71.9701
-73.6877
-74.4686
-74.3607
-73.4359
-71.78
-69.4873
-66.656
-63.3857
-59.7754
-55.9214
-51.9156
-47.8433
-43.7818
-39.7992
-35.9535
-32.292
-28.8525
-25.6641
-22.7483
-20.1206
-17.7909
-15.7746
-14.0508
-12.7044
-11.4074
-10.9497
-11.9627
-14.1042
-17.352
-21.5828
-26.246
-33.021
-43.9674
-58.2216
-73.2306
-87.8275
-100.244
-109.722
-115.126
-113.902
-103.051
-84.3477
-62.4364
-39.78
-17.1119
-2.00936
5.23231
9.84192
12.6567
14.5657
15.4753
15.525
15.0826
14.4175
12.8366
8.84206
3.29622
1.63459
3.84241
22.3838
29.5765
38.1297
47.4373
57.7667
69.3711
82.0841
95.0915
106.86
115.279
118.04
113.014
97.0105
62.334
54.8207
18.026
-12.491
-37.4038
-60.8194
-80.3855
-102.535
-54.9316
-71.4518
-130.437
-138.161
-121.275
-102.168
-84.2131
-69.1692
-57.9033
-50.9278
-48.7144
-57.3546
-59.4336
-62.0139
-66.0761
-71.9043
-77.899
-83.5678
-88.6354
-92.9401
-96.3989
-98.9842
-100.707
-101.606
-101.736
-101.164
-99.9673
-98.2262
-96.0262
-93.4534
-90.5923
-87.5238
-84.3227
-81.0559
-77.7814
-74.5478
-71.3949
-68.3558
-65.4591
-62.7278
-60.1788
-57.8975
-55.6635
-54.2567
-54.3307
-55.3864
-57.5632
-60.1554
-63.8311
-70.5172
-80.7997
-92.7138
-104.927
-116.814
-126.956
-134.411
-137.816
-136.008
-126.961
-110.294
-87.2281
-62.3122
-37.9728
-16.0412
-1.41345
4.43865
8.90438
12.8597
16.0022
17.8624
18.5247
18.1184
17.024
15.7578
14.5532
12.1439
6.68282
2.99262
6.03552
25.7698
32.3488
41.0603
51.1284
62.4532
75.0347
88.5641
102.157
114.259
122.793
125.585
121.198
90.5678
71.8707
55.9854
18.6714
-12.3866
-37.0906
-60.0274
-77.3893
-101.7
-36.1539
-66.8933
-133.149
-144.508
-128.088
-108.65
-90.9907
-76.6486
-65.9864
-58.7353
-52.1148
-69.9402
-72.8858
-74.1705
-80.2071
-87.0622
-94.2088
-101.214
-107.784
-113.726
-118.923
-123.313
-126.874
-129.612
-131.552
-132.736
-133.22
-133.068
-132.349
-131.142
-129.522
-127.567
-125.349
-122.934
-120.38
-117.735
-115.041
-112.333
-109.646
-106.999
-104.359
-102.237
-101.387
-101.515
-102.224
-103.388
-106.937
-113.453
-121.697
-130.341
-139.172
-147.47
-154.38
-159.036
-160.49
-157.106
-148.627
-133.373
-110.587
-83.2487
-56.751
-31.9501
-10.4986
4.59004
8.23782
11.4754
15.2697
18.4253
20.6836
22.3751
22.851
22.0976
20.2925
18.0913
16.1392
14.4886
10.1636
5.67205
8.11455
27.243
33.9548
43.3622
54.3547
66.7065
80.288
94.685
108.948
121.506
130.32
133.274
128.297
83.265
82.7419
56.2156
18.9511
-12.3638
-37.0999
-60.1975
-77.5834
-92.9169
-22.9374
-62.3408
-133.505
-148.501
-135.31
-114.435
-96.6886
-82.9612
-73.0642
-66.3672
-57.7247
-77.7174
-84.4142
-86.1331
-93.5986
-101.655
-110.016
-118.348
-126.376
-133.896
-140.767
-146.898
-152.235
-156.756
-160.459
-163.363
-165.501
-166.922
-167.682
-167.849
-167.494
-166.689
-165.507
-164.013
-162.266
-160.317
-158.208
-155.981
-153.681
-151.292
-149.805
-149.19
-148.809
-149.775
-153.084
-158.057
-163.294
-168.555
-173.827
-177.916
-181.055
-182.262
-180.507
-175.154
-166.309
-152.099
-131.032
-104.168
-73.9545
-46.9337
-21.4673
-1.32257
14.2401
19.0834
21.5302
22.6639
24.4475
26.8165
27.8116
28.3329
28.2133
27.1994
24.9403
21.8104
18.8392
16.9214
14.1113
9.83672
12.689
27.8272
34.1409
44.9777
57.1263
70.5681
85.179
100.492
115.513
128.671
138.023
141.892
125.12
84.8739
90.2089
58.2335
19.4852
-12.4062
-37.3472
-61.0337
-79.8453
-82.5078
-12.3979
-57.4793
-130.596
-151.75
-141.62
-119.455
-101.353
-88.2353
-79.4104
-73.9566
-66.5331
-84.7466
-92.7985
-97.4966
-106.241
-115.492
-125.044
-134.639
-144.029
-153.011
-161.427
-169.164
-176.144
-182.317
-187.658
-192.164
-195.848
-198.742
-200.892
-202.354
-203.194
-203.484
-203.295
-202.696
-201.751
-200.515
-199.04
-197.38
-195.591
-194.643
-194.008
-194.712
-197.227
-200.203
-202.694
-205.046
-206.14
-206.638
-205.676
-202.787
-197.299
-189.503
-179.353
-164.864
-145.278
-120.159
-90.5171
-59.8881
-32.5765
-7.46608
11.8744
28.2663
33.9437
37.0402
37.7865
37.0617
36.9157
37.6821
37.4476
36.1783
35.177
33.1953
30.6623
26.8368
22.7048
19.565
17.8596
14.2407
17.1965
27.0705
33.8199
46.3023
59.6207
74.1373
89.7798
106.051
121.925
135.839
145.882
149.9
114.514
88.4005
100.267
61.0318
20.2464
-12.4915
-37.7212
-62.1257
-82.9807
-74.3731
-2.78719
-52.1875
-125.37
-154.994
-145.397
-124.054
-105.027
-92.4776
-84.9705
-81.2544
-75.806
-90.8356
-100.92
-108.18
-118.058
-128.4
-139.045
-149.777
-160.374
-170.638
-180.406
-189.545
-197.96
-205.579
-212.355
-218.263
-223.3
-227.48
-230.837
-233.418
-235.284
-236.504
-237.153
-237.305
-237.033
-236.405
-235.487
-234.353
-233.772
-233.75
-235.207
-236.672
-237.291
-236.623
-234.702
-231.496
-226.376
-219.281
-210.6
-200.416
-187.936
-172.432
-153.339
-129.623
-101.817
-70.7735
-41.0953
-14.383
10.4277
29.6096
45.4623
53.2012
56.3809
57.3298
56.1288
53.8125
52.195
51.1542
49.1576
46.0969
43.7295
40.4357
37.2524
32.9003
27.7399
23.4511
21.351
17.9271
19.4109
25.2278
34.917
47.9377
62.0824
77.545
94.183
111.449
128.296
143.224
154.654
153.411
102.555
97.5503
106.475
63.3558
20.9651
-12.6191
-38.1925
-63.2686
-86.1126
-67.5387
4.36421
-47.0735
-120.696
-156.999
-146.742
-127.184
-107.537
-95.6054
-89.6262
-88.0815
-85.7084
-97.2507
-108.545
-118.294
-128.97
-140.219
-151.793
-163.477
-175.067
-186.374
-197.233
-207.504
-217.075
-225.86
-233.792
-240.828
-246.945
-252.141
-256.435
-259.864
-262.485
-264.363
-265.576
-266.204
-266.331
-266.044
-265.406
-264.921
-264.894
-265.529
-264.952
-262.502
-258.189
-251.596
-242.891
-232.559
-220.916
-207.642
-192.825
-176.044
-156.259
-132.946
-106.614
-77.2072
-46.6971
-18.2447
7.67316
32.2463
51.7497
66.8385
76.4004
79.3717
79.9831
78.7198
75.8411
72.5676
69.6783
66.5055
62.5152
57.7679
53.761
48.991
44.7087
39.7632
33.7095
28.2313
25.0651
21.8678
21.4886
23.8732
35.8235
49.6642
64.5646
80.8841
98.4833
116.788
134.75
150.874
162.923
147.516
98.8493
110.315
107.619
64.6055
21.4525
-12.8074
-38.7992
-64.4114
-88.6797
-61.7397
9.38883
-43.8199
-117.641
-157.444
-146.003
-127.545
-108.944
-97.5203
-93.2063
-94.0649
-95.262
-104.5
-115.808
-127.098
-138.734
-150.779
-163.09
-175.491
-187.803
-199.851
-211.478
-222.545
-232.931
-242.539
-251.285
-259.109
-265.967
-271.838
-276.726
-280.654
-283.671
-285.84
-287.233
-287.937
-288.05
-287.718
-286.849
-285.956
-284.851
-281.85
-276.149
-267.64
-256.305
-243.188
-228.656
-212.643
-195.591
-176.916
-155.659
-132.146
-106.517
-78.3244
-48.7868
-20.3136
7.7748
33.7705
57.4927
77.2244
91.8696
102.203
104.442
105.002
103.62
100.727
96.9955
92.9663
88.1447
82.8659
76.8406
70.824
64.8877
58.7792
53.1633
47.2047
40.1891
33.6402
29.2862
25.6804
23.1638
24.3734
37.4069
51.6887
67.1681
84.2457
102.78
122.194
141.517
159.696
167.88
137.117
101.643
122.385
106.384
64.945
21.6651
-13.0738
-39.5966
-65.6108
-91.1336
-56.0593
12.9586
-43.3989
-117.014
-156.38
-143.43
-125.348
-108.375
-97.9871
-95.4643
-98.5445
-102.071
-111.435
-122.843
-134.925
-147.313
-159.967
-172.776
-185.605
-198.308
-210.737
-222.753
-234.223
-245.029
-255.065
-264.239
-272.466
-279.681
-285.842
-290.93
-294.955
-297.953
-299.983
-301.094
-301.378
-300.911
-299.537
-297.328
-294.06
-288.625
-279.897
-267.487
-252.348
-235.1
-216.472
-197.097
-176.168
-153.432
-129.29
-103.715
-75.8918
-47.2868
-19.5218
8.77592
36.6512
62.0945
84.8584
104.392
118.084
127.568
130.484
131.076
129.949
127.621
123.874
118.838
113.07
106.454
99.467
91.9651
84.504
76.7509
69.4743
62.4072
54.9972
46.8876
39.3113
33.5193
29.552
25.9994
26.6563
39.8533
54.1338
69.9786
87.7151
107.173
127.776
148.547
168.005
169.049
124.975
108.273
131.79
106.038
64.9574
21.7101
-13.4146
-40.607
-67.1
-93.2566
-49.7259
15.09
-46.5001
-118.959
-154.038
-138.936
-120.861
-105.389
-96.9584
-96.3229
-101.353
-106.588
-116.783
-129.024
-141.762
-154.696
-167.718
-180.728
-193.634
-206.334
-218.724
-230.691
-242.124
-252.915
-262.96
-272.154
-280.386
-287.56
-293.609
-298.489
-302.189
-304.737
-306.195
-306.521
-305.851
-304.28
-300.645
-295.034
-287.097
-275.58
-259.815
-241.503
-221.157
-199.267
-175.811
-151.187
-125.838
-99.6222
-72.214
-44.1039
-16.5573
11.4381
39.3609
66.0361
90.6496
112.166
130.538
143.729
152.97
157.357
158.178
157.301
154.703
150.816
145.719
139.395
132.244
124.279
115.9
107.101
98.076
89.1876
80.4689
71.8896
62.7543
53.5447
45.0951
38.3671
33.8869
29.897
30.3346
42.9995
56.9928
73.0359
91.3637
111.774
133.736
156.403
171.152
165.503
116.663
112.793
141.722
107.444
65.1522
21.7244
-13.7968
-41.7537
-68.921
-93.9517
-43.3928
15.5618
-53.2818
-123.513
-149.766
-132.619
-114.305
-100.374
-94.3689
-95.8591
-102.449
-108.836
-120.693
-134.289
-147.62
-160.9
-173.998
-186.839
-199.386
-211.612
-223.475
-234.907
-245.826
-256.147
-265.788
-274.621
-282.484
-289.235
-294.798
-299.089
-302.062
-303.699
-303.992
-302.972
-300.888
-296.582
-289.195
-279.337
-265.539
-247.151
-225.611
-201.94
-177.081
-150.979
-124.333
-96.8479
-68.8838
-40.9274
-13.4496
14.1957
41.7636
68.4104
93.9193
117.461
138.57
156.302
169.268
178.297
183.085
183.894
183.1
180.73
176.924
171.893
165.663
158.346
150.097
140.956
131.389
121.469
111.42
101.303
91.0454
80.6017
70.1298
59.969
50.8615
43.5377
38.6023
34.4861
34.995
46.7201
60.1869
76.3291
95.2407
116.671
140.192
161.224
173.349
156.919
112.397
117.183
149.495
110.063
65.6848
21.7869
-14.1794
-42.9153
-70.9386
-93.3148
-36.7679
13.4573
-63.4757
-129.647
-143.121
-124.447
-105.838
-93.7814
-90.8145
-94.4387
-102.315
-109.665
-123.456
-138.709
-152.543
-165.932
-178.756
-190.963
-202.607
-213.794
-224.577
-234.949
-244.866
-254.292
-263.213
-271.402
-278.611
-284.637
-289.38
-292.724
-294.678
-295.056
-293.739
-290.716
-286.264
-277.381
-265.927
-251.13
-231.184
-207.188
-181.052
-153.996
-126.252
-97.1007
-67.8064
-39.2009
-11.4416
15.8844
42.984
69.8642
95.9244
120.396
143.009
162.907
179.415
192.315
201.07
205.88
206.95
206.537
204.452
200.99
196.158
190.041
182.876
174.776
165.697
155.82
145.425
134.473
123.226
111.762
100.061
88.3729
76.94
66.1291
56.5346
48.7973
43.4704
39.3156
39.5457
50.9565
63.6761
79.7876
99.3848
121.9
144.752
162.997
175.179
147.316
110.276
121.856
155.286
112.175
66.3081
21.8839
-14.5314
-43.9726
-72.723
-91.11
-29.7401
7.16027
-76.1147
-135.738
-134.029
-114.252
-95.7422
-86.9707
-86.9825
-92.5118
-101.429
-109.593
-125.267
-142.153
-156.41
-169.735
-182.064
-193.395
-203.55
-213.107
-222.273
-231.05
-239.532
-247.723
-255.536
-262.742
-269.06
-274.097
-277.742
-280.097
-280.753
-279.553
-276.568
-271.752
-262.825
-249.808
-234.951
-214.303
-188.6
-160.59
-131.57
-101.6
-70.6137
-40.7119
-11.909
16.0417
43.1811
69.8782
95.8419
120.851
144.128
165.658
184.453
199.96
212.07
220.402
225.125
226.095
225.582
223.95
220.953
216.605
211.047
204.303
196.499
187.699
177.943
167.446
156.328
144.661
132.578
120.195
107.68
95.2561
83.2292
72.003
62.0609
53.9411
48.2372
44.0204
43.8597
55.1544
67.5461
83.7001
103.342
125.41
146.421
164.809
174.903
139.999
108.851
126.843
158.836
113.652
66.8351
21.9739
-14.8451
-44.9067
-74.1229
-87.1148
-22.7977
-4.72965
-90.2171
-137.556
-124.143
-101.749
-85.7624
-80.8082
-83.2928
-90.4675
-100.252
-109.044
-126.32
-144.627
-159.26
-172.63
-184.176
-193.641
-201.767
-209.427
-216.885
-224.023
-230.976
-237.699
-244.169
-250.232
-255.438
-259.474
-262.122
-263.316
-262.653
-259.913
-255.052
-247.48
-233.39
-218.238
-197.827
-171.212
-140.906
-109.567
-76.8516
-45.5028
-15.1879
13.7197
41.4678
68.4944
94.6532
119.421
142.731
164.601
184.322
201.526
215.849
226.585
234.327
238.621
239.257
238.848
237.261
234.655
230.96
226.102
220.133
213.103
205.055
196.044
186.142
175.461
164.102
152.163
139.766
127.043
114.123
101.31
88.9477
77.462
67.2165
58.7402
52.6452
48.2397
47.6502
58.9455
71.0436
87.1636
106.671
127.603
147.09
166.541
172.996
134.507
108.61
131.118
160.699
114.442
67.1377
22.014
-15.1186
-45.7799
-75.6979
-81.6774
-14.9529
-22.9977
-106.521
-131.836
-112.365
-88.6737
-77.4388
-75.4716
-79.9798
-88.5887
-99.2533
-108.515
-126.909
-146.153
-161.151
-174.382
-184.603
-192.061
-198.552
-204.434
-209.752
-214.661
-219.654
-224.943
-230.255
-235.497
-239.959
-243.182
-244.706
-244.454
-242.418
-237.864
-231.027
-217.626
-201.266
-180.994
-153.535
-121.107
-87.8902
-54.2597
-22.2004
8.17063
36.9483
64.6578
91.0269
115.67
138.709
160.256
179.883
197.105
212.424
224.704
233.779
240.337
243.937
244.397
243.902
242.894
240.94
238.036
234.142
229.225
223.293
216.367
208.475
199.663
189.989
179.53
168.371
156.607
144.352
131.746
118.956
106.227
93.8751
82.2859
71.8698
63.038
56.5155
51.5766
50.4828
62.0001
73.9915
90.0295
109.138
128.584
147.748
167.225
170.569
130.652
108.68
134.67
161.988
114.139
67.0458
21.955
-15.3201
-46.5099
-77.66
-74.3533
-7.28575
-46.9629
-120.988
-121.462
-97.2042
-78.5163
-70.7018
-71.0077
-77.1348
-86.987
-98.6411
-108.984
-127.257
-146.75
-162.116
-174.893
-183.946
-189.868
-194.688
-198.364
-201.06
-203.868
-207.221
-211.564
-215.978
-220.14
-223.322
-225.571
-225.907
-223.984
-219.886
-213.08
-201.373
-184.241
-164.887
-136.443
-102.51
-67.738
-33.8594
-1.96892
27.9153
56.8107
84.0133
108.897
131.642
152.391
170.865
187.383
202.19
215.014
225.541
233.238
238.129
240.865
241.143
240.441
240.129
239.031
237.114
234.344
230.684
226.106
220.599
214.168
206.829
198.61
189.555
179.72
169.171
157.991
146.281
134.17
121.823
109.464
97.3827
85.9457
75.5864
66.7938
60.0702
54.2631
52.0447
64.1698
76.216
92.1579
110.835
129.328
147.831
166.71
168.418
128.112
108.388
137.748
162.284
113.234
66.5936
21.7897
-15.4021
-46.8413
-78.9669
-65.9539
-4.87901
-72.613
-125.392
-109.986
-84.717
-70.4842
-65.31
-67.3461
-74.7379
-85.6118
-98.1281
-109.864
-127.153
-146.221
-162.368
-174.375
-182.799
-187.394
-190.448
-191.783
-192.367
-193.086
-195.146
-198.189
-201.053
-204.006
-206.039
-206.653
-205.374
-201.86
-195.662
-186.439
-169.512
-149.739
-121.267
-86.1216
-50.6256
-16.9344
14.7932
44.5759
72.2586
97.5632
120.255
140.401
157.919
173.374
187.119
199.149
209.438
217.658
223.346
226.479
228.482
228.568
228.072
228.545
228.459
227.711
226.24
224.004
220.967
217.1
212.385
206.815
200.393
193.135
185.066
176.224
166.657
156.429
145.621
134.345
122.748
111.033
99.4697
88.4061
78.2846
69.6742
63.2757
56.4988
53.4688
65.7498
77.7793
93.4934
112.01
129.941
147.247
165.054
166.634
126.508
107.462
140.509
161.252
112.025
65.8925
21.5439
-15.3679
-46.6832
-78.8978
-53.8893
-16.7504
-96.9152
-119.305
-95.2339
-75.3147
-64.2805
-61.0452
-64.3626
-72.7149
-84.4088
-97.6321
-110.13
-126.597
-144.701
-161.296
-172.886
-181.271
-184.852
-186.338
-185.767
-184.466
-183.099
-183.626
-184.602
-185.906
-187.147
-188.12
-187.396
-184.345
-178.818
-170.368
-156.363
-136.493
-108.849
-72.6662
-36.9579
-4.07538
26.9435
55.5782
81.7379
104.705
124.272
140.808
154.978
167.292
178.012
187.054
194.455
200.076
203.346
205.052
206.449
206.349
206.674
208.147
209.284
209.854
209.814
209.124
207.75
205.658
202.82
199.211
194.816
189.628
183.646
176.882
169.354
161.09
152.132
142.537
132.393
121.824
111.007
100.189
89.6973
79.9458
71.4729
66.4614
58.79
53.6006
66.6098
78.3175
94.0946
112.368
130.577
146.256
162.275
164.902
125.487
105.899
142.138
159.561
110.701
65.0364
21.2411
-15.2923
-46.2058
-77.1297
-40.9602
-37.6363
-111.52
-108.456
-84.5635
-68.373
-59.5471
-57.673
-61.8991
-70.9485
-83.314
-97.4888
-112.741
-125.973
-141.941
-159.03
-170.552
-178.884
-182.478
-182.741
-180.751
-177.758
-174.3
-172.687
-171.496
-170.632
-170.867
-170.352
-167.698
-162.868
-155.573
-144.953
-125.425
-99.3391
-62.8514
-28.3335
3.71134
33.6211
61.0514
84.7798
104.067
119.766
132.569
143.271
152.128
159.359
165.099
169.107
171.75
173.042
174.118
174.774
175.419
177.122
179.85
182.266
184.205
185.634
186.523
186.844
186.565
185.656
184.085
181.823
178.849
175.142
170.69
165.487
159.532
152.832
145.402
137.277
128.512
119.203
109.502
99.6326
89.903
80.7001
72.4491
68.552
61.2887
55.0433
67.2347
78.2494
93.2842
111.95
130.651
145.476
158.719
162.553
124.556
103.848
143.643
156.34
109.174
63.9761
20.8645
-15.3117
-45.9595
-71.7752
-30.4951
-65.5461
-115.729
-96.1907
-76.7509
-63.1797
-55.8855
-54.941
-59.7748
-69.2684
-82.0002
-96.527
-112.852
-123.29
-137.706
-155.666
-167.422
-175.837
-180.006
-179.585
-176.683
-172.388
-167.058
-162.968
-159.335
-156.599
-155.035
-152.747
-148.321
-141.966
-134.139
-117.254
-92.6982
-57.362
-24.8272
5.89111
34.5074
59.709
79.8142
95.1921
106.777
115.787
122.574
127.485
130.731
132.662
133.794
134.223
134.274
134.672
135.901
138.129
141.498
145.426
148.956
152.132
154.917
157.283
159.205
160.656
161.604
162.017
161.862
161.104
159.713
157.658
154.914
151.456
147.264
142.32
136.616
130.153
122.958
115.093
106.68
97.919
89.11
80.6428
72.9581
69.9826
64.4166
55.3382
67.0642
77.5711
91.8501
109.675
129.313
145.166
155.275
159.164
123.261
101.362
148.509
149.709
106.117
62.3679
20.3325
-15.4679
-46.5684
-65.4234
-28.8101
-91.7283
-106.151
-87.1505
-71.02
-59.2446
-52.9663
-52.6151
-57.8193
-67.5689
-80.4812
-95.0495
-111.314
-117.871
-132.237
-150.904
-164.123
-172.124
-176.572
-176.776
-173.326
-168.021
-161.654
-155.036
-149.094
-144.06
-140.282
-136.187
-130.151
-123.528
-110.03
-88.055
-55.6427
-26.3728
3.01766
29.7935
51.5529
67.3574
78.319
86.0046
90.723
93.055
93.6606
93.3953
92.5484
91.1707
89.6697
89.8962
91.3727
94.1788
98.0308
102.669
107.196
111.526
115.628
119.483
123.063
126.342
129.294
131.889
134.095
135.875
137.193
138.007
138.279
137.967
137.029
135.425
133.111
130.048
126.195
121.526
116.03
109.736
102.73
95.1876
87.4046
79.8007
72.7674
70.768
66.0707
54.1699
66.2229
76.3128
89.8699
106.75
125.811
143.418
152.695
154.921
121.177
98.7226
158.077
139.116
101.212
59.9967
19.5833
-15.5752
-47.2641
-55.5922
-41.109
-102.456
-96.4834
-80.863
-66.797
-56.1675
-50.5051
-50.4773
-55.8556
-65.7127
-78.7147
-93.4481
-110.809
-112.588
-126.357
-144.569
-159.439
-167.716
-172.261
-173.085
-170.137
-164.419
-157.399
-149.327
-141.243
-133.81
-127.44
-120.601
-115.219
-103.646
-83.2329
-55.6016
-30.962
-5.1595
18.6663
36.2416
47.7939
54.874
57.9394
58.2928
56.6968
54.2561
50.9477
47.1967
44.9173
44.793
46.5275
49.5178
53.7049
58.3746
63.0969
67.7868
72.45
77.0475
81.5542
85.946
90.1979
94.2842
98.177
101.845
105.252
108.36
111.125
113.499
115.434
116.875
117.768
118.051
117.66
116.528
114.588
111.777
108.05
103.397
97.8636
91.5905
84.8641
78.2266
72.7574
69.3934
64.3424
54.6725
65.3092
74.557
87.2918
103.23
121.242
139.039
150.358
149.975
117.078
96.3247
168.732
128.625
95.3799
57.027
18.644
-15.4218
-46.9779
-43.772
-63.7003
-100.19
-89.3751
-76.324
-63.5815
-53.6244
-48.2631
-48.3324
-53.711
-63.5267
-76.4429
-90.9657
-108.103
-108.496
-121.099
-137.518
-153.31
-162.834
-167.225
-168.342
-166.124
-160.95
-153.535
-145.13
-136.039
-126.04
-116.261
-109.864
-99.6079
-80.4816
-55.9999
-35.8088
-14.9855
2.72484
15.8202
23.0905
25.6298
24.7437
21.6925
17.3325
11.5495
6.34588
3.6361
3.57623
5.38722
8.38845
12.3736
16.4878
20.7644
25.1313
29.5989
34.1479
38.7724
43.4558
48.1819
52.9324
57.6868
62.4211
67.1076
71.7138
76.2016
80.5279
84.6438
88.4955
92.0232
95.1614
97.8382
99.9741
101.482
102.268
102.235
101.286
99.3391
96.3431
92.3009
87.2981
81.5334
75.375
71.8944
64.7548
56.7697
56.5317
63.5513
72.1028
84.0069
99.0003
115.96
132.646
145.428
145.646
110.974
102.762
168.124
121.351
89.7681
53.8171
17.6004
-15.0127
-46.0768
-35.7927
-83.0388
-93.5979
-84.6806
-73.0093
-61.0078
-51.362
-46.0453
-46.0138
-51.2362
-60.8907
-73.634
-87.8719
-103.388
-105.74
-117.125
-129.916
-144.526
-155.49
-161.262
-162.729
-161.006
-156.576
-149.771
-140.831
-129.953
-119.219
-111.112
-100.002
-82.1865
-60.6487
-42.7236
-25.0701
-12.5069
-6.61717
-5.34896
-6.30879
-10.1606
-15.9865
-23.009
-29.1666
-31.874
-31.6648
-29.7947
-26.7814
-23.5271
-20.0836
-16.6054
-13.0138
-9.27312
-5.38113
-1.32295
2.9081
7.31662
11.9017
16.6585
21.5777
26.6451
31.8412
37.1403
42.5104
47.9127
53.301
58.622
63.8147
68.8102
73.5305
77.8878
81.7834
85.1074
87.7389
89.5492
90.4084
90.1971
88.8253
86.2568
82.5369
77.8007
72.1745
69.934
62.1127
47.3994
56.2484
61.0514
68.8722
79.9339
93.9563
109.842
125.421
137.341
140.729
101.268
126.528
150.524
116.712
84.6285
50.5588
16.5113
-14.2857
-43.2365
-41.2159
-87.9991
-87.8543
-81.1392
-70.4158
-58.7938
-49.1887
-43.6994
-43.3829
-48.2957
-57.6743
-70.1705
-84.1105
-97.6438
-104.708
-113.388
-122.053
-134.006
-145.106
-151.971
-154.506
-153.48
-149.319
-142.265
-132.836
-123.523
-116.411
-105.755
-90.3032
-71.1781
-54.7158
-39.3819
-29.548
-27.0411
-29.7747
-35.928
-44.0454
-51.9124
-58.5059
-61.303
-60.696
-58.3922
-55.5924
-52.7441
-49.9739
-47.2751
-44.5357
-41.7289
-38.8027
-35.7136
-32.4282
-28.9161
-25.1524
-21.1177
-16.7985
-12.1874
-7.28306
-2.09139
3.37445
9.0933
15.0357
21.1635
27.4294
33.7767
40.1384
46.4369
52.5822
58.4712
63.9864
68.9949
73.349
76.8897
79.4529
80.8828
81.0513
79.8881
77.4239
73.8673
69.7519
67.8768
60.7233
44.0285
53.2866
57.7694
64.8883
75.0484
88.0282
102.767
117.167
128.176
132.85
99.8181
150.293
130.088
108.202
78.9152
47.1309
15.3724
-13.7852
-37.1544
-55.5972
-82.7759
-84.219
-78.5504
-68.2955
-56.7602
-46.9729
-41.1155
-40.3321
-44.7749
-53.7688
-66.0149
-79.7779
-92.9837
-105.317
-107.973
-114.237
-123.25
-132.44
-139.123
-142.158
-141.501
-137.498
-131.511
-125.721
-120.37
-111.737
-99.8994
-84.5294
-70.8329
-58.0016
-50.7342
-49.6753
-53.2026
-60.5723
-69.6418
-78.6904
-84.0728
-84.0102
-81.0434
-78.2013
-75.3684
-72.9808
-70.7881
-68.7271
-66.7427
-64.7615
-62.7195
-60.5537
-58.2069
-55.6273
-52.7687
-49.5909
-46.0598
-42.1483
-37.8361
-33.1107
-27.9681
-22.4137
-16.4621
-10.1385
-3.47858
3.47086
10.651
17.9902
25.403
32.7886
40.0292
46.9892
53.5135
59.4286
64.5455
68.6671
71.6012
73.1807
73.291
71.9046
69.1491
67.4405
62.0294
52.8841
42.3987
50.3408
54.0067
60.2183
69.3491
81.1761
94.6362
107.593
116.664
116.508
125.702
148.729
117.507
99.3418
72.8454
43.5381
14.1863
-13.673
-30.1576
-66.4487
-79.0273
-81.7336
-76.5833
-66.4657
-54.7892
-44.6308
-38.2243
-36.7884
-40.5746
-49.0241
-60.9569
-74.7472
-88.4601
-101.94
-101.824
-107.821
-114.22
-120.573
-125.644
-128.269
-128.263
-126.594
-124.154
-121.109
-115.176
-107.28
-96.3448
-85.8094
-75.8168
-70.6589
-71.1658
-75.9779
-84.1353
-91.8937
-96.8297
-97.0414
-94.8343
-93.3126
-92.0757
-89.8423
-87.67
-85.9567
-84.4754
-83.1766
-81.9742
-80.8007
-79.5796
-78.2331
-76.6903
-74.8849
-72.7571
-70.253
-67.3249
-63.9329
-60.0441
-55.6345
-50.6896
-45.2056
-39.19
-32.6621
-25.6537
-18.21
-10.3905
-2.27035
6.05844
14.485
22.8783
31.0857
38.9313
46.2171
52.7256
58.2278
62.4975
65.3319
66.5787
66.1468
63.8775
63.3643
57.0818
40.0121
44.5086
47.0064
49.6331
54.8312
62.8385
73.4177
85.512
97.0243
104.827
111.96
158.961
122.869
109.462
91.0516
66.6813
39.8396
12.9655
-14.4491
-31.0967
-66.5276
-77.2968
-80.0792
-75.0216
-64.8028
-52.8081
-42.1181
-34.9959
-32.722
-35.642
-43.3198
-54.7212
-68.3862
-82.5717
-97.301
-96.8279
-102.284
-106.568
-111.509
-115.569
-118.118
-119.226
-119.111
-118.473
-115.022
-110.567
-104.898
-97.4534
-90.133
-86.5493
-87.7484
-93.1695
-100.393
-106.116
-107.997
-105.756
-103.243
-99.9875
-97.4153
-96.0895
-95.5544
-95.7666
-94.8813
-94.1283
-93.6264
-93.2312
-92.8882
-92.5178
-92.0241
-91.3199
-90.3312
-88.9838
-87.2127
-84.9575
-82.1665
-78.7953
-74.8077
-70.179
-64.8964
-58.9594
-52.3812
-45.1887
-37.4248
-29.1488
-20.4384
-11.3911
-2.12672
7.21184
16.4567
25.4132
33.8605
41.5546
48.2368
53.6483
57.555
59.7906
60.3524
59.6898
57.6633
50.4183
35.8998
41.8707
42.5663
44.5347
48.7338
55.5661
64.8336
75.4946
85.5183
92.2287
136.776
153.785
108.312
99.8879
82.7453
60.443
36.067
11.7192
-14.3942
-37.5764
-63.079
-75.6902
-78.7875
-73.6891
-63.2249
-50.7783
-39.4221
-31.436
-28.1496
-29.9905
-36.6352
-47.1898
-60.3617
-74.5985
-89.8954
-91.8124
-95.5174
-99.9733
-103.543
-106.964
-109.648
-111.737
-112.879
-111.35
-110.159
-109.737
-104.757
-99.4661
-96.7339
-98.1538
-103.523
-108.569
-112.016
-110.974
-107.685
-104.814
-102.752
-101.009
-100.313
-99.832
-98.1271
-97.2584
-98.5183
-100.177
-100.504
-100.915
-101.387
-101.883
-102.259
-102.401
-102.252
-101.71
-100.707
-99.168
-97.0304
-94.2413
-90.7519
-86.5269
-81.5458
-75.801
-69.2991
-62.0627
-54.1318
-45.5654
-36.4427
-26.8665
-16.9642
-6.88881
3.17889
13.0283
22.4182
31.08
38.7269
45.0687
49.8315
52.7754
53.6911
54.8509
51.2524
38.0081
37.6677
38.8362
37.987
38.9035
42.0208
47.6598
55.6134
64.7788
72.8623
100.772
164.385
116.112
102.492
90.9864
74.4975
54.1467
32.2354
10.4518
-12.9583
-41.4206
-62.2663
-74.7771
-77.8029
-72.5127
-61.6931
-48.6895
-36.5554
-27.5788
-23.1272
-23.6953
-29.0542
-38.4296
-50.6714
-64.4098
-79.7125
-85.3154
-87.3679
-92.0484
-96.3437
-99.7192
-102.643
-104.279
-104.668
-106.532
-110.172
-107.114
-103.278
-100.789
-102.238
-106.643
-109.714
-110.737
-108.026
-104.456
-101.828
-99.9666
-98.7876
-98.1442
-98.0966
-98.3498
-98.5655
-99.969
-101.354
-100.371
-102.069
-105.541
-106.699
-108.103
-109.364
-110.311
-111.028
-111.29
-111.069
-110.269
-108.808
-106.641
-103.698
-99.9336
-95.325
-89.8571
-83.5307
-76.365
-68.3979
-59.6879
-50.3159
-40.3888
-30.0411
-19.4341
-8.75735
1.76608
11.8772
21.285
29.6773
36.7391
42.1787
45.7474
47.1457
48.0376
42.967
31.628
34.9279
33.5885
32.4877
32.6374
34.7853
39.3497
46.2089
54.2247
68.5645
135.226
141.07
98.02
92.8289
81.6203
66.1294
47.7625
28.3438
9.16349
-12.6986
-41.7617
-61.8089
-74.1303
-76.9948
-71.4402
-60.1917
-46.5502
-33.5484
-23.4792
-17.7391
-16.8748
-20.7336
-28.6388
-39.5453
-52.163
-66.2509
-75.4119
-78.2307
-82.1678
-86.2642
-89.8986
-92.5647
-95.1491
-99.3856
-105.721
-104.161
-101.505
-98.7461
-99.9941
-102.933
-104.411
-103.929
-100.626
-97.1589
-94.7359
-93.1595
-92.292
-92.0463
-92.3408
-93.1293
-94.2989
-95.7681
-97.7171
-99.7562
-101.434
-105.121
-106.527
-106.016
-111.634
-113.844
-115.396
-117.1
-118.095
-118.671
-118.621
-117.819
-116.303
-113.931
-110.653
-106.464
-101.332
-95.2548
-88.2512
-80.3581
-71.6333
-62.1592
-52.0473
-41.4391
-30.5007
-19.4246
-8.44115
2.17515
12.1106
21.0282
28.591
34.5067
38.6452
41.4258
41.0476
33.1783
32.1903
30.8709
28.3143
26.4813
25.8965
27.2188
30.9428
37.3058
46.7041
92.0304
152.162
93.5478
89.5203
82.813
71.8401
57.5571
41.2594
24.3842
7.85231
-13.6761
-40.3695
-61.1959
-73.5775
-76.2979
-70.4489
-58.7223
-44.382
-30.4439
-19.206
-12.0871
-9.67288
-11.8692
-18.0829
-27.3771
-38.5668
-50.9695
-62.0267
-66.8476
-71.0663
-74.9584
-78.7252
-82.7543
-88.0796
-95.2098
-95.6231
-94.0542
-91.2932
-92.0276
-93.784
-93.9705
-92.7812
-89.5499
-86.4742
-84.3679
-83.0907
-82.5352
-82.6169
-83.2716
-84.4429
-86.0816
-88.1275
-90.5305
-93.2757
-96.229
-99.3043
-102.808
-105.738
-108.423
-114.553
-113.074
-116.687
-121.083
-122.403
-123.886
-124.61
-124.342
-123.547
-121.745
-118.941
-115.205
-110.449
-104.672
-97.9035
-90.1772
-81.5515
-72.1097
-61.9676
-51.277
-40.2037
-28.9313
-17.6897
-6.77009
3.48679
12.7157
20.549
26.6265
30.5892
33.6451
31.7727
26.1841
27.1495
24.7296
22.1641
19.9454
18.8386
19.5365
22.5093
27.8436
61.1679
128.046
95.2219
85.6926
79.7377
72.1521
61.6105
48.7336
34.6165
20.3497
6.51633
-13.8124
-39.9878
-60.8331
-73.1606
-75.7088
-69.5394
-57.2989
-42.2154
-27.293
-14.8371
-6.28518
-2.25011
-2.67766
-7.0381
-14.4983
-24.0411
-34.7941
-45.8601
-53.1242
-58.3099
-62.9153
-67.2232
-72.2753
-78.5351
-81.9586
-81.1576
-79.2515
-79.2669
-80.3867
-79.9953
-78.5719
-75.8422
-73.1761
-71.4506
-70.512
-70.2667
-70.6493
-71.6088
-73.1027
-75.0919
-77.5377
-80.3974
-83.6271
-87.1821
-90.9903
-94.9912
-99.1651
-103.271
-107.412
-111.985
-114.866
-119.77
-122.939
-120.745
-127.164
-128.696
-128.449
-128.727
-127.416
-124.992
-121.786
-117.42
-111.968
-105.501
-98.0207
-89.5962
-80.3109
-70.2804
-59.6814
-48.6712
-37.3958
-26.074
-15.0252
-4.63227
4.7125
12.638
18.7843
22.6954
25.2811
23.5549
22.1405
20.6125
18.2586
15.533
13.1081
11.7574
12.1424
14.6141
38.7714
94.7432
106.003
63.7507
71.2412
67.7898
60.5749
50.8808
39.6397
27.8295
16.2406
5.15585
-13.8189
-39.8516
-60.6339
-72.8646
-75.2224
-68.7156
-55.9376
-40.0833
-24.1499
-10.4549
-0.454665
5.21808
6.59423
4.16626
-1.30145
-8.91944
-17.5663
-27.6747
-36.8489
-43.4269
-48.4404
-52.8727
-57.6665
-62.8404
-63.607
-63.4522
-62.8334
-63.8191
-63.4466
-62.075
-60.3111
-58.0526
-56.7083
-56.1125
-56.17
-56.8258
-58.0437
-59.7954
-62.0551
-64.7965
-67.9898
-71.6003
-75.5875
-79.9042
-84.4918
-89.2882
-94.2292
-99.2137
-104.208
-109.171
-113.682
-118.286
-122.02
-124.389
-131.144
-127.245
-128.544
-132.542
-131.159
-128.834
-126.474
-122.422
-117.288
-111.212
-104.036
-95.9052
-86.8964
-77.0926
-66.7602
-56.0285
-44.9274
-33.6543
-22.6006
-12.2332
-2.97406
4.84821
11.0077
15.4306
17.8874
15.8629
15.7258
13.8462
11.3941
8.65827
6.27444
5.10418
5.65575
23.9996
63.5682
98.5319
50.1231
58.1901
58.6142
54.9803
48.2759
39.712
30.3082
20.9205
12.07
3.77458
-13.8125
-39.7985
-60.5294
-72.6603
-74.8244
-67.9745
-54.6501
-38.0155
-21.0672
-6.14137
5.2819
12.5503
15.6788
15.1408
11.6649
6.07252
-0.112064
-10.2807
-20.6715
-27.7425
-32.4439
-35.9176
-39.0645
-42.1665
-43.3718
-43.6837
-44.7741
-45.0485
-43.9977
-43.2939
-41.7056
-40.7824
-40.5215
-40.8589
-41.7531
-43.1808
-45.128
-47.5825
-50.5304
-53.9539
-57.8293
-62.1261
-66.8057
-71.8209
-77.1158
-82.626
-88.2805
-93.9973
-99.7007
-105.298
-110.637
-115.713
-120.255
-124.226
-128.315
-129.746
-132.166
-136.933
-127.008
-130.033
-129.849
-125.512
-120.699
-115.235
-108.331
-100.586
-91.9995
-82.4509
-72.575
-62.4097
-51.6256
-40.4221
-29.3965
-19.1962
-10.2696
-2.85919
2.92649
7.06351
8.47117
7.63868
7.58735
6.45293
4.29114
1.83533
-0.221993
0.0524302
13.2009
42.7175
77.915
34.2314
48.7535
47.1579
45.546
41.5543
35.4507
28.2153
20.8077
13.9324
7.8609
2.37969
-13.8096
-39.7839
-60.48
-72.5172
-74.4912
-67.3027
-53.438
-36.0335
-18.0902
-1.97122
10.8105
19.575
24.3166
25.4904
23.8001
19.9891
16.3009
4.4083
-6.55575
-12.9934
-16.7009
-18.6099
-19.4207
-20.5511
-22.6487
-24.042
-25.5095
-25.5751
-25.2784
-24.7535
-24.2177
-24.2814
-24.8711
-25.9628
-27.5489
-29.6291
-32.2047
-35.2747
-38.8327
-42.8663
-47.3552
-52.2704
-57.5739
-63.2183
-69.1464
-75.2923
-81.5813
-87.9308
-94.2524
-100.448
-106.406
-112.034
-117.2
-121.832
-125.914
-128.921
-131.527
-133.472
-131.916
-135.22
-132.199
-119.543
-122.169
-118.002
-110.891
-103.695
-95.8513
-86.2471
-77.0912
-68.044
-57.6128
-46.2532
-35.1269
-25.246
-16.9958
-10.3783
-5.30139
-1.541
0.353252
0.329808
0.441101
-0.711877
-2.61086
-4.47112
-3.9522
4.79358
28.7287
54.6956
24.8028
31.977
35.6355
34.4163
31.822
27.6656
22.2906
16.5337
11.2354
6.92708
3.64628
0.981421
-13.8102
-39.7855
-60.4522
-72.397
-74.186
-66.6716
-52.2879
-34.1436
-15.2486
1.99862
16.0402
26.1529
32.2916
34.8734
34.5896
31.4467
26.5606
13.8875
5.60776
0.591841
-2.28884
-2.90987
-1.70786
-0.153702
-2.44499
-4.77764
-6.44315
-6.95091
-7.42363
-7.44774
-7.83807
-8.65598
-9.90652
-11.6008
-13.754
-16.381
-19.4932
-23.096
-27.1877
-31.7584
-36.789
-42.251
-48.1056
-54.3041
-60.7877
-67.4879
-74.3275
-81.2208
-88.0748
-94.7893
-101.258
-107.377
-113.035
-118.135
-122.581
-126.213
-129.084
-131.008
-131.584
-132.122
-130.186
-125.887
-129.632
-120.283
-103.447
-102.963
-99.2435
-87.8682
-80.0461
-73.5884
-63.1123
-50.8091
-39.1841
-29.9389
-22.9687
-17.635
-13.6967
-10.6316
-8.61014
-7.46902
-6.44779
-7.44746
-9.95894
-8.72287
-1.28491
18.0093
31.1489
14.4327
22.2872
22.7876
22.9338
20.8505
17.6118
13.5076
8.99936
4.83241
1.70974
-0.0195799
-0.532935
-0.407219
-13.8092
-39.7801
-60.4069
-72.2497
-73.8554
-66.0337
-51.1658
-32.3303
-12.5473
5.74287
20.925
32.2136
39.4895
43.0454
43.3241
42.3643
32.0075
24.0548
18.4457
14.5151
12.1261
11.0768
12.8328
16.7646
16.0696
13.3224
11.3108
10.1595
9.12373
8.46558
7.43547
6.05185
4.28897
2.11418
-0.502448
-3.58519
-7.15126
-11.2097
-15.7609
-20.7955
-26.2945
-32.2284
-38.5573
-45.2307
-52.188
-59.3586
-66.6629
-74.0128
-81.313
-88.4621
-95.3541
-101.882
-107.937
-113.417
-118.217
-122.235
-125.406
-127.624
-128.794
-129.068
-127.966
-125.801
-124.086
-118.486
-110.986
-113.505
-106.672
-83.5769
-73.6762
-75.9075
-68.5057
-53.3239
-40.3386
-32.7215
-28.2796
-24.6613
-21.8453
-19.3217
-18.3283
-18.4425
-17.5032
-15.2521
-13.6208
-6.95728
7.3667
14.1439
7.77572
14.0167
13.1422
11.8065
9.84858
6.80376
3.14948
-0.699451
-4.21151
-6.71302
-7.63957
-6.82227
-4.63028
-1.77134
-13.7975
-39.739
-60.2945
-72.0099
-73.4268
-65.3195
-50.0137
-30.5515
-9.9584
9.28167
25.4893
37.8105
46.0533
50.3735
50.6761
47.7385
41.3235
36.6238
32.95
29.4299
26.5675
25.2113
25.4086
29.3495
33.1175
30.0278
27.6809
25.8779
24.4657
23.1761
21.6479
19.8308
17.6675
15.1081
12.113
8.65237
4.70596
0.263301
-4.67612
-10.1026
-15.9962
-22.326
-29.0506
-36.1179
-43.4656
-51.0215
-58.7044
-66.425
-74.0866
-81.5874
-88.8212
-95.6804
-102.057
-107.847
-112.948
-117.266
-120.718
-123.226
-124.73
-125.215
-124.587
-122.952
-120.495
-116.45
-111.659
-108.115
-101.316
-90.4102
-85.576
-92.4584
-77.6002
-54.4863
-37.9164
-33.9085
-34.0599
-32.9307
-31.2517
-28.397
-27.6576
-26.3775
-25.0514
-19.0535
-8.89679
2.25525
5.44504
5.71444
5.55114
4.69788
2.55572
-0.303297
-3.67324
-7.47546
-11.317
-14.7231
-17.1285
-17.9249
-16.6797
-13.3922
-8.59612
-3.09473
-13.7635
-39.6253
-60.0545
-71.5972
-72.8092
-64.4379
-48.7494
-28.7369
-7.41967
12.6812
29.8242
43.0974
52.3209
57.945
61.4371
56.4934
54.8797
53.5263
50.7507
47.0269
42.9231
39.6971
38.5505
39.914
45.6984
45.4757
42.6652
40.2458
38.5407
36.7441
34.8321
32.6789
30.1989
27.3297
24.0254
20.253
15.9914
11.23
5.96917
0.219732
-5.99677
-12.6481
-19.6912
-27.0728
-34.7293
-42.5876
-50.5658
-58.5743
-66.5164
-74.2904
-81.7909
-88.9109
-95.5437
-101.585
-106.937
-111.506
-115.211
-117.984
-119.769
-120.537
-120.263
-118.977
-116.715
-113.395
-109.309
-104.778
-98.8958
-91.9683
-86.6399
-82.9394
-72.9317
-58.7613
-48.2337
-51.2959
-52.693
-49.1084
-42.2114
-33.0656
-26.9683
-18.3579
-11.3215
-7.20156
-6.26137
-4.2915
-1.56246
-1.54624
-3.02049
-5.56424
-9.06224
-13.1353
-17.4612
-21.7383
-25.5342
-28.3285
-29.5427
-28.6305
-25.2807
-19.6424
-12.381
-4.36091
-13.693
-39.396
-59.6157
-70.9175
-71.895
-63.2795
-47.2708
-26.7961
-4.84817
16.0301
34.0392
48.1763
58.1045
63.971
65.1806
68.635
69.0162
67.1791
64.808
62.2582
59.3309
55.3483
51.9084
50.9406
53.9513
59.746
56.4557
53.4444
51.4461
49.2389
47.0188
44.5966
41.8615
38.7406
35.1832
31.1551
26.635
21.6135
16.0921
10.0833
3.6104
-3.29296
-10.5825
-18.2038
-26.0928
-34.1762
-42.3723
-50.5921
-58.7399
-66.7152
-74.4143
-81.7318
-88.5632
-94.8063
-100.365
-105.149
-109.082
-112.098
-114.148
-115.203
-115.252
-114.31
-112.409
-109.583
-105.958
-101.632
-96.5076
-90.8426
-85.2757
-79.4798
-71.6523
-62.6529
-55.3841
-52.2411
-49.6561
-45.7246
-40.439
-32.104
-27.2486
-20.7359
-15.6987
-12.438
-10.9234
-9.80831
-9.27786
-10.4878
-13.141
-16.9048
-21.4475
-26.3671
-31.2634
-35.7209
-39.248
-41.2862
-41.2556
-38.6686
-33.3215
-25.4899
-15.9365
-5.5533
-13.5708
-39.0029
-58.8989
-69.8662
-70.5642
-61.7212
-45.4629
-24.6278
-2.15531
19.4204
38.2826
53.4096
64.3973
71.4734
76.5164
78.6221
78.747
77.6297
75.8259
73.7259
71.5958
69.5236
66.1531
62.9527
62.5892
67.7538
68.641
65.5585
63.1667
60.689
58.2247
55.5824
52.6377
49.3098
45.5448
41.3075
36.5773
31.3461
25.6173
19.4051
12.7345
5.6405
-1.83158
-9.62672
-17.6807
-25.9208
-34.2661
-42.6292
-50.9162
-59.029
-66.8661
-74.3251
-81.3039
-87.7036
-93.4304
-98.3987
-102.534
-105.774
-108.074
-109.407
-109.768
-109.171
-107.651
-105.263
-102.089
-98.2137
-93.6998
-88.6996
-83.39
-77.6548
-71.1703
-64.3853
-58.3527
-53.7291
-49.6399
-45.3164
-40.6078
-33.3101
-29.6399
-24.5333
-20.9786
-18.7623
-17.7896
-17.6716
-18.5621
-20.8822
-24.478
-29.0693
-34.2762
-39.6673
-44.7873
-49.1498
-52.2104
-53.3806
-52.0859
-47.8938
-40.693
-30.8592
-19.2163
-6.65576
-13.3802
-38.3957
-57.8208
-68.3327
-68.6889
-59.632
-43.2053
-22.1352
0.720852
22.8598
42.4717
58.6284
71.5559
79.4605
84.357
86.9245
87.6209
87.059
85.7443
84.0506
82.2233
80.3959
78.6871
75.5947
72.9371
73.7573
80.5427
76.9271
73.6273
71.0921
68.4532
65.6313
62.512
59.0119
55.0752
50.6664
45.7658
40.3669
34.4749
28.1059
21.2864
14.0528
6.45128
-1.46289
-9.62572
-17.9653
-26.4024
-34.8513
-43.221
-51.4161
-59.3386
-66.8893
-73.9698
-80.4845
-86.3431
-91.4633
-95.7734
-99.215
-101.746
-103.341
-103.998
-103.732
-102.581
-100.603
-97.8732
-94.4772
-90.506
-86.0694
-81.2642
-76.112
-70.6356
-65.0918
-59.8907
-55.2557
-50.9745
-46.7872
-42.6459
-36.5179
-33.8922
-30.1676
-27.8364
-26.6323
-26.4847
-27.3072
-29.21
-32.3454
-36.574
-41.6347
-47.1486
-52.6728
-57.7175
-61.75
-64.185
-64.414
-61.8731
-56.1796
-47.3006
-35.6843
-22.1791
-7.65327
-13.1037
-37.523
-56.2975
-66.2047
-66.1387
-56.8762
-40.3732
-19.2192
3.83815
26.3323
46.3672
62.5995
74.5835
85.1103
91.1422
94.353
95.5992
95.5286
94.6399
93.2967
91.7415
90.1196
88.52
86.9936
83.7975
81.7391
84.3844
86.7947
83.1485
80.5662
77.7295
74.7435
71.4729
67.8268
63.7465
59.196
54.1566
48.6233
42.603
36.1136
29.1833
21.8497
14.1597
6.16882
-2.05933
-10.4539
-18.9374
-27.4265
-35.833
-44.0649
-52.0279
-59.6267
-66.767
-73.357
-79.3103
-84.5479
-89.0012
-92.6144
-95.3471
-97.1772
-98.1019
-98.1394
-97.3282
-95.7266
-93.4108
-90.4693
-86.9994
-83.1041
-78.8809
-74.4111
-69.7926
-65.1904
-60.7966
-56.7201
-52.9327
-49.3802
-46.0997
-41.739
-40.2618
-37.5197
-36.1308
-35.8027
-36.4456
-38.0384
-40.6431
-44.2973
-48.8623
-54.0895
-59.6151
-64.9981
-69.7316
-73.2535
-74.9522
-74.2092
-70.4774
-63.419
-53.0636
-39.9057
-24.7863
-8.53168
-12.7237
-36.3362
-54.2481
-63.3724
-62.7819
-53.313
-36.8296
-15.7565
7.31316
30.0295
50.6464
68.3311
81.7591
90.9917
97.2824
100.975
102.706
103.073
102.559
101.524
100.209
98.764
97.2682
95.7508
94.2244
90.9126
89.9151
95.7123
92.2926
89.2367
86.0825
82.9229
79.5148
75.7421
71.5401
66.8713
61.7176
56.0753
49.953
43.3703
36.3568
28.9515
21.2021
13.1644
4.9016
-3.51633
-12.0136
-20.5091
-28.9175
-37.1502
-45.1168
-52.7262
-59.8882
-66.5153
-72.5249
-77.8416
-82.3999
-86.1463
-89.0426
-91.0675
-92.2194
-92.5169
-91.9993
-90.7262
-88.7752
-86.2389
-83.2202
-79.8282
-76.1726
-72.3608
-68.5056
-64.7333
-61.1635
-57.875
-54.8987
-52.2627
-50.0578
-48.1582
-47.901
-45.7574
-45.1128
-45.5272
-46.8451
-49.03
-52.1
-56.0384
-60.7101
-65.88
-71.2041
-76.2512
-80.5094
-83.4031
-84.3083
-82.6074
-77.7757
-69.5182
-57.9111
-43.47
-27.0007
-9.2773
-12.2255
-34.7928
-51.6018
-59.7359
-58.4954
-48.8061
-32.441
-11.6384
11.1866
33.7814
54.3256
71.5215
85.7815
95.8594
102.652
106.808
108.972
109.726
109.542
108.777
107.675
106.391
105.007
103.552
102.01
100.11
97.031
97.3033
100.696
96.429
93.4133
90.1584
86.6365
82.7551
78.4493
73.6811
68.4326
62.701
56.4964
49.8398
42.7623
35.3041
27.5139
19.4479
11.1694
2.74769
-5.74262
-14.2224
-22.6088
-30.8164
-38.7582
-46.3472
-53.4973
-60.1253
-66.1525
-71.5073
-76.1272
-79.9614
-82.9732
-85.1425
-86.4683
-86.9693
-86.6852
-85.6765
-84.0233
-81.8218
-79.1813
-76.2193
-73.0571
-69.815
-66.6101
-63.5534
-60.738
-58.2278
-56.0615
-54.2778
-52.9579
-53.6641
-54.6906
-53.4241
-53.6332
-54.7804
-56.7026
-59.3596
-62.7463
-66.8232
-71.4619
-76.4425
-81.4411
-86.0411
-89.7357
-91.9487
-92.058
-89.4587
-83.6543
-74.39
-61.7761
-46.3251
-28.786
-9.87684
-11.598
-32.862
-48.3043
-55.2142
-53.1708
-43.2246
-27.0618
-6.71275
15.6309
37.9172
58.5861
76.0885
89.9061
100.229
107.378
111.913
114.444
115.529
115.63
115.098
114.181
113.038
111.758
110.379
108.899
107.303
104.697
102.376
105.724
103.096
99.9684
96.4967
92.8546
88.8765
84.4829
79.6323
74.306
68.5017
62.2305
55.5147
48.3866
40.8876
33.0674
24.983
16.698
8.28179
-0.191744
-8.64462
-16.9958
-25.1624
-33.0603
-40.6059
-47.7169
-54.3141
-60.3227
-65.6749
-70.3114
-74.1839
-77.2578
-79.5141
-80.952
-81.5903
-81.4687
-80.6479
-79.2093
-77.2522
-74.8905
-72.2486
-69.4553
-66.6379
-63.9146
-61.3873
-59.1312
-57.1861
-55.5555
-54.2132
-53.116
-55.5776
-56.4751
-58.499
-60.3368
-62.4429
-65.0061
-68.1019
-71.75
-75.912
-80.4698
-85.2185
-89.8538
-93.976
-97.0917
-98.636
-98.0021
-94.6092
-87.9953
-77.9445
-64.5885
-48.4168
-30.1049
-10.317
-10.837
-30.5306
-44.3284
-49.7583
-46.7321
-36.4637
-20.5632
-0.844094
20.7257
42.2465
62.3376
79.7837
93.6875
104.154
111.535
116.351
119.172
120.53
120.869
120.535
119.773
118.747
117.55
116.225
114.783
113.217
111.55
108.249
106.623
110.108
105.413
101.913
98.1869
94.1306
89.6664
84.7509
79.3642
73.5041
67.1817
60.4201
53.2527
45.7219
37.8782
29.7798
21.491
13.0817
4.62593
-3.7986
-12.1118
-20.2319
-28.0771
-35.5663
-42.6202
-49.163
-55.1236
-60.4377
-65.0492
-68.9129
-71.996
-74.2809
-75.7671
-76.4734
-76.4384
-75.7221
-74.4054
-72.5878
-70.3851
-67.9244
-65.3381
-62.7558
-60.295
-58.0506
-56.0818
-54.3995
-52.9523
-51.6042
-50.0562
-52.0191
-50.6103
-59.353
-64.0372
-67.4975
-70.825
-74.3997
-78.3301
-82.6012
-87.1078
-91.6589
-95.9675
-99.6531
-102.242
-103.192
-101.923
-97.8887
-90.669
-80.0836
-66.2744
-49.6893
-30.9203
-10.5855
-9.94779
-27.8133
-39.6866
-43.3678
-39.1553
-28.4666
-12.8472
6.123
26.7017
46.93
66.7234
83.6706
97.3223
107.734
115.2
120.187
123.215
124.783
125.314
125.142
124.508
123.576
122.442
121.154
119.722
118.126
116.32
114.201
111.102
111.501
109.829
106.494
102.678
98.5582
94.0426
89.0825
83.656
77.7597
71.4044
64.6132
57.4197
49.8668
42.0061
33.8966
25.6036
17.1979
8.75471
0.35217
-7.92926
-16.0082
-23.8034
-31.2352
-38.2264
-44.7035
-50.5986
-55.8503
-60.4059
-64.2229
-67.2708
-69.5335
-71.0111
-71.7214
-71.7017
-71.0095
-69.7227
-67.9385
-65.7702
-63.3438
-60.7916
-58.2442
-55.821
-53.6192
-51.7003
-50.0781
-48.7092
-47.4999
-46.3738
-48.2881
-39.6299
-56.1777
-64.2661
-69.2553
-73.4215
-77.5284
-81.7993
-86.2501
-90.7872
-95.2301
-99.307
-102.658
-104.833
-105.322
-103.582
-99.1118
-91.536
-80.7066
-66.7618
-50.092
-31.2012
-10.6724
-8.94799
-24.758
-34.4426
-36.1052
-30.4851
-19.2445
-3.87488
14.3332
34.1173
54.3715
71.9645
87.8083
100.905
111.056
118.455
123.494
126.642
128.355
129.03
128.983
128.451
127.592
126.507
125.246
123.825
122.234
120.445
118.435
115.453
112.734
114.861
110.238
106.374
102.213
97.6696
92.6897
87.2486
81.3411
74.9768
68.1777
60.9768
53.4168
45.5496
37.4345
29.1381
20.7322
12.2935
3.90153
-4.36188
-12.4143
-20.174
-27.561
-34.4989
-40.9154
-46.7445
-51.9272
-56.4136
-60.1637
-63.1494
-65.356
-66.7843
-67.4512
-67.3916
-66.6595
-65.3278
-63.4881
-61.2483
-58.7303
-56.0649
-53.3855
-50.8209
-48.4879
-46.4838
-44.883
-43.7415
-43.1222
-43.1732
-44.2387
-32.1711
-52.1851
-61.6283
-67.518
-72.3522
-76.9729
-81.6264
-86.3332
-91.0007
-95.4532
-99.4308
-102.593
-104.521
-104.738
-102.751
-98.1066
-90.4761
-79.7351
-66.0022
-49.5952
-30.9313
-10.5733
-7.87076
-21.4553
-28.7234
-28.1165
-20.8704
-8.94163
6.17901
23.397
41.6789
60.0346
77.0952
92.0687
104.486
114.208
121.388
126.36
129.535
131.325
132.094
132.137
131.678
130.872
129.819
128.572
127.153
125.556
123.762
121.743
119.493
115.98
114.121
113.195
109.353
105.163
100.618
95.6476
90.2226
84.3353
77.993
71.2155
64.0341
56.4903
48.6348
40.5269
32.2334
23.8272
15.3864
6.99237
-1.2709
-9.31887
-17.0678
-24.4361
-31.3464
-37.7263
-43.5099
-48.6397
-53.0674
-56.7552
-59.677
-61.8198
-63.1848
-63.7882
-63.6625
-62.8571
-61.439
-59.4925
-57.1183
-54.4324
-51.5638
-48.6502
-45.836
-43.269
-41.0988
-39.4784
-38.563
-38.4873
-39.2669
-40.4689
-30.8486
-51.5019
-57.2627
-62.5039
-67.5377
-72.5327
-77.548
-82.5497
-87.4279
-92.004
-96.0266
-99.1744
-101.058
-101.245
-99.287
-94.785
-87.4483
-77.1621
-64.0058
-48.2125
-30.1212
-10.2929
-6.76634
-18.0381
-22.7176
-19.6208
-10.5335
2.25465
17.226
33.4505
50.0006
67.0239
82.8145
96.6463
108.179
117.291
124.099
128.88
131.988
133.783
134.594
134.69
134.277
133.504
132.467
131.222
129.793
128.178
126.361
124.307
121.961
119.143
115.791
115.503
111.586
107.479
102.969
98.0394
92.6653
86.8352
80.5529
73.8349
66.7095
59.2152
51.4004
43.3229
35.0486
26.6504
18.2072
9.80237
1.522
-6.54645
-14.3162
-21.7028
-28.6261
-35.0117
-40.7925
-45.9105
-50.3179
-53.9778
-56.8658
-58.9699
-60.2922
-60.8485
-60.6689
-59.799
-58.2996
-56.2475
-53.7355
-50.8723
-47.7831
-44.6085
-41.5053
-38.6486
-36.2367
-34.5035
-33.7461
-34.3839
-37.1035
-43.2524
-60.6663
-52.5382
-50.8188
-54.4367
-59.2873
-64.4597
-69.7355
-74.9992
-80.113
-84.8898
-89.0838
-92.3912
-94.453
-94.8762
-93.2606
-89.2488
-82.5752
-73.1125
-60.8803
-46.0226
-28.8182
-9.84748
-5.7014
-14.6794
-16.6721
-10.9084
0.226431
14.0835
29.1292
44.7379
60.7066
75.263
89.2093
101.623
112.068
120.399
126.687
131.156
134.101
135.83
136.63
136.74
136.347
135.587
134.552
133.296
131.847
130.208
128.368
126.303
123.984
121.399
117.928
114.635
113.558
109.279
104.807
99.9506
94.6644
88.9318
82.7525
76.1388
69.1143
61.7131
53.9798
45.9684
37.7424
29.3731
20.9389
12.5239
4.21604
-3.89443
-11.7173
-19.1641
-26.1508
-32.5991
-38.4389
-43.6098
-48.0624
-51.7597
-54.6772
-56.804
-58.1424
-58.7083
-58.5305
-57.6517
-56.1277
-54.0286
-51.4389
-48.4588
-45.2055
-41.8146
-38.4416
-35.2647
-32.487
-30.3403
-29.0859
-28.9994
-30.2883
-32.7793
-52.1139
-40.2983
-39.7163
-43.601
-48.4415
-53.6284
-58.9874
-64.3887
-69.6794
-74.6656
-79.1057
-82.7117
-85.1513
-86.0658
-85.0909
-81.8951
-76.2145
-67.8842
-56.8494
-43.1741
-27.1066
-9.26445
-4.76066
-11.5911
-10.8971
-2.3678
10.9617
26.0363
41.2215
55.9621
69.9832
83.6172
96.0144
106.957
116.188
123.598
129.239
133.285
135.976
137.569
138.304
138.39
137.989
137.223
136.175
134.899
133.422
131.751
129.88
127.791
125.46
122.856
119.942
116.29
113.539
110.591
106.209
101.464
96.3021
90.7072
84.675
78.2133
71.34
64.0834
56.4822
48.585
40.4503
32.1458
23.7474
15.3379
7.00583
-1.15701
-9.05723
-16.6024
-23.7036
-30.2777
-36.2495
-41.5544
-46.1395
-49.9652
-53.0056
-55.2492
-56.6983
-57.3689
-57.2894
-56.5009
-55.056
-53.0194
-50.4681
-47.4925
-44.1978
-40.7052
-37.1532
-33.6979
-30.5102
-27.7716
-25.6644
-24.353
-23.9625
-24.5932
-26.7523
-2.7268
-24.526
-31.6851
-36.7013
-41.666
-46.8421
-52.1613
-57.4736
-62.5847
-67.2583
-71.2198
-74.1571
-75.7344
-75.6062
-73.4431
-68.9571
-61.9277
-52.2267
-39.8646
-25.0941
-8.57841
-4.03948
-9.00145
-5.72444
5.58701
21.2149
37.6798
53.2411
67.5047
80.6544
92.4551
103.174
112.587
120.527
126.921
131.816
135.347
137.705
139.096
139.718
139.741
139.305
138.514
137.441
136.135
134.622
132.913
131.004
128.884
126.534
123.928
121.037
117.684
113.927
111.191
107.259
102.66
97.6526
92.2296
86.3846
80.1203
73.4484
66.3904
58.9774
51.2508
43.2622
35.0729
26.7537
18.3839
10.0497
1.84289
-6.14175
-13.8087
-21.0646
-27.8207
-33.9961
-39.5199
-44.3338
-48.3933
-51.6689
-54.1466
-55.8274
-56.7265
-56.8724
-56.3054
-55.0767
-53.2475
-50.8887
-48.0816
-44.9178
-41.5003
-37.9431
-34.3697
-30.9095
-27.6902
-24.8277
-22.4111
-20.4869
-19.0383
-17.838
-15.3946
-21.7741
-23.1944
-26.6458
-30.8195
-35.4497
-40.389
-45.4773
-50.5232
-55.2982
-59.5385
-62.9446
-65.1893
-65.9261
-64.807
-61.5036
-55.7394
-47.3358
-36.2901
-22.8873
-7.82383
-3.63494
-7.13771
-1.49383
12.5135
30.4696
48.4598
64.5883
78.4966
90.6832
101.203
110.409
118.351
124.999
130.343
134.437
137.391
139.356
140.494
140.958
140.886
140.39
139.555
138.443
137.098
135.542
133.789
131.838
129.683
127.309
124.7
121.835
118.698
115.009
111.206
107.967
103.615
98.7777
93.5503
87.9229
81.8927
75.4652
68.6546
61.4839
53.9859
46.2033
38.189
30.0061
21.7274
13.4342
5.2149
-2.83665
-10.624
-18.0508
-25.0239
-31.4562
-37.2702
-42.4004
-46.7956
-50.4201
-53.255
-55.2978
-56.5614
-57.0731
-56.8727
-56.0107
-54.5463
-52.547
-50.0869
-47.2468
-44.1133
-40.7789
-37.3403
-33.8966
-30.5464
-27.3854
-24.5082
-22.0193
-20.0685
-18.9369
-29.2267
-17.1106
-17.7272
-20.1078
-23.2953
-27.0742
-31.3146
-35.8693
-40.5588
-45.1664
-49.4385
-53.0813
-55.7663
-57.1347
-56.8127
-54.4368
-49.6985
-42.4101
-32.593
-20.5696
-7.02943
-3.62157
-6.18163
1.49614
17.9938
38.219
57.8401
74.7889
88.687
100.098
109.494
117.384
124
129.441
133.77
137.064
139.423
140.965
141.815
142.091
141.896
141.318
140.422
139.26
137.865
136.261
134.459
132.463
130.268
127.866
125.246
122.39
119.281
115.895
112.085
108.156
104.315
99.7232
94.7021
89.308
83.5339
77.3793
70.8515
63.9656
56.7452
49.2235
41.4436
33.4589
25.3332
17.1398
8.96113
0.886441
-6.9898
-14.5711
-21.7618
-28.4705
-34.6134
-40.1178
-44.9241
-48.9893
-52.2867
-54.8078
-56.5607
-57.5693
-57.8711
-57.5154
-56.5604
-55.0713
-53.1182
-50.7747
-48.1165
-45.2212
-42.1669
-39.0323
-35.8952
-32.8333
-29.9232
-27.2406
-24.8586
-22.8427
-21.149
-5.51835
-16.1811
-18.488
-20.6623
-23.3644
-26.6155
-30.3057
-34.2769
-38.3293
-42.2223
-45.6701
-48.3446
-49.8811
-49.8964
-48.0214
-43.9575
-37.5476
-28.8518
-18.2006
-6.21867
-4.01971
-6.20772
3.04111
21.6452
43.8995
65.1102
83.0696
97.4847
108.213
116.788
123.663
129.196
133.605
137.034
139.594
141.388
142.515
143.072
143.146
142.813
142.136
141.167
139.943
138.493
136.835
134.982
132.937
130.701
128.268
125.631
122.779
119.697
116.373
112.762
108.814
104.699
100.462
95.698
90.5363
85.0207
79.1466
72.9155
66.3354
59.4216
52.1983
44.6981
36.9644
29.0502
21.0194
12.9452
4.91008
-2.99738
-10.6835
-18.0537
-25.0146
-31.4786
-37.3665
-42.6119
-47.1627
-50.984
-54.0583
-56.3865
-57.986
-58.8901
-59.144
-58.804
-57.9326
-56.5977
-54.8685
-52.815
-50.5056
-48.0072
-45.3843
-42.7
-40.015
-37.3867
-34.8665
-32.493
-30.2791
-28.1728
-32.4768
-23.8958
-22.7311
-23.252
-24.6631
-26.7068
-29.2434
-32.1321
-35.1972
-38.221
-40.9394
-43.0442
-44.1918
-44.0255
-42.2134
-38.5037
-32.7868
-25.1407
-15.8505
-5.41957
-4.72637
-7.02774
3.24907
23.3935
47.2214
69.7594
88.6785
103.127
114.226
122.506
128.766
133.541
137.177
139.898
141.858
143.174
143.937
144.227
144.109
143.637
142.859
141.809
140.518
139.008
137.295
135.389
133.297
131.02
128.556
125.902
123.048
119.985
116.701
113.183
109.384
105.318
101.021
96.4979
91.584
86.3084
80.698
74.7502
68.4679
61.8598
54.942
47.7385
40.2828
32.6179
24.7974
16.8846
8.95277
1.0828
-6.63779
-14.1183
-21.267
-27.9954
-34.2211
-39.8723
-44.8894
-49.2293
-52.8653
-55.789
-58.0096
-59.5525
-60.4569
-60.7738
-60.5622
-59.8863
-58.8124
-57.4063
-55.7316
-53.8486
-51.8134
-49.6787
-47.4925
-45.2978
-43.1299
-41.0126
-38.9561
-36.9689
-35.1031
-29.0666
-29.7347
-29.3915
-29.7027
-30.5132
-31.7463
-33.3017
-35.0423
-36.791
-38.3287
-39.3984
-39.7141
-38.9843
-36.9456
-33.4059
-28.2858
-21.6371
-13.6488
-4.67737
-5.43183
-8.02325
2.74704
23.6958
48.4005
71.6901
90.836
106.505
117.945
126.248
132.274
136.655
139.831
142.095
143.647
144.622
145.116
145.198
144.923
144.333
143.462
142.337
140.982
139.414
137.648
135.693
133.558
131.245
128.755
126.084
123.229
120.179
116.927
113.459
109.762
105.811
101.597
97.1275
92.3963
87.3379
81.9491
76.2425
70.2168
63.8773
57.2334
50.3038
43.1132
35.6974
28.0997
20.3758
12.5885
4.81153
-2.87631
-10.3889
-17.6403
-24.5426
-31.0148
-36.9812
-42.3793
-47.1581
-51.2844
-54.74
-57.5262
-59.6584
-61.1687
-62.0998
-62.5058
-62.4447
-61.9794
-61.171
-60.0802
-58.7623
-57.2689
-55.6458
-53.9346
-52.1686
-50.3737
-48.5615
-46.7247
-44.8245
-42.7618
-41.1062
-37.1448
-36.7701
-36.2392
-35.9589
-35.9568
-36.1745
-36.5178
-36.8643
-37.0598
-36.9235
-36.2522
-34.838
-32.4892
-29.0574
-24.4575
-18.6796
-11.8028
-4.05771
-5.56803
-8.04421
2.789
23.6612
48.4119
72.1254
92.3674
107.683
119.346
127.868
133.972
138.296
141.325
143.403
144.764
145.565
145.91
145.871
145.497
144.827
143.889
142.708
141.302
139.689
137.881
135.89
133.722
131.382
128.873
126.192
123.335
120.296
117.065
113.633
109.987
106.112
101.991
97.612
92.9623
88.0354
82.8092
77.2734
71.4315
65.2861
58.845
52.1213
45.1367
37.9198
30.5097
22.9535
15.3089
7.64109
0.0240321
-7.46411
-14.7403
-21.7224
-28.3295
-34.4881
-40.1324
-45.2099
-49.6808
-53.5225
-56.7272
-59.3045
-61.2774
-62.6826
-63.5659
-63.9809
-63.9839
-63.6333
-62.9846
-62.0908
-60.9992
-59.7529
-58.3885
-56.9367
-55.4201
-53.8507
-52.2267
-50.5345
-48.7593
-46.9307
-45.3624
-43.2263
-41.8494
-40.7731
-39.8728
-39.0799
-38.3301
-37.5506
-36.6523
-35.5273
-34.0503
-32.0816
-29.4791
-26.1086
-21.861
-16.6668
-10.5343
-3.62644
-4.66986
-6.15888
4.38811
24.2249
47.9799
71.1208
91.0639
106.89
118.922
127.763
134.104
138.575
141.674
143.77
145.117
145.889
146.199
146.126
145.719
145.02
144.055
142.849
141.421
139.787
137.96
135.952
133.77
131.419
128.902
126.217
123.36
120.326
117.107
113.692
110.068
106.222
102.14
97.8072
93.2107
88.3372
83.176
77.7182
71.9616
65.9072
59.5624
52.9389
46.057
38.9429
31.6333
24.1721
16.6141
9.02067
1.46236
-5.9865
-13.2459
-20.2368
-26.8803
-33.1046
-38.8439
-44.0456
-48.6677
-52.6855
-56.0876
-58.8798
-61.0803
-62.7217
-63.845
-64.5002
-64.7395
-64.6185
-64.1899
-63.5047
-62.608
-61.5415
-60.3401
-59.0332
-57.6429
-56.1829
-54.6563
-53.0602
-51.3937
-49.6772
-47.9685
-46.138
-44.5629
-43.1823
-41.907
-40.6749
-39.4357
-38.1405
-36.7332
-35.1431
-33.2816
-31.0389
-28.2898
-24.9015
-20.7542
-15.7647
-9.93297
-3.41376
)
;

boundaryField
{
    Adiabatic_walls
    {
        type            calculated;
        value           nonuniform List<scalar> 
200
(
-4.66986
-6.15888
4.38811
24.2249
47.9799
71.1208
91.0639
106.89
118.922
127.763
134.104
138.575
141.674
143.77
145.117
145.889
146.199
146.126
145.719
145.02
144.055
142.849
141.421
139.787
137.96
135.952
133.77
131.419
128.902
126.217
123.36
120.326
117.107
113.692
110.068
106.222
102.14
97.8072
93.2107
88.3372
83.176
77.7182
71.9616
65.9072
59.5624
52.9389
46.057
38.9429
31.6333
24.1721
16.6141
9.02067
1.46236
-5.9865
-13.2459
-20.2368
-26.8803
-33.1046
-38.8439
-44.0456
-48.6677
-52.6855
-56.0876
-58.8798
-61.0803
-62.7217
-63.845
-64.5002
-64.7395
-64.6185
-64.1899
-63.5047
-62.608
-61.5415
-60.3401
-59.0332
-57.6429
-56.1829
-54.6563
-53.0602
-51.3937
-49.6772
-47.9685
-46.138
-44.5629
-43.1823
-41.907
-40.6749
-39.4357
-38.1405
-36.7332
-35.1431
-33.2816
-31.0389
-28.2898
-24.9015
-20.7542
-15.7647
-9.93297
-3.41376
3.26964
9.75782
15.9482
21.4919
26.4017
30.808
34.8684
38.7107
42.4151
46.0214
49.5472
53.0023
56.399
59.756
63.0988
66.4548
69.8433
73.2292
76.2282
79.2367
82.2262
85.1529
87.9943
90.7455
93.4069
95.9728
98.4288
100.749
102.898
104.833
106.505
107.857
108.834
109.375
109.425
108.931
107.848
106.141
103.789
100.786
97.1438
92.8907
88.0735
82.7547
77.0098
70.9238
64.5872
58.0911
51.523
44.9625
38.4778
32.1235
25.9389
19.948
14.1593
8.56803
3.15737
-2.09881
-7.23328
-12.2825
-17.2839
-22.2727
-27.2868
-32.3639
-37.538
-42.8368
-48.2812
-53.8847
-59.6544
-65.5902
-71.686
-77.9301
-84.3055
-90.7906
-97.3599
-103.984
-110.633
-117.271
-123.863
-130.373
-136.761
-142.986
-149.003
-154.757
-160.178
-165.175
-169.616
-173.317
-176.022
-177.386
-176.976
-174.295
-168.833
-160.083
-147.031
-130.082
-109.307
-84.403
-54.5465
-19.3175
)
;
    }
    Left
    {
        type            calculated;
        value           uniform -9.3517e-08;
    }
    Right
    {
        type            calculated;
        value           uniform -2.60055e-08;
    }
    frontAndBack
    {
        type            empty;
    }
}

