 -0.0015149820520488175169    -0.10161283861869005452    -0.27968624107800837963    0.055521211590705131511     0.60859980478775610457    0.026286050939454321668    0.044877707625245497058   -0.069995197869198708118     0.18306421727407420907    0.053714880388552627144    0.042767606517658839083     0.05756997943416407304    -0.01662744410393013697   -0.037135079720418788518     0.11179574635134711946   -0.022868255627064366237    0.079343093667791103618   0.0090219577337767691005
  -0.013885381802883334929    0.019712633815919079067    -0.18552317981819924086    0.013410177669192793748     0.36330628296662270671    0.019287354102385731447    0.025775930364893687163    -0.16316598312235855439     0.31741339850619332275    0.051037492608192423782   -0.030861962864782894328     0.10755429590346449187    0.019725716737349876378   -0.038165577009325178659     0.10030658873040219914    -0.06651237652199740169    -0.13086447705815959508   -0.056543295536714756333
   0.005452967388382135884    0.071716965733151463724    0.077202001237152095836 -0.00045160476715424419103    -0.31321457511406602947   -0.061268463174693685303    -0.12645584394941414286   -0.029978274959746961659     0.25091319367096187598   -0.039175538202979094671    -0.49090920401472321055     0.20028604854872789076     0.54337983965697889133     0.18120985149462481845    0.037223204355960097522   -0.083182382812875779732     -0.4050745132315494712    0.053961138013431268756
  0.0010010262717861054694   -0.084351392244490702721   -0.038933033940328903855  -0.0052770135842177883986   -0.088574878433004544664   -0.026635055811847462015     0.19370366802880831236     -0.1442592196380419467    -0.18407028813692619118    0.071336251101446701561     -0.2286300670410984226      0.2612989601328709055     0.12721497295265624117    -0.03980214474482784287     0.16706660416161037142     0.11052950481551401807    -0.13139476084840598369    0.055494018195066947829
   0.018298655019817783307    -0.22136835640002341941      0.1456976373452028295   -0.014280996590135206989    -0.11165940428939830076    0.013459071154009428009    0.021673336748417877662    -0.14097959133398427212   -0.095638144576100855843      0.1293889143746941861    -0.13865417575930774619    0.094007578893759699556      0.2175627276169527502    -0.19042244497698687655   -0.048624250410709571324    0.025620243531357070332   -0.036832602975477080065    0.023952710264042775812
   0.013871000111425961857  -0.0056071965289672042951   -0.012978830346936772941  -0.0031936931614045907003   -0.033700210334326408113   -0.040591387342529913762   -0.016879409106996305645   -0.043349115391182781176   -0.016151161180764594949    -0.08429389813390192332    0.036908896075106237267    0.043280275730989574423    0.036910572706440110402   0.0010853720430995656126   -0.024535345541432902056   0.0010644026081615247121    0.061804075186233438377    0.022266624598226984061
  0.0068961337212393334847     0.11849623511917092844     0.34570244701240204765    0.072754472153029575709     -1.0086282801029269329    -0.04538018975980988301   -0.061668610145431998482     0.15220032381399864474    -0.38840995561458069307   -0.091768485667050356258   -0.048331720334398226013    -0.10957687898778556423    0.015097233498628469944    0.060751502642126392617    -0.19417245319396855829    0.058630005565881902763   -0.048511667167628252928    0.018325032081986238758
  -0.097981360754221591414    -0.45472031757901620885    -0.49694683417406060322     -0.1362305139154168232     0.72618362262131264107   -0.063512191496119141387     0.32515392300204737364     -0.3010828372584694046    -0.07764939524072023147     0.26748778492185254496    -0.39773902564377178193     0.32048153229742165626     -0.2310777023752010606    -0.10882562292076249089     0.25444558189977611873    0.013731818452670820768    0.028707339860610671389    -0.21357327454925967292
   -0.28405906466859065507    -0.35956214862880242489     0.53721770771521448751   -0.071607647423632236894     0.36370171580818516643     0.01715208529106891297     0.55773725112988803421   -0.025309091339343097599    -0.42374225060153619671     0.51780073744384358392    -0.21361302979914184585     0.23387489380611417578     -0.1553106920277207148   -0.028232324762430295595    -0.03964280547600296245     0.12268451585224462996     0.10102504500210562899   0.0061717627628897313297
     0.1428252599451471927     0.43037417986454312713     0.32045759273278784374    0.063258656054819450976    0.036616883770640741569   -0.065326039183828871204    -0.37853745656173265477     -0.2968152778289971927    -0.18059142750650644671    0.098782040745617416544     0.12644064935065937871    -0.21444055726937960582    0.014467080616522047173    0.097648402517778426501    0.046826716793932174343     0.22592251068338622955    -0.10121943105560564369    0.054015958870159738736
    0.10874357651383155521     0.32617223226335989583    -0.26195303212764509126  -0.0051501417966938970588     0.37989767689955422636   -0.080009113825797908981    -0.26154285667720311714    -0.13295657897385618207     0.30442516606929526102     0.16672103142481262128    -0.42538720033324944891     0.36514503875214771034   -0.027588362105890537612     0.20047038247493476071    0.021924046686458548844     0.27850155491840533628   -0.011698060075996816187     0.18389755907454449768
   -0.15835248735649826157    -0.17441845456736432274     0.24345228315664751984     0.24029440698248732966    0.099583677553814961558   -0.013257710417313764081     0.25150817109802958704     0.31441322588444542419     0.10122611582776960826     0.11438610693835238319      0.2778136681302137978   -0.082165448026050594277    -0.11451267294875407121   -0.094202996778190453697     -0.1110235779986635668    -0.14827587571530717603    -0.12048306329868126163   -0.074678204253148083858
    0.18486408508925170069     0.26975324504294639905     0.40538914939787307201     0.13891963215156541422    -0.12590977616579132614    0.043817041238728177133    -0.32887139776115020817     0.57035398091406697141     0.14127735883866127109    -0.19886293031377047513    -0.10114288827083250943  -0.0027089856025831098377     0.14134776667759563207      0.1616168022188595732   -0.047476734433426426296     0.15982045404723879689    0.073657586444172612472    0.032754988446843720518
   -0.14541978821231019148    -0.21203738057837023812    0.072705795450533017288   -0.049549657919435413644   -0.045176715974981705715   -0.054986649712710999882     0.21053742661461671837     0.22560743366007629529    -0.12567091529061194533     0.42066495815309712381    0.028215391961866620463     0.12250797041004184151    -0.12592684688961622297   -0.013406093965641421861     0.19867025590768611076    -0.03025541265316877837     0.13439080668933406359    -0.11182175653618578459
  -0.093715553359054709626   -0.060131501693777435202    -0.19162304218966702551    0.016027340058769896231   -0.052112413270621625594    -0.10072313101106682154     0.15425241025435401654    -0.17246523172476027619     0.12664803531837068307     0.26083621031532433499   -0.037580436624058431716   -0.092920963066621203863     -0.1539850810098647993    0.047275025522125674327   -0.081903056239962690466   -0.047030970856493610477    0.085828443536709264627    -0.11095699434154936147
  -0.046995763807342418039     -0.1974088606370534571    -0.39479040273053378485    0.086930811604882793353   -0.080485430788680881187    0.010222721129794972231     0.12182622783178533032   -0.012035812201462926102     0.27974771000254095021    -0.31312177337562752122  -0.0070298805291425679395   0.0063852060329348588746    0.031384638287837142434    0.070728076899283398582     0.10248154429720228442    0.080808924950476854199    0.046100696433282621622    -0.12665194047237537944
   0.067125554943552948051    0.080206456260954100967     0.12223849026571266541    0.021242737411106729639      0.1413087230139820627     0.20689635196151703878    -0.13991841777252159162    0.056900274173103462805    0.023065186271950154778     0.13558808518200896054     0.17442523245235291851    -0.15192993988416025886     0.12589453290579363798     0.20755762988542891812    0.017867723941570736595    -0.12455449327334976173     0.25813230896471306419   -0.021732235537392150665
  -0.038574015453486897032    -0.40199972585850463069    -0.14369906203455054539     0.11708666581278051599    -0.33253032743209420818 -0.00030430084799467645553     0.19880152194246247799     0.72477445075643254224     0.10252666370645824312    -0.36043726382618573867    -0.21361395218792103567    0.061739144634237151654   -0.093764545000476096082   -0.093289835184488856257    -0.11765801449594075201   -0.063322776420461121538    0.020518169658498452979    0.060158525782012584049
