/*--------------------------------*- C++ -*----------------------------------*\
  =========                 |
  \\      /  F ield         | OpenFOAM: The Open Source CFD Toolbox
   \\    /   O peration     | Website:  https://openfoam.org
    \\  /    A nd           | Version:  6
     \\/     M anipulation  |
\*---------------------------------------------------------------------------*/
FoamFile
{
    version     2.0;
    format      ascii;
    class       volScalarField;
    location    "0";
    object      T;
}
// * * * * * * * * * * * * * * * * * * * * * * * * * * * * * * * * * * * * * //

dimensions      [0 0 0 1 0 0 0];

internalField   nonuniform List<scalar> 
10000
(
3.95668
11.7207
18.8342
24.8551
29.6944
33.4407
36.2599
38.3207
39.763
40.6941
41.1979
41.3448
41.1996
40.824
40.278
39.6175
38.8949
38.1561
37.4417
36.7843
36.2104
35.7397
35.3872
35.1624
35.0715
35.1168
35.298
35.6121
36.0541
36.6169
37.2922
38.0698
38.9386
39.8865
40.9002
41.966
43.0695
44.1957
45.3296
46.4557
47.5585
48.6228
49.6331
50.5744
51.432
52.1917
52.8395
53.3622
53.7471
53.9824
54.0568
53.96
53.6824
53.2155
52.5516
51.684
50.6069
49.3156
47.8063
46.0762
44.1234
41.947
39.5469
36.9241
34.08
31.0174
27.7392
24.2495
20.553
16.655
12.5617
8.27985
3.81702
-0.818325
-5.61691
-10.5683
-15.6607
-20.8811
-26.2142
-31.6426
-37.1455
-42.6984
-48.2713
-53.8273
-59.3199
-64.69
-69.861
-74.7324
-79.1718
-83.0036
-85.9964
-87.8488
-88.1779
-86.5162
-82.3269
-75.0495
-64.2076
-49.5906
-31.4839
-10.8407
4.10761
12.0858
19.2784
25.3224
30.1606
33.9035
36.7237
38.7903
40.2382
41.172
41.6726
41.8109
41.6511
41.2574
40.6896
40.0064
39.2597
38.4977
37.7612
37.0846
36.4932
36.0077
35.6416
35.4055
35.3046
35.3417
35.5157
35.8242
36.2614
36.8207
37.4931
38.2687
39.1361
40.083
41.0961
42.1614
43.2644
44.3902
45.5234
46.6486
47.7504
48.813
49.8215
50.7605
51.6156
52.3721
53.0166
53.5354
53.9164
54.1471
54.2171
54.1153
53.8329
53.3607
52.6917
51.8186
50.7363
49.4395
47.925
46.1894
44.2314
42.0496
39.6444
37.0162
34.1673
31.0994
27.8163
24.3215
20.6201
16.7169
12.6186
8.33128
3.86295
-0.778479
-5.58349
-10.5422
-15.6428
-20.8728
-26.2172
-31.6591
-37.1785
-42.7518
-48.3502
-53.9382
-59.4715
-64.8936
-70.1312
-75.0881
-79.6364
-83.6056
-86.768
-88.8229
-89.3813
-87.9584
-83.9837
-76.8359
-65.9661
-51.0985
-32.5055
-11.2104
4.20203
12.3403
19.6755
25.8535
30.8221
34.6894
37.626
39.7947
41.329
42.3295
42.8785
43.0455
42.8984
42.5011
41.9178
41.2072
40.4252
39.6201
38.8372
38.1137
37.4775
36.9478
36.5402
36.2638
36.1251
36.1261
36.2667
36.5436
36.9517
37.4837
38.131
38.8831
39.7286
40.655
41.6487
42.6957
43.781
44.8896
46.0059
47.1144
48.1993
49.2452
50.2365
51.1584
51.9958
52.7349
53.3612
53.8624
54.2251
54.4383
54.4901
54.3711
54.0711
53.5824
52.8966
52.0079
50.9099
49.5986
48.0695
46.3206
44.3494
42.1557
39.7386
37.0998
34.2401
31.1627
27.8701
24.3668
20.6568
16.7459
12.6395
8.34458
3.86815
-0.781361
-5.5954
-10.5637
-15.6756
-20.9184
-26.2783
-31.7388
-37.2811
-42.8826
-48.5161
-54.148
-59.7363
-65.2271
-70.5505
-75.6141
-80.2938
-84.4225
-87.7738
-90.0442
-90.8334
-89.6331
-85.8239
-78.7272
-67.7334
-52.5324
-33.4234
-11.522
4.32582
12.7122
20.2923
26.7114
31.9134
36.0031
39.1441
41.4949
43.1836
44.3094
44.9526
45.1844
45.0731
44.6861
44.0891
43.3451
42.5118
41.6415
40.7798
39.9714
39.2499
38.6363
38.146
37.7896
37.5735
37.5005
37.5706
37.7808
38.1261
38.5994
39.1917
39.8927
40.6907
41.5727
42.5252
43.5335
44.5826
45.6569
46.7406
47.8178
48.8725
49.889
50.8517
51.7452
52.5548
53.2661
53.8654
54.3393
54.6755
54.8622
54.8883
54.7437
54.4191
53.9061
53.1972
52.2858
51.1663
49.8341
48.2855
46.5177
44.529
42.3183
39.8856
37.2318
34.3584
31.2678
27.9632
24.4483
20.7276
16.8063
12.69
8.3853
3.89917
-0.760525
-5.58519
-10.5653
-15.6903
-20.9482
-26.3258
-31.8075
-37.3754
-43.0079
-48.6791
-54.357
-60.0012
-65.5598
-70.9648
-76.1256
-80.9199
-85.1809
-88.6805
-91.1085
-92.0511
-90.9743
-87.2208
-80.0766
-68.9061
-53.4056
-33.9288
-11.6737
4.49313
13.2186
21.1383
27.8911
33.4152
37.8092
41.2302
43.8312
45.7355
47.0401
47.8237
48.1583
48.1132
47.7583
47.1618
46.3901
45.504
44.5592
43.604
42.6829
41.842
41.1078
40.4969
40.0214
39.6885
39.5024
39.4635
39.5697
39.8161
40.1959
40.7004
41.3192
42.0404
42.851
43.7369
44.6833
45.6747
46.695
47.7282
48.7577
49.7673
50.7408
51.6623
52.5161
53.2874
53.9614
54.5244
54.9628
55.2644
55.4172
55.4105
55.2337
54.8781
54.3349
53.597
52.6576
51.5115
50.1538
48.5811
46.7903
44.78
42.5489
40.0973
37.4256
34.5356
31.4295
28.1105
24.582
20.8488
16.9155
12.788
8.47218
3.97518
-0.695643
-5.53185
-10.5245
-15.6632
-20.9369
-26.3326
-31.8356
-37.4285
-43.0909
-48.7976
-54.5176
-60.2113
-65.8276
-71.299
-76.535
-81.4126
-85.7626
-89.3527
-91.8646
-92.8709
-91.8155
-88.0227
-80.7655
-69.412
-53.6929
-34.0271
-11.6758
4.69806
13.8374
22.1704
29.3275
35.2402
39.9995
43.7569
46.6594
48.8271
50.3539
51.3182
51.7915
51.8448
51.5494
50.9765
50.1948
49.2688
48.2569
47.2108
46.1745
45.198
44.3209
43.5638
42.9405
42.4607
42.1298
41.9497
41.9192
42.0344
42.2892
42.6751
43.1819
43.7979
44.5099
45.3038
46.1642
47.0755
48.0211
48.9844
49.9487
50.8969
51.8126
52.6792
53.481
54.2024
54.8287
55.3456
55.7398
55.9984
56.1098
56.0627
55.8472
55.454
54.8748
54.102
53.1295
51.9516
50.5637
48.9623
47.1446
45.1088
42.854
40.38
37.6876
34.7782
31.6542
28.3184
24.7746
21.027
17.0804
12.9403
8.61252
4.10378
-0.578647
-5.42684
-10.432
-15.5844
-20.8733
-26.2862
-31.8089
-37.4249
-43.114
-48.8516
-54.6071
-60.3412
-66.0023
-71.5225
-76.8095
-81.7378
-86.1344
-89.7607
-92.2903
-93.2837
-92.1712
-88.2745
-80.871
-69.3537
-53.504
-33.8067
-11.5656
4.9291
14.5334
23.3287
30.9366
37.2805
42.4445
46.5739
49.8116
52.2744
54.0544
55.2291
55.8704
56.0502
55.8417
55.3179
54.5502
53.6056
52.5457
51.4247
50.2895
49.1837
48.161
47.2493
46.4658
45.8229
45.3283
44.9859
44.7964
44.757
44.8625
45.1054
45.476
45.9628
46.5528
47.2319
47.9846
48.7949
49.6461
50.521
51.4025
52.2731
53.1158
53.9137
54.6504
55.3101
55.8776
56.3383
56.6786
56.8856
56.9473
56.8524
56.5909
56.1535
55.5318
54.7184
53.7069
52.492
51.0689
49.4342
47.5851
45.5198
43.2374
40.7377
38.0214
35.0898
31.9452
28.5903
25.029
21.2652
17.3037
13.1497
8.80894
4.28782
-0.406689
-5.26693
-10.2845
-15.45
-20.7531
-26.1817
-31.7222
-37.3583
-43.0702
-48.8337
-54.6178
-60.383
-66.0769
-71.6295
-76.9463
-81.8978
-86.3057
-89.925
-92.4206
-93.3438
-92.1225
-88.0835
-80.5222
-68.8706
-52.9686
-33.363
-11.3805
5.17528
15.2737
24.5583
32.6415
39.4384
45.0264
49.5459
53.1359
55.9109
57.9615
59.3649
60.1935
60.5203
60.4198
59.9674
59.2364
58.2965
57.2114
56.038
54.8258
53.6156
52.4615
51.4034
50.4632
49.6564
48.9937
48.4817
48.123
47.9168
47.8594
47.9442
48.1625
48.5035
48.9545
49.5017
50.1296
50.8222
51.5625
52.3332
53.1166
53.895
54.6509
55.367
56.0265
56.613
57.111
57.5057
57.7829
57.9296
57.9334
57.7832
57.4686
56.9803
56.3098
55.4498
54.3938
53.1365
51.6733
50.0005
48.1156
46.0167
43.7028
41.1738
38.4302
35.4735
32.3056
28.9293
25.3481
21.5661
17.588
13.4187
9.06389
4.5296
-0.177447
-5.04987
-10.0796
-15.2576
-20.5738
-26.0167
-31.5729
-37.2263
-42.9575
-48.742
-54.5488
-60.3374
-66.0539
-71.6262
-76.9563
-81.9101
-86.3035
-89.8842
-92.3098
-93.1252
-91.7634
-87.5626
-79.8453
-68.0905
-52.2004
-32.7763
-11.1505
5.4281
16.0326
25.8162
34.3825
41.6385
47.6556
52.5695
56.5163
59.6084
61.9356
63.5749
64.5996
65.0838
65.104
64.7375
64.06
63.1433
62.0533
60.8494
59.583
58.2965
57.0356
55.8512
54.7701
53.8114
52.9892
52.3128
51.7872
51.4138
51.1907
51.1128
51.1724
51.3598
51.6629
52.0682
52.5608
53.1246
53.7427
54.3977
55.0716
55.7466
56.4047
57.0284
57.6004
58.104
58.5233
58.843
59.0489
59.1274
59.0662
58.8538
58.4795
57.9341
57.2091
56.2969
55.1913
53.8866
52.3785
50.6633
48.7383
46.6018
44.2528
41.691
38.917
35.9322
32.7384
29.3383
25.7351
21.9329
17.9363
13.7503
9.38016
4.83179
0.111621
-4.77327
-9.81508
-15.0052
-20.3338
-25.7897
-31.3597
-37.0282
-42.7757
-48.5777
-54.4025
-60.2085
-65.9404
-71.5231
-76.8549
-81.7966
-86.1577
-89.6789
-92.011
-92.6975
-91.1788
-86.8095
-78.9453
-67.1169
-51.2884
-32.1076
-10.8971
5.6816
16.7921
27.073
36.119
43.83
50.2717
55.5757
59.8751
63.2805
65.8811
67.7543
68.9742
69.6169
69.7608
69.4858
68.8699
67.9872
66.9062
65.6882
64.3866
63.0463
61.7064
60.4203
59.2208
58.1305
57.1663
56.3403
55.6602
55.1294
54.7479
54.5123
54.4163
54.4511
54.6057
54.8672
55.2211
55.6517
56.1424
56.6756
57.2335
57.7982
58.3514
58.8754
59.3526
59.7661
60.0997
60.3378
60.4658
60.47
60.3377
60.0572
59.618
59.0104
58.2259
57.2569
56.0971
54.7409
53.1838
51.4223
49.4536
47.276
44.8885
42.2908
39.4836
36.4679
33.2458
29.8196
26.1925
22.3682
18.3515
14.1472
9.76045
5.19697
0.462923
-4.43489
-9.48898
-14.691
-20.0315
-25.4996
-31.0825
-36.7644
-42.5262
-48.3429
-54.1824
-60.002
-65.7442
-71.3314
-76.6575
-81.578
-85.8961
-89.3454
-91.5703
-92.1187
-90.4376
-85.9017
-77.9038
-66.0281
-50.2986
-31.4004
-10.6354
5.9319
17.5412
28.3104
37.8266
45.9829
52.8396
58.524
63.1664
66.8754
69.7399
71.8375
73.2441
74.0379
74.3001
74.1131
73.5581
72.712
71.6456
70.4226
69.0982
67.7189
66.323
64.9592
63.6652
62.4664
61.3823
60.4275
59.6117
58.9407
58.4159
58.0357
57.795
57.6864
57.6996
57.8226
58.0415
58.3412
58.7052
59.1164
59.5572
60.0094
60.455
60.876
61.2548
61.5742
61.8179
61.9701
62.016
61.9416
61.7341
61.3816
60.8734
60.1998
59.3522
58.3229
57.1055
55.6945
54.0854
52.2745
50.2592
48.0377
45.609
42.9729
40.1299
37.0811
33.8285
30.3744
26.7217
22.8739
18.8354
14.6113
10.2067
5.62702
0.878226
-4.03317
-9.09997
-14.3141
-19.6665
-25.1465
-30.7414
-36.436
-42.2107
-48.0406
-53.8928
-59.7235
-65.4732
-71.0612
-76.3774
-81.2719
-85.5414
-88.913
-91.0264
-91.4345
-89.5925
-84.8975
-76.781
-64.8812
-49.2777
-30.685
-10.3751
6.17684
18.2732
29.5187
39.4926
48.0819
55.3414
61.394
66.3664
70.3655
73.4795
75.7871
77.366
78.297
78.6647
78.5552
78.0528
77.2378
76.184
74.9573
73.6153
72.2064
70.769
69.3463
67.9786
66.6935
65.5124
64.4516
63.5226
62.7325
62.0846
61.5783
61.2099
60.9729
60.858
60.854
60.9478
61.1246
61.3686
61.6631
61.9904
62.3329
62.6725
62.9913
63.2718
63.4967
63.6495
63.7144
63.6764
63.5216
63.2369
62.8103
62.231
61.4892
60.5762
59.4845
58.2074
56.7394
55.0761
53.2138
51.1499
48.8826
46.4108
43.7344
40.8539
37.7703
34.4856
31.0019
27.3222
23.4498
19.3885
15.1434
10.7197
6.12277
1.35828
-3.56748
-8.64761
-13.8743
-19.2388
-24.7308
-30.3378
-36.0446
-41.8317
-47.674
-53.5379
-59.3784
-65.134
-70.7211
-76.0255
-80.8919
-85.1109
-88.4032
-90.407
-90.6781
-88.6818
-83.8387
-75.6198
-63.7156
-48.2571
-29.9804
-10.1223
6.41519
18.9853
30.6932
41.1115
50.1207
57.7698
64.1767
69.4643
73.7375
77.0838
79.583
81.3153
82.3649
82.8203
82.7716
82.3076
81.5122
80.4625
79.2274
77.8666
76.4304
74.9586
73.4902
72.0653
70.7129
69.4556
68.3109
67.2913
66.4051
65.6564
65.0457
64.5701
64.2238
63.9986
63.8837
63.8668
63.9336
64.0689
64.2562
64.4784
64.7181
64.9575
65.1788
65.3646
65.4978
65.5618
65.5409
65.4201
65.1854
64.8236
64.3229
63.6722
62.8618
61.883
60.728
59.3905
57.8648
56.1464
54.2317
52.1182
49.804
47.2882
44.5705
41.6514
38.5319
35.214
31.6998
27.9921
24.0941
20.0094
15.7425
11.2989
6.68371
1.90266
-3.03828
-8.13246
-13.3724
-18.7496
-24.2539
-29.8732
-35.5923
-41.3919
-47.2464
-53.1217
-58.9714
-64.7324
-70.3181
-75.6102
-80.4484
-84.6171
-87.831
-89.731
-89.8725
-87.7321
-82.7542
-74.4491
-62.5577
-47.2571
-29.2986
-9.88002
6.6465
19.6759
31.8323
42.6814
52.0973
60.1224
66.869
72.4557
76.9851
80.5442
83.2142
85.0781
86.2243
86.7458
86.7377
86.2935
85.5017
84.4431
83.1899
81.8044
80.3386
78.834
77.3271
75.8564
74.4515
73.1357
71.9269
70.8382
69.8781
69.0513
68.3587
67.7979
67.3637
67.0483
66.8415
66.7314
66.7043
66.7454
66.8388
66.9677
67.115
67.2632
67.3949
67.4929
67.5402
67.5204
67.4179
67.2178
66.906
66.4697
65.8968
65.1763
64.2986
63.2549
62.0377
60.6403
59.0573
57.2842
55.3174
53.1544
50.7934
48.2334
45.4742
42.5162
39.3606
36.0091
32.4639
28.7277
24.8036
20.6952
16.4063
11.9421
7.30809
2.50974
-2.44713
-7.55611
-12.81
-18.2005
-23.7178
-29.3499
-35.0818
-40.8942
-46.7611
-52.6478
-58.507
-64.2733
-69.8576
-75.1379
-79.9487
-84.0693
-87.2093
-89.0123
-89.0335
-86.7607
-81.6627
-73.2876
-61.4238
-46.2894
-28.6456
-9.64999
6.87048
20.3448
32.9355
44.2021
54.0114
62.3986
69.4696
75.3385
80.105
83.8559
86.674
88.6459
89.8645
90.4282
90.438
89.9927
89.1857
88.1025
86.8185
85.399
83.8979
82.3586
80.8159
79.3066
77.8603
76.5003
75.2444
74.1055
73.0921
72.2086
71.456
70.832
70.3314
69.9468
69.6682
69.484
69.3811
69.3448
69.3597
69.4094
69.4771
69.5458
69.5984
69.6178
69.5875
69.4913
69.3136
69.0398
68.6561
68.1496
67.5083
66.7215
65.7794
64.6735
63.3962
61.941
60.3025
58.4762
56.4587
54.2474
51.8405
49.2372
46.4371
43.4409
40.2495
36.8647
33.2887
29.5241
25.574
21.4417
17.131
12.6462
7.99296
3.17681
-1.79658
-6.92101
-12.1895
-17.5941
-23.125
-28.7707
-34.5161
-40.3417
-46.2215
-52.12
-57.9887
-63.7607
-69.344
-74.6131
-79.398
-83.4726
-86.5461
-88.2596
-88.1707
-85.7787
-80.5756
-72.1462
-60.3226
-45.3597
-28.024
-9.43228
7.0871
20.9915
34.0028
45.6735
55.8627
64.5977
71.9774
78.1106
83.0942
87.0149
89.9575
92.0125
93.2783
93.8595
93.8632
93.3945
92.5526
91.4276
90.0989
88.6345
87.0908
85.5124
83.9342
82.3906
80.911
79.5181
78.2293
77.0566
76.0079
75.0871
74.2947
73.6281
73.0819
72.6485
72.3181
72.0793
71.9189
71.8228
71.7756
71.7616
71.7641
71.7666
71.7521
71.7041
71.6063
71.4427
71.1982
70.8583
70.4093
69.8385
69.1344
68.2861
67.2841
66.12
64.7862
63.2765
61.5854
59.7087
57.6428
55.3853
52.9346
50.2896
47.4503
44.417
41.1911
37.774
34.1679
30.3756
26.3998
22.244
17.9117
13.4068
8.73446
3.90031
-1.08998
-6.23038
-11.5141
-16.9334
-22.4788
-28.1388
-33.8983
-39.7378
-45.631
-51.5417
-57.4203
-63.1982
-68.7809
-74.0394
-78.7998
-82.8307
-85.8452
-87.4778
-87.2898
-84.792
-79.499
-71.03
-59.2579
-44.4696
-27.4333
-9.22661
7.29612
21.6159
35.0337
47.0949
57.6503
66.7184
74.3903
80.7693
85.9495
90.0173
93.0603
95.1734
96.4609
97.0345
97.0083
96.4943
95.5977
94.4139
93.0264
91.5063
89.9121
88.2899
86.6748
85.0996
83.5927
82.1762
80.866
79.6734
78.605
77.6639
76.8496
76.1589
75.586
75.1229
74.7596
74.4845
74.2847
74.1461
74.0535
73.9915
73.9437
73.8938
73.8254
73.722
73.5679
73.3473
73.0454
72.6481
72.1418
71.5143
70.7539
69.8503
68.7941
67.5769
66.1914
64.6315
62.8918
60.9682
58.8574
56.5568
54.0649
51.3808
48.5044
45.4363
42.1775
38.7297
35.0949
31.2759
27.2754
23.0967
18.7434
14.2191
9.52811
4.67611
-0.33122
-5.48793
-10.7874
-16.2221
-21.7826
-27.4575
-33.2318
-39.0859
-44.9929
-50.9162
-56.8049
-62.5888
-68.1711
-73.4197
-78.1568
-82.15
-85.1105
-86.6702
-86.3937
-83.8033
-78.4351
-69.9406
-58.23
-43.618
-26.8721
-9.03182
7.4975
22.2173
36.0274
48.4653
59.3727
68.7586
76.7057
83.3114
88.6672
92.8595
95.9788
98.1252
99.4097
99.9515
99.8727
99.2925
98.3228
97.0643
95.6052
94.0194
92.3677
90.6974
89.0442
87.4393
85.91
84.4772
83.1554
81.9544
80.8795
79.9324
79.1116
78.413
77.8299
77.354
76.9747
76.6803
76.4577
76.2928
76.1707
76.0759
75.9924
75.904
75.7948
75.6486
75.4497
75.1831
74.8341
74.3888
73.8341
73.1579
72.349
71.3971
70.2931
69.0289
67.5973
65.9923
64.2089
62.2429
60.0911
57.7511
55.2216
52.5016
49.5911
46.4906
43.2013
39.7248
36.0632
32.219
28.1951
23.9947
19.6211
15.0779
10.3691
5.49976
0.47549
-4.69768
-10.0133
-15.4637
-21.0399
-26.7304
-32.5202
-38.3894
-44.3107
-50.2468
-56.1457
-61.9356
-67.5174
-72.7562
-77.4706
-81.4319
-84.344
-85.8383
-85.4837
-82.8132
-77.3838
-68.877
-57.2368
-42.8021
-26.3375
-8.847
7.69092
22.7955
36.9829
49.7831
61.0277
70.7153
78.9201
85.7334
91.2438
95.5382
98.7105
100.866
102.124
102.612
102.46
101.795
100.735
99.3889
97.8473
96.1879
94.4732
92.7519
91.0599
89.4273
87.8801
86.4374
85.1121
83.9122
82.8416
81.9003
81.0857
80.3926
79.8134
79.339
78.9584
78.6595
78.429
78.2525
78.1153
78.0018
77.8962
77.7826
77.6452
77.4682
77.2363
76.9346
76.5488
76.0653
75.4713
74.7551
73.9057
72.9131
71.7684
70.4638
68.9923
67.348
65.5261
63.5227
61.3346
58.9596
56.3964
53.6441
50.7028
47.5731
44.256
40.7533
37.067
33.1995
29.1537
24.9327
20.5399
15.9786
11.2528
6.36672
1.32588
-3.86374
-9.19562
-14.6623
-20.2547
-25.9613
-31.767
-37.6517
-43.5876
-49.5366
-55.4456
-61.2412
-66.8223
-72.0513
-76.7467
-80.679
-83.5473
-84.9832
-84.5599
-81.8213
-76.3437
-67.8367
-56.275
-42.0181
-25.8267
-8.67067
7.87625
23.3493
37.8989
51.0464
62.6126
72.5856
81.0302
88.0319
93.6763
98.0513
101.254
103.398
104.608
105.021
104.777
104.011
102.85
101.404
99.7724
98.034
96.2533
94.4797
92.7496
91.092
89.5311
88.084
86.7619
85.5709
84.5131
83.5871
82.7889
82.1121
81.5482
81.0871
80.7174
80.4264
80.2005
80.0251
79.8853
79.7656
79.6503
79.5236
79.3698
79.1734
78.9194
78.593
78.1804
77.6683
77.0443
76.2967
75.4149
74.3893
73.2112
71.873
70.368
68.6906
66.8359
64.8003
62.5809
60.1755
57.5828
54.8022
51.8338
48.6781
45.3363
41.81
38.1014
34.2127
30.1468
25.9067
21.4956
16.9171
12.1748
7.27273
2.21576
-2.99012
-8.33838
-13.8215
-19.4305
-25.1537
-30.9758
-36.8763
-42.8269
-48.7887
-54.7075
-60.5083
-66.0881
-71.307
-75.9876
-79.8933
-82.7217
-84.1055
-83.6221
-80.8261
-75.3125
-66.8165
-55.3405
-41.262
-25.3363
-8.50189
8.05316
23.8785
38.7743
52.2534
64.1253
74.3666
83.0332
90.2041
95.9627
100.398
103.612
105.723
106.867
107.189
106.838
105.959
104.685
103.134
101.407
99.5872
97.7398
95.9151
94.1491
92.4698
90.8994
89.4529
88.1395
86.9636
85.9253
85.0219
84.2478
83.5955
83.0556
82.6171
82.268
81.9949
81.7838
81.62
81.4883
81.373
81.2586
81.1293
80.9695
80.7639
80.4977
80.1564
79.7265
79.1948
78.5493
77.7786
76.8724
75.8214
74.6171
73.2521
71.72
70.0154
68.1338
66.0714
63.8257
61.3946
58.7768
55.972
52.9801
49.8018
46.4383
42.8912
39.1626
35.2548
31.1706
26.9128
22.4848
17.8898
13.1315
8.21389
3.1413
-2.08061
-7.44528
-12.9451
-18.571
-24.311
-30.1498
-36.0663
-42.0318
-48.0062
-53.9343
-59.7396
-65.3173
-70.5295
-75.1961
-79.0768
-81.8688
-83.2056
-82.6699
-79.8265
-74.2878
-65.8129
-54.4293
-40.5298
-24.8635
-8.33926
8.22157
24.3821
39.6079
53.4024
65.5634
76.0559
84.9266
92.2484
98.1026
102.579
105.786
107.848
108.91
109.127
108.658
107.658
106.265
104.606
102.783
100.883
98.971
97.0983
95.3002
93.6035
92.028
90.5866
89.2864
88.1302
87.1164
86.2407
85.4962
84.8744
84.3648
83.9558
83.6343
83.3867
83.1985
83.0545
82.9393
82.8372
82.7325
82.6094
82.4525
82.2466
81.9769
81.6293
81.1903
80.6473
79.9882
79.2021
78.2789
77.2095
75.9858
74.6005
73.0475
71.3216
69.4184
67.3345
65.0674
62.6151
59.9765
57.1513
54.1395
50.942
47.5598
43.9946
40.2484
36.3235
32.2226
27.9485
23.5045
18.8938
14.1201
9.18705
4.09907
-1.1387
-6.51973
-12.0364
-17.6794
-23.4366
-29.2923
-35.225
-41.2051
-47.1918
-53.1287
-58.9379
-64.5142
-69.7216
-74.3746
-78.2316
-80.9897
-82.2843
-81.703
-78.8209
-73.2671
-64.8227
-53.5376
-39.8177
-24.4053
-8.18207
8.38123
24.8599
40.3988
54.4921
66.9253
77.6519
86.7091
94.1643
100.097
104.599
107.782
109.781
110.75
110.853
110.26
109.133
107.621
105.853
103.937
101.96
99.9887
98.0731
96.2482
94.5389
92.9629
91.5308
90.2479
89.115
88.1292
87.2847
86.5733
85.9857
85.5108
85.1356
84.8468
84.6301
84.4703
84.3522
84.26
84.1778
84.0897
83.9799
83.8331
83.634
83.3682
83.0215
82.5808
82.0334
81.3678
80.5731
79.6394
78.5581
77.321
75.9213
74.353
72.6112
70.6916
68.591
66.3069
63.8376
61.1822
58.3402
55.3119
52.0981
48.6999
45.1189
41.3572
37.4171
33.301
29.0119
24.5528
19.927
15.138
10.1897
5.08625
-0.167325
-5.56481
-11.0985
-16.7588
-22.5334
-28.4062
-34.355
-40.3496
-46.3484
-52.2936
-58.1065
-63.6838
-68.8859
-73.5252
-77.3595
-80.0859
-81.3422
-80.7213
-77.8085
-72.2484
-63.8428
-52.6618
-39.1224
-23.9597
-8.02917
8.53219
25.3115
41.1467
55.5218
68.2102
79.1538
88.3807
95.9529
101.948
106.462
109.61
111.536
112.402
112.385
111.665
110.412
108.782
106.911
104.908
102.861
100.837
98.8849
97.039
95.3222
93.7502
92.3314
91.0693
89.9629
89.0077
88.1967
87.5207
86.9696
86.5317
86.193
85.9397
85.7571
85.6296
85.5414
85.4766
85.419
85.3526
85.2615
85.1303
84.9438
84.6876
84.3477
83.9111
83.3653
82.6989
81.9013
80.9628
79.8749
78.6298
77.2209
75.6422
73.8891
71.9575
69.8444
67.5473
65.0648
62.3959
59.5404
56.4985
53.271
49.8591
46.2644
42.489
38.535
34.4049
30.1016
25.6281
20.9876
16.1836
11.2199
6.10074
0.831059
-4.58308
-10.1339
-15.8118
-21.604
-27.494
-33.459
-39.4681
-45.4786
-51.432
-57.25
-62.8285
-68.0247
-72.6502
-76.4622
-79.1588
-80.3802
-79.7249
-76.7882
-71.2299
-62.8707
-51.7989
-38.441
-23.5243
-7.88015
8.67436
25.7372
41.8514
56.4914
69.4181
80.5619
89.9424
97.6167
103.662
108.175
111.279
113.125
113.885
113.747
112.9
111.525
109.784
107.817
105.736
103.628
101.56
99.5781
97.7165
95.9965
94.4316
93.0289
91.7899
90.7122
89.7901
89.0153
88.3777
87.8656
87.4663
87.1657
86.9493
86.8025
86.7091
86.6531
86.6184
86.5884
86.5469
86.4782
86.3664
86.1967
85.9544
85.6257
85.1977
84.658
83.9954
83.1995
82.2607
81.1707
79.9219
78.5079
76.9229
75.1624
73.2225
71.1003
68.7936
66.3008
63.6213
60.7548
57.7015
54.4624
51.0387
47.4319
43.644
39.6772
35.5341
31.2173
26.7297
22.0747
17.2556
12.2762
7.14094
1.85467
-3.57651
-9.14492
-14.8406
-20.6508
-26.5581
-32.5395
-38.563
-44.5854
-50.5477
-56.3715
-61.9502
-67.1399
-71.7512
-75.5415
-78.2098
-79.3992
-78.7141
-75.7599
-70.2105
-61.9044
-50.9465
-37.7711
-23.0977
-7.73412
8.80799
26.1371
42.5134
57.4013
70.5497
81.8778
91.3969
99.1598
105.243
109.747
112.801
114.563
115.216
114.959
113.991
112.502
110.662
108.611
106.462
104.303
102.197
100.193
98.3205
96.601
95.0461
93.6614
92.4469
91.3991
90.511
89.7735
89.1754
88.7041
88.346
88.0863
87.9097
87.8004
87.7423
87.7194
87.7158
87.7148
87.7001
87.6557
87.5657
87.4153
87.1897
86.8752
86.4589
85.9287
85.2732
84.4822
83.5465
82.4577
81.2085
79.7925
78.2043
76.4393
74.494
72.3653
70.0514
67.5507
64.8626
61.987
58.9241
55.6749
52.2406
48.6227
44.8233
40.8444
36.6886
32.3585
27.857
23.1874
18.353
13.3577
8.20575
2.90232
-2.54649
-8.13295
-13.8469
-19.6753
-25.6004
-31.5983
-37.6366
-43.6712
-49.6428
-55.472
-61.0504
-66.2329
-70.8298
-74.5988
-77.2402
-78.4003
-77.6896
-74.7232
-69.1891
-60.9423
-50.1027
-37.111
-22.6784
-7.59094
8.93317
26.5119
43.1337
58.2529
71.6068
83.1039
92.7478
100.588
106.7
111.189
114.188
115.867
116.415
116.043
114.964
113.376
111.449
109.326
107.121
104.919
102.784
100.763
98.8855
97.1703
95.6281
94.2632
93.0746
92.0575
91.204
90.5041
89.9457
89.5155
89.199
88.9809
88.8453
88.7759
88.7561
88.7691
88.7982
88.8269
88.8393
88.8199
88.7527
88.6227
88.4153
88.1167
87.7139
87.195
86.5487
85.7648
84.8343
83.749
82.5015
81.0857
79.4963
77.7288
75.7798
73.6466
71.327
68.82
66.1247
63.2411
60.1697
56.9112
53.467
49.8386
46.0279
42.0372
37.8688
33.5254
29.0098
24.3253
19.4752
14.4635
9.29445
3.97327
-1.49381
-7.09889
-12.8317
-18.6788
-24.6219
-30.6368
-36.6902
-42.7376
-48.7186
-54.5527
-60.13
-65.305
-69.8876
-73.6358
-76.2515
-77.3846
-76.652
-73.6785
-68.1655
-59.9834
-49.266
-36.4591
-22.2655
-7.44994
9.05033
26.8624
43.7135
59.0482
72.5921
84.2438
94.0001
101.907
108.041
112.51
115.456
117.05
117.498
117.023
115.847
114.173
112.174
109.992
107.741
105.505
103.35
101.318
99.4404
97.7331
96.2064
94.8634
93.702
92.7166
91.8983
91.2361
90.7175
90.3282
90.0532
89.8767
89.7822
89.7528
89.7717
89.8216
89.8856
89.9467
89.9886
89.9951
89.9507
89.8411
89.652
89.3696
88.981
88.4741
87.8379
87.0621
86.1379
85.057
83.8124
82.3979
80.8084
79.0395
77.0879
74.9509
72.6266
70.1138
67.4119
64.5209
61.4412
58.1738
54.7198
51.081
47.2591
43.2563
39.0751
34.7181
30.1881
25.4882
20.622
15.5934
10.4067
5.06716
-0.418798
-6.04312
-11.7953
-17.6616
-23.6234
-29.6556
-35.7246
-41.7849
-47.7754
-53.614
-59.19
-64.3573
-68.9257
-72.6536
-75.245
-76.3535
-75.6024
-72.6262
-67.1394
-59.0271
-48.4354
-35.8144
-21.8581
-7.31119
9.15974
27.1899
44.2548
59.7897
73.5092
85.3024
95.1598
103.125
109.276
113.723
116.613
118.126
118.483
117.92
116.664
114.92
112.862
110.633
108.346
106.087
103.918
101.882
100.008
98.3129
96.8045
95.4855
94.3529
93.4001
92.6176
91.9937
91.5148
91.1664
90.9327
90.7973
90.7435
90.7538
90.8111
90.8977
90.9965
91.0903
91.1625
91.1967
91.1774
91.0895
90.9187
90.652
90.277
89.7818
89.1554
88.3877
87.4697
86.3934
85.1517
83.7387
82.1492
80.3791
78.4249
76.2843
73.9553
71.4368
68.7282
65.8297
62.7416
59.465
56.0009
52.3512
48.5177
44.5024
40.3079
35.9367
31.3918
26.6761
21.7933
16.7472
11.5423
6.18393
0.678549
-4.96557
-10.7378
-16.6238
-22.6047
-28.6548
-34.7398
-40.8134
-46.8133
-52.6563
-58.2311
-63.3909
-67.9454
-71.6539
-74.2223
-75.3083
-74.5419
-71.5672
-66.1112
-58.0732
-47.6105
-35.1764
-21.4561
-7.17422
9.26199
27.4956
44.7599
60.4806
74.3621
86.2849
96.2338
104.251
110.414
114.837
117.67
119.109
119.39
118.756
117.437
115.637
113.534
111.269
108.957
106.682
104.506
102.473
100.608
98.9274
97.4403
96.1475
95.0454
94.1265
93.3807
92.7953
92.3564
92.0488
91.8561
91.7615
91.7478
91.7973
91.8923
92.0151
92.1481
92.2741
92.3761
92.4378
92.4435
92.3779
92.2269
91.977
91.6156
91.1312
90.5135
89.7529
88.8402
87.7677
86.5282
85.116
83.5259
81.7539
79.7966
77.6517
75.3174
72.7925
70.0767
67.1699
64.0728
60.7862
57.3114
53.6502
49.8043
45.7759
41.5674
37.1815
32.621
27.8889
22.9889
17.925
12.7014
7.32371
1.79842
-3.86605
-9.65873
-15.565
-21.5655
-27.6341
-33.7356
-39.8227
-45.8324
-51.6801
-57.254
-62.4067
-66.9479
-70.6379
-73.1849
-74.2506
-73.4718
-70.5023
-65.0815
-57.1218
-46.7909
-34.5447
-21.0588
-7.03925
9.35752
27.7814
45.2314
61.1247
75.156
87.1975
97.2297
105.292
111.464
115.86
118.639
120.018
120.24
119.55
118.182
116.341
114.204
111.914
109.586
107.304
105.129
103.102
101.25
99.5893
98.1263
96.8621
95.7923
94.9087
94.2004
93.6543
93.2557
92.9888
92.837
92.7829
92.8088
92.8968
93.0288
93.187
93.3534
93.5106
93.6416
93.7299
93.7597
93.7158
93.5839
93.3505
93.0031
92.5301
91.9211
91.1663
90.2575
89.1872
87.9485
86.5356
84.9436
83.1684
81.2069
79.0565
76.7157
74.1833
71.4591
68.5431
65.4358
62.1383
58.6519
54.9782
51.1191
47.0768
42.8536
38.4523
33.8755
29.1266
24.2091
19.1268
13.8842
8.4867
2.94102
-2.74431
-8.55799
-14.4851
-20.5057
-26.5931
-32.7116
-38.8129
-44.8328
-50.6859
-56.2594
-61.4057
-65.9346
-69.6073
-72.1343
-73.1818
-72.3935
-69.4327
-64.0511
-56.1734
-45.9769
-33.9191
-20.6663
-6.90592
9.44701
28.0488
45.6722
61.7261
75.896
88.047
98.155
106.258
112.434
116.801
119.537
120.869
121.046
120.316
118.913
117.043
114.884
112.58
110.245
107.963
105.795
103.78
101.945
100.307
98.8706
97.6373
96.6017
95.7548
95.085
94.5788
94.2209
93.9949
93.8838
93.8698
93.9349
94.0607
94.229
94.4215
94.6203
94.8078
94.9667
95.0805
95.1332
95.1098
94.9958
94.7778
94.4433
93.9809
93.3799
92.6309
91.7255
90.6562
89.4166
88.0013
86.4055
84.6254
82.6578
80.5004
78.1515
75.6103
72.8763
69.9497
66.8311
63.5214
60.0222
56.335
52.4618
48.4048
44.1662
39.7488
35.1553
30.3892
25.4537
20.3527
15.0906
9.67295
4.10638
-1.60024
-7.43534
-13.3837
-19.4248
-25.5317
-31.6677
-37.7839
-43.8148
-49.674
-55.2482
-60.389
-64.9067
-68.5634
-71.0721
-72.1037
-71.3085
-68.3598
-63.0209
-55.2284
-45.1686
-33.2997
-20.2784
-6.77464
9.53098
28.2998
46.0855
62.2892
76.588
88.8404
99.0176
107.157
113.332
117.674
120.377
121.676
121.823
121.067
119.64
117.753
115.583
113.274
110.94
108.665
106.508
104.509
102.696
101.083
99.6772
98.4771
97.4773
96.6685
96.0384
95.5728
95.2559
95.0711
95.0006
95.0265
95.1301
95.2931
95.4968
95.7228
95.953
96.1695
96.355
96.493
96.5673
96.5629
96.4654
96.2614
95.9384
95.485
94.8907
94.1462
93.2431
92.174
90.9327
89.5136
87.9124
86.1255
84.1499
81.9836
79.625
77.0731
74.3278
71.3891
68.2578
64.9349
61.4218
57.7201
53.8319
49.7593
45.5046
41.0705
36.4601
31.6764
26.7225
21.6024
16.3205
10.8822
5.29436
-0.433954
-6.29091
-12.2609
-18.3232
-24.45
-30.6042
-36.736
-42.7789
-48.6454
-54.2212
-59.3579
-63.8656
-67.5078
-70.0001
-71.0179
-70.2186
-67.2851
-61.9921
-54.2879
-44.3665
-32.6868
-19.8953
-6.64517
9.6102
28.5362
46.4745
62.8186
77.2378
89.5845
99.8263
107.994
114.167
118.493
121.175
122.453
122.581
121.809
120.372
118.477
116.305
114
111.674
109.412
107.271
105.293
103.505
101.921
100.547
99.382
98.4197
97.6502
97.0607
96.6363
96.361
96.2174
96.1874
96.2528
96.3946
96.5941
96.8324
97.0909
97.3512
97.5955
97.8064
97.9671
98.0616
98.0748
97.9922
97.8006
97.4874
97.0414
96.4523
95.7106
94.8082
93.7379
92.4934
91.0694
89.4617
87.6666
85.6816
83.5047
81.1345
78.5704
75.8121
72.86
69.7146
66.3772
62.8491
59.1321
55.228
51.1391
46.8678
42.4169
37.7891
32.9874
28.0149
22.8755
17.5733
12.1139
6.50448
0.754108
-5.12509
-11.1172
-17.201
-23.3484
-29.5215
-35.6698
-41.7258
-47.6007
-53.1795
-58.3134
-62.8128
-66.4422
-68.9199
-69.9261
-69.1253
-66.2099
-60.9659
-53.3527
-43.5714
-32.0806
-19.5169
-6.51798
9.68521
28.7602
46.8426
63.319
77.8515
90.2864
100.588
108.78
114.954
119.27
121.941
123.209
123.328
122.551
121.112
119.22
117.054
114.76
112.449
110.204
108.084
106.13
104.37
102.817
101.478
100.35
99.4267
98.6976
98.1494
97.7668
97.5332
97.4308
97.4413
97.5458
97.7252
97.9605
98.2325
98.5225
98.8119
99.0828
99.3177
99.4997
99.6129
99.642
99.5728
99.3919
99.087
98.6467
98.061
97.3205
96.4172
95.344
94.0948
92.6645
91.0488
89.2444
87.2488
85.0601
82.6771
80.0994
77.3269
74.3599
71.1994
67.8464
64.3024
60.569
56.6485
52.5429
48.2547
43.7866
39.1412
34.3212
29.3299
24.1707
18.8479
13.3673
7.73584
1.96309
-3.93868
-9.95328
-16.0592
-22.2277
-28.4204
-34.5862
-40.6564
-46.5411
-52.1245
-57.2572
-61.7498
-65.3682
-67.8334
-68.8303
-68.0305
-65.136
-59.9439
-52.4238
-42.7838
-31.4814
-19.1439
-6.39284
9.75677
28.9735
47.1931
63.7949
78.4349
90.9536
101.308
109.523
115.703
120.018
122.685
123.951
124.071
123.296
121.864
119.982
117.83
115.553
113.262
111.039
108.943
107.018
105.289
103.77
102.467
101.377
100.494
99.8062
99.2999
98.9594
98.7677
98.7064
98.757
98.9002
99.1166
99.3868
99.6917
100.012
100.33
100.626
100.883
101.085
101.216
101.259
101.202
101.03
100.732
100.295
99.7115
98.9706
98.0649
96.9872
95.7319
94.2937
92.6688
90.8538
88.8464
86.6449
84.2482
81.656
78.8683
75.8857
72.709
69.3395
65.7788
62.0287
58.0913
53.9687
49.6635
45.1781
40.5148
35.6765
30.666
25.4867
20.143
14.6408
8.9872
3.19187
-2.73279
-8.7703
-14.8988
-21.0891
-27.3023
-33.4864
-39.572
-45.468
-51.0575
-56.1907
-60.6784
-64.2876
-66.7423
-67.7321
-66.9359
-64.065
-58.9273
-51.5025
-42.0046
-30.8897
-18.7767
-6.27013
9.82543
29.1784
47.5292
64.2511
78.9935
91.5918
101.994
110.234
116.425
120.744
123.415
124.685
124.813
124.049
122.63
120.765
118.633
116.379
114.112
111.914
109.847
107.953
106.257
104.774
103.509
102.459
101.616
100.97
100.506
100.208
100.058
100.038
100.128
100.309
100.562
100.866
101.203
101.553
101.897
102.217
102.496
102.716
102.863
102.919
102.872
102.708
102.414
101.981
101.397
100.655
99.7449
98.6615
97.3986
95.9514
94.316
92.4893
90.4692
88.2539
85.8428
83.2353
80.4318
77.4329
74.2395
70.8532
67.2755
63.5085
59.554
55.4145
51.0922
46.5892
41.908
37.051
32.0209
26.8213
21.4567
15.9329
10.2571
4.43901
-1.50881
-7.56966
-13.7213
-19.934
-26.1685
-32.3719
-38.4742
-44.3829
-49.9801
-55.1156
-59.6002
-63.2023
-65.6485
-66.6335
-65.8433
-62.9986
-57.9176
-50.5897
-41.2343
-30.306
-18.4161
-6.14961
9.89191
29.3766
47.8541
64.6919
79.5333
92.2068
102.656
110.923
117.129
121.458
124.138
125.418
125.558
124.81
123.41
121.568
119.462
117.235
114.996
112.827
110.792
108.931
107.27
105.825
104.598
103.589
102.788
102.184
101.762
101.506
101.397
101.417
101.546
101.765
102.053
102.39
102.758
103.136
103.506
103.849
104.148
104.385
104.546
104.614
104.576
104.418
104.128
103.696
103.111
102.365
101.45
100.36
99.0885
97.6312
95.9844
94.1452
92.1114
89.8818
87.4554
84.8322
82.0124
78.9969
75.7868
72.3835
68.7889
65.0049
61.0336
56.8773
52.5378
48.0174
43.3181
38.4421
33.3924
28.1726
22.7871
17.2417
11.5438
5.70279
-0.268474
-6.35309
-12.5284
-18.7644
-25.0208
-31.2446
-37.3647
-43.2876
-48.8942
-54.0337
-58.5171
-62.114
-64.5539
-65.5364
-64.7545
-61.9383
-56.9162
-49.6866
-40.4737
-29.7315
-18.0623
-6.03172
9.95671
29.5699
48.1708
65.1214
80.0591
92.8047
103.301
111.598
117.823
122.166
124.858
126.152
126.309
125.582
124.206
122.391
120.315
118.118
115.91
113.774
111.772
109.947
108.323
106.916
105.73
104.761
104.002
103.44
103.06
102.845
102.777
102.837
103.004
103.259
103.581
103.951
104.348
104.753
105.147
105.512
105.83
106.083
106.257
106.336
106.305
106.152
105.865
105.432
104.846
104.095
103.174
102.076
100.795
99.3269
97.6679
95.8154
93.7674
91.5228
89.0808
86.4415
83.6054
80.5733
77.3465
73.9265
70.3153
66.5147
62.527
58.3539
53.9973
49.4594
44.7419
39.8471
34.778
29.5381
24.132
18.5653
12.8451
6.98112
0.986166
-5.12263
-11.3223
-17.5822
-23.8615
-30.1065
-36.2456
-42.1841
-47.8017
-52.9469
-57.431
-61.0246
-63.4604
-64.4425
-63.6714
-60.886
-55.9246
-48.7943
-39.7237
-29.1668
-17.716
-5.91618
10.0205
29.7599
48.4822
65.5435
80.5756
93.3919
103.937
112.265
118.512
122.872
125.58
126.891
127.069
126.365
125.017
123.233
121.189
119.025
116.851
114.751
112.785
110.996
109.411
108.044
106.898
105.97
105.253
104.732
104.394
104.22
104.192
104.29
104.494
104.784
105.14
105.54
105.966
106.397
106.814
107.199
107.534
107.803
107.988
108.076
108.051
107.902
107.616
107.183
106.593
105.838
104.91
103.803
102.512
101.032
99.3603
97.494
95.4315
93.1716
90.7139
88.0586
85.2062
82.1578
78.9145
75.4783
71.8509
68.0342
64.0302
59.8406
55.4672
50.9118
46.1762
41.263
36.1749
30.9155
25.489
19.901
14.1587
8.27164
2.25275
-3.88063
-10.1052
-16.3897
-22.6929
-28.9602
-35.1192
-41.0745
-46.7046
-51.8573
-56.3438
-59.9363
-62.3699
-63.3539
-62.5957
-59.8431
-54.9441
-47.9138
-38.9854
-28.613
-17.3772
-5.80337
10.0836
29.9484
48.7909
65.9619
81.0872
93.9743
104.57
112.932
119.203
123.581
126.307
127.638
127.838
127.161
125.842
124.091
122.083
119.955
117.817
115.753
113.825
112.075
110.53
109.202
108.097
107.21
106.534
106.054
105.756
105.622
105.633
105.769
106.009
106.333
106.721
107.151
107.604
108.059
108.498
108.902
109.254
109.535
109.732
109.827
109.808
109.662
109.377
108.942
108.348
107.586
106.651
105.534
104.232
102.741
101.056
99.1756
97.0984
94.8233
92.3501
89.679
86.8107
83.7462
80.4871
77.0351
73.392
69.5596
65.5396
61.3338
56.9437
52.3712
47.6181
42.6869
37.5804
32.3019
26.8554
21.2464
15.482
9.57176
3.52869
-2.62967
-8.87966
-15.1896
-21.5174
-27.8078
-33.9877
-39.9612
-45.6052
-50.767
-55.2578
-58.8508
-61.2843
-62.2723
-61.5291
-58.8113
-53.976
-47.0459
-38.2601
-28.0709
-17.0464
-5.69301
10.1467
30.1366
49.0994
66.3801
81.5983
94.5571
105.204
113.603
119.899
124.298
127.042
128.393
128.617
127.969
126.682
124.966
122.994
120.903
118.804
116.779
114.89
113.179
111.674
110.387
109.322
108.476
107.84
107.401
107.143
107.048
107.096
107.268
107.543
107.9
108.318
108.776
109.254
109.733
110.192
110.614
110.981
111.275
111.48
111.583
111.568
111.424
111.138
110.701
110.102
109.334
108.39
107.264
105.951
104.447
102.749
100.855
98.7635
96.4735
93.9851
91.2985
88.4147
85.3349
82.0606
78.5933
74.935
71.0871
67.0515
62.8298
58.4235
53.8344
49.0645
44.116
38.9917
33.6945
28.2284
22.5986
16.8122
10.8787
4.81122
-1.37248
-7.64843
-13.9844
-20.3376
-26.652
-32.8538
-38.8464
-44.5057
-49.6781
-54.1748
-57.7703
-60.2057
-61.1996
-60.4734
-57.7921
-53.0216
-46.1922
-37.5489
-27.5411
-16.7235
-5.58544
10.2102
30.326
49.4097
66.8009
82.1128
95.1445
105.845
114.281
120.604
125.024
127.788
129.16
129.409
128.789
127.535
125.855
123.921
121.869
119.809
117.824
115.975
114.305
112.84
111.593
110.568
109.763
109.167
108.767
108.548
108.49
108.575
108.781
109.089
109.477
109.924
110.409
110.912
111.412
111.891
112.329
112.709
113.014
113.228
113.337
113.326
113.183
112.896
112.455
111.851
111.076
110.124
108.988
107.664
106.147
104.436
102.529
100.423
98.1182
95.6149
92.9136
90.0149
86.9203
83.6311
80.1491
76.4759
72.6131
68.5625
64.3254
59.9034
55.2984
50.5124
45.5473
40.4056
35.0902
29.6048
23.9546
18.1463
12.1895
6.09747
-0.111921
-6.41427
-12.7769
-19.1563
-25.4954
-31.7199
-37.7326
-43.4085
-48.5929
-53.0971
-56.6968
-59.1358
-60.1376
-59.4302
-56.7869
-52.0819
-45.3542
-36.8529
-27.0242
-16.4088
-5.48042
10.2744
30.5176
49.7238
67.2271
82.6341
95.7405
106.496
114.971
121.322
125.763
128.546
129.94
130.213
129.622
128.401
126.758
124.862
122.85
120.83
118.885
117.078
115.448
114.023
112.817
111.833
111.067
110.51
110.148
109.966
109.945
110.064
110.304
110.644
111.061
111.536
112.046
112.571
113.092
113.588
114.042
114.434
114.749
114.971
115.085
115.076
114.933
114.644
114.199
113.59
112.808
111.847
110.701
109.365
107.837
106.113
104.192
102.072
99.7539
97.2364
94.5208
91.6078
88.4988
85.1954
81.6991
78.0116
74.1344
70.0692
65.8173
61.3805
56.7604
51.9589
46.9777
41.8192
36.4861
30.9818
25.3112
19.4812
13.5012
7.38446
1.14912
-5.18005
-11.5698
-17.976
-24.3406
-30.5887
-36.6224
-42.3159
-47.5136
-52.0267
-55.6322
-58.0766
-59.088
-58.4012
-55.7971
-51.1585
-44.5331
-36.1729
-26.5204
-16.1023
-5.37828
10.3396
30.7126
50.0436
67.661
83.1653
96.3482
107.16
115.675
122.053
126.516
129.318
130.732
131.03
130.468
129.28
127.673
125.815
123.844
121.865
119.961
118.195
116.606
115.222
114.056
113.111
112.384
111.865
111.541
111.395
111.408
111.561
111.833
112.202
112.648
113.148
113.682
114.229
114.768
115.281
115.748
116.152
116.476
116.704
116.821
116.815
116.671
116.38
115.931
115.315
114.526
113.556
112.4
111.053
109.513
107.777
105.843
103.71
101.378
98.8466
96.1171
93.1902
90.0675
86.7503
83.2403
79.539
75.6481
71.5689
67.303
62.852
58.2174
53.401
48.4044
43.2295
37.879
32.3561
26.6655
20.8139
14.8108
8.66923
2.40774
-3.94858
-10.3659
-16.7994
-23.1903
-29.4626
-35.5181
-41.2302
-46.4423
-50.9657
-54.5785
-57.0299
-58.0527
-57.3878
-54.824
-50.2531
-43.7301
-35.5099
-26.03
-15.8043
-5.27875
10.4063
30.9118
50.3704
68.1047
83.7086
96.9702
107.84
116.395
122.801
127.284
130.105
131.539
131.86
131.326
130.171
128.6
126.781
124.849
122.911
121.05
119.325
117.777
116.434
115.307
114.401
113.712
113.23
112.942
112.83
112.877
113.062
113.364
113.762
114.233
114.758
115.314
115.88
116.437
116.965
117.444
117.859
118.19
118.424
118.544
118.539
118.394
118.1
117.646
117.024
116.227
115.248
114.082
112.725
111.173
109.425
107.478
105.332
102.987
100.443
97.6997
94.7596
91.6236
88.2933
84.7701
81.0557
77.1515
73.0589
68.7796
64.315
59.6666
54.8358
49.8242
44.6334
39.2659
33.7247
28.0144
22.1414
16.1151
9.94884
3.6611
-2.72261
-9.16792
-15.6292
-22.0468
-28.3441
-34.4222
-40.1536
-45.3812
-49.9162
-53.5376
-55.9975
-57.0331
-56.3915
-53.8692
-49.3669
-42.9461
-34.8643
-25.5532
-15.5144
-5.18211
10.4745
31.116
50.7056
68.5599
84.2663
97.6086
108.538
117.134
123.567
128.069
130.908
132.361
132.705
132.198
131.074
129.538
127.757
125.865
123.969
122.149
120.465
118.958
117.655
116.567
115.699
115.047
114.601
114.348
114.27
114.349
114.564
114.894
115.319
115.815
116.363
116.939
117.524
118.096
118.638
119.129
119.552
119.891
120.129
120.251
120.246
120.1
119.802
119.343
118.715
117.91
116.922
115.747
114.379
112.816
111.056
109.097
106.938
104.58
102.023
99.2668
96.3139
93.1652
89.8221
86.2863
82.5592
78.6422
74.5369
70.2447
65.7671
61.1054
56.2607
51.2344
46.0281
40.6439
35.0847
29.3548
23.4606
17.4114
11.2204
4.90643
-1.50481
-7.97833
-14.4678
-20.9127
-27.2355
-33.3367
-39.0883
-44.3324
-48.88
-52.5114
-54.9811
-56.0308
-55.4136
-52.9341
-48.5012
-42.1821
-34.2365
-25.09
-15.233
-5.08809
10.5447
31.3258
51.0502
69.0281
84.8398
98.265
109.254
117.891
124.351
128.872
131.727
133.198
133.563
133.082
131.989
130.487
128.743
126.891
125.035
123.256
121.613
120.147
118.883
117.835
117.004
116.388
115.977
115.757
115.711
115.82
116.064
116.422
116.872
117.392
117.96
118.555
119.157
119.744
120.298
120.8
121.231
121.575
121.816
121.941
121.935
121.786
121.485
121.021
120.386
119.574
118.577
117.391
116.013
114.439
112.667
110.696
108.525
106.155
103.585
100.817
97.8514
94.6903
91.335
87.7869
84.0475
80.1182
76.0006
71.6961
67.2058
62.531
57.6727
52.6321
47.4106
42.01
36.4331
30.684
24.7689
18.6969
12.4813
6.14109
-0.297702
-6.7996
-13.3175
-19.7902
-26.139
-32.2639
-38.0364
-43.2978
-47.859
-51.5015
-53.9822
-55.0472
-54.4558
-52.0202
-47.6569
-41.4387
-33.6268
-24.6405
-14.9596
-4.99694
10.6168
31.5419
51.4051
69.5104
85.4307
98.9406
109.991
118.668
125.154
129.693
132.563
134.05
134.434
133.978
132.914
131.445
129.738
127.925
126.109
124.371
122.769
121.343
120.118
119.107
118.314
117.733
117.356
117.168
117.153
117.291
117.562
117.945
118.419
118.96
119.548
120.161
120.778
121.379
121.944
122.455
122.893
123.242
123.486
123.611
123.604
123.453
123.148
122.678
122.037
121.216
120.211
119.015
117.627
116.042
114.258
112.276
110.093
107.71
105.128
102.348
99.3708
96.1977
92.8305
89.2704
85.5189
81.5777
77.4481
73.1314
68.6288
63.9411
59.0695
54.0149
48.7783
43.3616
37.7673
31.9991
26.0633
19.9688
13.7289
7.36256
0.896294
-5.63402
-12.1806
-18.6813
-25.0565
-31.2056
-36.9996
-42.2791
-46.8549
-50.5095
-53.0024
-54.0838
-53.5193
-51.1285
-46.8348
-40.7164
-33.0352
-24.2046
-14.6946
-4.90836
10.6912
31.7646
51.7712
70.008
86.0399
99.6365
110.749
119.466
125.977
130.532
133.415
134.916
135.32
134.886
133.85
132.413
130.742
128.966
127.19
125.492
123.93
122.544
121.357
120.384
119.626
119.079
118.735
118.578
118.592
118.758
119.055
119.463
119.958
120.52
121.127
121.756
122.387
123
123.576
124.094
124.538
124.891
125.137
125.262
125.254
125.1
124.79
124.315
123.667
122.838
121.824
120.619
119.22
117.624
115.829
113.835
111.64
109.246
106.652
103.86
100.871
97.6863
94.3072
90.7352
86.972
83.019
78.8775
74.5488
70.0338
65.3335
60.4487
55.3801
50.1287
44.696
39.0844
33.2975
27.3413
21.2245
14.9606
8.56846
2.0749
-4.48374
-11.059
-17.5879
-23.9899
-30.1637
-35.9798
-41.2781
-45.8693
-49.5369
-52.0429
-53.1419
-52.6054
-50.2598
-46.0354
-40.0154
-32.4617
-23.7822
-14.4376
-4.82258
10.7679
31.9943
52.149
70.5215
86.6682
100.353
111.527
120.284
126.818
131.389
134.283
135.798
136.218
135.806
134.796
133.39
131.752
130.014
128.276
126.618
125.095
123.748
122.599
121.662
120.939
120.426
120.113
119.986
120.028
120.221
120.543
120.973
121.489
122.07
122.693
123.338
123.982
124.607
125.191
125.717
126.166
126.521
126.769
126.894
126.884
126.727
126.412
125.931
125.275
124.439
123.415
122.201
120.791
119.185
117.379
115.373
113.168
110.762
108.156
105.353
102.352
99.155
95.7641
92.1803
88.4053
84.4405
80.2871
75.9463
71.419
66.706
61.8079
56.7254
51.4592
46.0108
40.3821
34.5767
28.6003
22.4617
16.174
9.75649
3.23595
-3.3508
-9.95467
-16.5118
-22.9409
-29.1398
-34.9785
-40.2961
-44.9035
-48.5849
-51.1051
-52.2227
-51.7149
-49.4148
-45.2591
-39.3356
-31.906
-23.3729
-14.1885
-4.73929
10.847
32.2314
52.539
71.0515
87.316
101.091
112.327
121.122
127.679
132.262
135.167
136.693
137.128
136.736
135.752
134.375
132.77
131.067
129.367
127.748
126.264
124.954
123.842
122.94
122.251
121.771
121.488
121.39
121.46
121.677
122.022
122.474
123.01
123.609
124.248
124.907
125.563
126.198
126.79
127.322
127.775
128.133
128.382
128.506
128.494
128.333
128.013
127.526
126.863
126.018
124.986
123.762
122.342
120.725
118.908
116.892
114.674
112.257
109.64
106.824
103.811
100.603
97.2
93.6044
89.8174
85.8406
81.6752
77.3221
72.7823
68.0564
63.1449
58.0484
52.7675
47.3033
41.6577
35.834
29.8379
23.6778
17.3669
10.9244
4.37734
-2.23714
-8.86938
-15.4547
-21.911
-28.1352
-33.997
-39.3346
-43.9587
-47.6548
-50.19
-51.3269
-50.8483
-48.5937
-44.5059
-38.6768
-31.3677
-22.9765
-13.9471
-4.65864
10.9286
32.476
52.9416
71.5985
87.9836
101.849
113.147
121.98
128.557
133.152
136.065
137.601
138.05
137.677
136.716
135.367
133.793
132.125
130.462
128.88
127.433
126.161
125.085
124.218
123.562
123.112
122.86
122.789
122.884
123.126
123.494
123.966
124.52
125.136
125.79
126.461
127.129
127.773
128.372
128.909
129.366
129.727
129.975
130.099
130.084
129.919
129.594
129.1
128.43
127.577
126.536
125.302
123.872
122.244
120.417
118.389
116.16
113.731
111.102
108.274
105.25
102.029
98.6141
95.0062
91.2071
87.2179
83.0401
78.6744
74.1218
69.3828
64.4577
59.347
54.0512
48.5712
42.9088
37.0672
31.0515
24.8704
18.5369
12.07
5.49701
-1.14467
-7.80486
-14.4182
-20.9016
-27.1514
-33.0365
-38.3946
-43.0361
-46.7475
-49.2982
-50.455
-50.0059
-47.7965
-43.7755
-38.0384
-30.8461
-22.5923
-13.7131
-4.58031
11.0128
32.7284
53.357
72.1628
88.6711
102.629
113.987
122.856
129.453
134.058
136.977
138.521
138.982
138.626
137.687
136.365
134.822
133.187
131.559
130.013
128.603
127.367
126.326
125.492
124.869
124.449
124.225
124.182
124.302
124.566
124.955
125.446
126.018
126.649
127.317
128.001
128.679
129.331
129.937
130.479
130.939
131.301
131.55
131.671
131.653
131.484
131.154
130.653
129.976
129.115
128.064
126.821
125.381
123.743
121.904
119.865
117.624
115.183
112.542
109.703
106.666
103.432
100.005
96.3845
92.5727
88.5708
84.3801
80.0014
75.4355
70.6829
65.7439
60.6188
55.3079
49.8122
44.133
38.2736
32.2388
26.0373
19.6817
13.1911
6.59292
-0.0752554
-6.76279
-13.4037
-19.914
-26.1896
-32.0982
-37.4769
-42.1362
-45.8634
-48.4303
-49.6072
-49.1876
-47.023
-43.0673
-37.4196
-30.3405
-22.2198
-13.4859
-4.50439
11.0996
32.9888
53.7856
72.7445
89.3784
103.428
114.847
123.751
130.365
134.978
137.903
139.453
139.924
139.583
138.665
137.368
135.854
134.251
132.657
131.146
129.772
128.57
127.564
126.763
126.17
125.78
125.583
125.565
125.709
125.996
126.405
126.914
127.503
128.149
128.83
129.525
130.213
130.873
131.485
132.03
132.493
132.856
133.104
133.223
133.202
133.028
132.693
132.186
131.501
130.631
129.572
128.319
126.869
125.219
123.37
121.319
119.066
116.613
113.96
111.107
108.058
104.812
101.371
97.7375
93.9125
89.8974
85.6932
81.301
76.7213
71.9547
67.0013
61.8614
56.5352
51.0235
45.3278
39.4507
33.3973
27.1757
20.7988
14.2855
7.66295
0.969188
-5.74488
-12.4127
-18.9496
-25.2507
-31.1829
-36.5825
-41.2598
-45.003
-47.5862
-48.7834
-48.393
-46.2722
-42.3803
-36.8193
-29.8498
-21.858
-13.2653
-4.43049
11.1891
33.2572
54.2275
73.3435
90.105
104.248
115.726
124.663
131.293
135.912
138.84
140.394
140.874
140.547
139.649
138.375
136.888
135.316
133.755
132.278
130.938
129.77
128.797
128.027
127.465
127.103
126.933
126.939
127.106
127.414
127.842
128.369
128.974
129.634
130.328
131.033
131.73
132.396
133.013
133.563
134.027
134.39
134.638
134.755
134.73
134.552
134.21
133.697
133.004
132.126
131.058
129.795
128.334
126.674
124.812
122.749
120.485
118.019
115.353
112.487
109.424
106.165
102.711
99.0634
95.2246
91.1955
86.9772
82.5708
77.9767
73.1954
68.2271
63.0721
57.7304
52.2026
46.4902
40.5958
34.5241
28.2833
21.8858
15.3506
8.70491
1.98667
-4.75285
-11.4466
-18.0094
-24.3357
-30.2912
-35.7116
-40.4069
-44.1662
-46.7657
-47.983
-47.6212
-45.5432
-41.7131
-36.236
-29.3727
-21.5061
-13.0506
-4.35861
11.2813
33.5337
54.6828
73.9597
90.8503
105.085
116.622
125.59
132.234
136.858
139.787
141.344
141.831
141.517
140.636
139.384
137.924
136.38
134.851
133.407
132.1
130.965
130.023
129.284
128.75
128.416
128.271
128.302
128.49
128.818
129.265
129.809
130.429
131.102
131.808
132.523
133.228
133.9
134.522
135.075
135.541
135.904
136.15
136.265
136.236
136.053
135.706
135.185
134.485
133.598
132.52
131.247
129.776
128.104
126.231
124.155
121.878
119.399
116.72
113.84
110.763
107.49
104.021
100.36
96.5062
92.4624
88.2294
83.8079
79.1988
74.4022
69.4186
64.2479
58.8903
53.3464
47.6174
41.7058
35.6164
29.357
22.9399
16.384
9.7164
2.97506
-3.78857
-10.5071
-17.0948
-23.4456
-29.4239
-34.8646
-39.5776
-43.3527
-45.9681
-47.2049
-46.8709
-44.8341
-41.0638
-35.6677
-28.9075
-21.1628
-12.841
-4.28833
11.3762
33.8184
55.1516
74.5926
91.6136
105.94
117.534
126.532
133.189
137.815
140.744
142.302
142.793
142.49
141.625
140.395
138.959
137.443
135.944
134.531
133.256
132.153
131.242
130.532
130.026
129.718
129.598
129.651
129.861
130.208
130.672
131.233
131.867
132.553
133.27
133.994
134.706
135.384
136.01
136.565
137.032
137.395
137.64
137.752
137.719
137.531
137.178
136.65
135.942
135.046
133.958
132.674
131.192
129.508
127.623
125.534
123.244
120.751
118.057
115.164
112.072
108.783
105.3
101.623
97.7544
93.6951
89.4464
85.0093
80.3843
75.5718
70.5722
65.3854
60.0117
54.4515
48.7059
42.7776
36.6709
30.3937
23.9582
17.3829
10.6949
3.93205
-2.85403
-9.59568
-16.207
-22.5812
-28.5813
-34.0414
-38.7714
-42.5617
-45.1924
-46.4478
-46.1403
-44.143
-40.4299
-35.112
-28.4522
-20.8267
-12.6357
-4.21954
11.4738
34.1114
55.6336
75.2417
92.3938
106.812
118.461
127.489
134.156
138.783
141.709
143.266
143.76
143.466
142.616
141.405
139.992
138.503
137.032
135.65
134.405
133.332
132.45
131.769
131.29
131.007
130.911
130.986
131.216
131.582
132.063
132.639
133.287
133.985
134.712
135.445
136.163
136.846
137.475
138.032
138.5
138.863
139.105
139.214
139.178
138.984
138.624
138.089
137.372
136.467
135.368
134.074
132.579
130.883
128.984
126.883
124.578
122.071
119.362
116.454
113.346
110.042
106.543
102.85
98.9652
94.8896
90.6244
86.1708
81.5292
76.7002
71.684
66.4808
61.0906
55.514
49.7521
43.8073
37.6841
31.39
24.9373
18.3441
11.6374
4.85511
-1.9514
-8.71422
-15.3474
-21.7434
-27.7637
-33.242
-37.9878
-41.7922
-44.4369
-45.7096
-45.4268
-43.4669
-39.8087
-34.5663
-28.0047
-20.4962
-12.4337
-4.15175
11.5741
34.4126
56.1288
75.9064
93.1899
107.698
119.402
128.457
135.134
139.759
142.68
144.234
144.73
144.443
143.606
142.413
141.022
139.558
138.114
136.761
135.545
134.501
133.647
132.994
132.54
132.282
132.208
132.304
132.554
132.938
133.436
134.026
134.687
135.397
136.133
136.873
137.597
138.284
138.916
139.475
139.943
140.305
140.545
140.65
140.609
140.409
140.042
139.499
138.772
137.857
136.748
135.441
133.934
132.225
130.313
128.197
125.877
123.355
120.63
117.706
114.582
111.262
107.746
104.036
100.134
96.0412
91.7588
87.2878
82.629
77.7829
72.7496
67.5295
62.1226
56.5296
50.7515
44.7908
38.6519
32.3421
25.8735
19.2643
12.541
5.7415
-1.08303
-7.86467
-14.5173
-20.9329
-26.9715
-32.4659
-37.2256
-41.0424
-43.6996
-44.9877
-44.7276
-42.8026
-39.1964
-34.0272
-27.5621
-20.1693
-12.2338
-4.08474
11.6772
34.7221
56.6368
76.5858
94.0006
108.598
120.356
129.438
136.121
140.743
143.657
145.206
145.702
145.42
144.594
143.418
142.047
140.606
139.189
137.862
136.675
135.658
134.832
134.204
133.776
133.541
133.489
133.606
133.874
134.275
134.789
135.393
136.066
136.786
137.53
138.276
139.005
139.697
140.331
140.891
141.359
141.719
141.956
142.057
142.01
141.804
141.429
140.876
140.14
139.214
138.093
136.773
135.253
133.53
131.602
129.471
127.136
124.597
121.857
118.915
115.775
112.437
108.903
105.175
101.255
97.1445
92.8441
88.3551
83.6784
78.8145
73.7638
68.5265
63.1029
57.4935
51.6997
45.7237
39.5699
33.2457
26.763
20.1397
13.4023
6.58822
-0.251415
-7.04893
-13.7185
-20.1507
-26.2047
-31.7125
-36.4837
-40.3104
-42.9778
-44.279
-44.0389
-42.1457
-38.5885
-33.4909
-27.1218
-19.8439
-12.035
-4.01794
11.783
35.0398
57.157
77.2789
94.8248
109.512
121.323
130.428
137.116
141.733
144.638
146.18
146.673
146.395
145.579
144.417
143.066
141.647
140.254
138.953
137.792
136.802
136.002
135.399
134.995
134.783
134.752
134.888
135.174
135.592
136.12
136.738
137.422
138.15
138.902
139.654
140.388
141.082
141.718
142.278
142.745
143.102
143.336
143.432
143.378
143.164
142.78
142.217
141.47
140.532
139.398
138.065
136.53
134.791
132.848
130.701
128.349
125.793
123.035
120.076
116.917
113.56
110.008
106.262
102.323
98.1934
93.8742
89.3666
84.6714
79.7893
74.7208
69.4662
64.0258
58.4005
52.5913
46.6008
40.4334
34.0964
27.6014
20.9664
14.2176
7.39208
0.540767
-6.26923
-12.9524
-19.3977
-25.4632
-30.9809
-35.7602
-39.5936
-42.2679
-43.5791
-43.3559
-41.4911
-37.98
-32.953
-26.6806
-19.5178
-11.8355
-3.95104
11.8915
35.3656
57.6888
77.9845
95.6616
110.438
122.3
131.428
138.118
142.727
145.622
147.154
147.643
147.367
146.559
145.411
144.077
142.679
141.308
140.032
138.896
137.932
137.156
136.578
136.196
136.006
135.995
136.15
136.454
136.887
137.429
138.058
138.752
139.489
140.246
141.004
141.741
142.437
143.074
143.634
144.098
144.452
144.68
144.77
144.709
144.485
144.091
143.518
142.758
141.806
140.658
139.31
137.759
136.005
134.045
131.88
129.51
126.936
124.159
121.18
118.002
114.627
111.055
107.289
103.33
99.1811
94.8424
90.3155
85.6014
80.7008
75.6143
70.3424
64.8856
59.2446
53.4209
47.417
41.2373
34.8892
28.3843
21.7403
14.9831
8.14969
1.29051
-5.52807
-12.2208
-18.6743
-24.7468
-30.2699
-35.0527
-38.8888
-41.566
-42.8832
-42.6729
-40.8325
-37.3654
-32.409
-26.2349
-19.1883
-11.6342
-3.88339
12.0027
35.6994
58.2314
78.7016
96.5104
111.375
123.287
132.435
139.126
143.725
146.606
148.128
148.611
148.334
147.532
146.396
145.079
143.7
142.351
141.098
139.987
139.046
138.295
137.739
137.38
137.21
137.219
137.392
137.712
138.159
138.714
139.353
140.055
140.799
141.562
142.324
143.064
143.761
144.398
144.955
145.416
145.765
145.987
146.069
145.998
145.764
145.358
144.772
143.998
143.032
141.868
140.504
138.936
137.163
135.185
133.001
130.611
128.018
125.221
122.222
119.024
115.628
112.035
108.249
104.27
100.1
95.7415
91.1949
86.4615
81.5422
76.4378
71.1488
65.6759
60.02
54.1827
48.1667
41.9764
35.6193
29.107
22.457
15.6951
8.85773
1.99497
-4.82759
-11.5246
-17.981
-24.0547
-29.5774
-34.3585
-38.1919
-40.8669
-42.1851
-41.9826
-40.1626
-36.7382
-31.8545
-25.7808
-18.8527
-11.4291
-3.81457
12.1165
36.0408
58.784
79.4295
97.3704
112.323
124.282
133.448
140.137
144.724
147.591
149.1
149.575
149.297
148.499
147.373
146.071
144.71
143.382
142.151
141.062
140.144
139.416
138.883
138.544
138.394
138.422
138.611
138.947
139.407
139.973
140.621
141.33
142.08
142.847
143.612
144.353
145.051
145.686
146.24
146.696
147.038
147.251
147.324
147.242
146.996
146.577
145.976
145.187
144.204
143.022
141.64
140.053
138.261
136.262
134.058
131.648
129.033
126.214
123.194
119.974
116.556
112.942
109.134
105.134
100.943
96.5642
91.9975
87.2447
82.3067
77.1845
71.8788
66.3904
60.7206
54.8709
48.8444
42.6455
36.2819
29.765
23.1124
16.3498
9.5131
2.65161
-4.16996
-10.8648
-17.3173
-23.3855
-28.901
-33.6736
-37.4978
-40.1644
-41.4774
-41.2766
-39.4735
-36.0916
-31.2851
-25.3143
-18.5079
-11.2186
-3.74388
12.2329
36.3895
59.3456
80.1677
98.2408
113.279
125.285
134.466
141.151
145.725
148.575
150.069
150.535
150.253
149.458
148.341
147.052
145.708
144.399
143.189
142.122
141.226
140.519
140.007
139.689
139.558
139.603
139.809
140.158
140.63
141.204
141.86
142.576
143.33
144.101
144.867
145.608
146.304
146.935
147.484
147.933
148.267
148.471
148.531
148.437
148.177
147.742
147.125
146.318
145.316
144.116
142.713
141.105
139.291
137.271
135.044
132.611
129.974
127.132
124.089
120.846
117.405
113.769
109.938
105.916
101.704
97.3037
92.7167
87.9443
82.9878
77.8481
72.5263
67.0234
61.3407
55.4802
49.4449
43.2397
36.8723
30.3542
23.7029
16.9438
10.1127
3.25788
-3.55656
-10.2417
-16.6826
-22.7371
-28.2373
-32.9933
-36.8004
-39.4508
-40.7509
-40.5453
-38.7566
-35.42
-30.6952
-24.831
-18.151
-11.0007
-3.6708
12.3519
36.7447
59.9158
80.9159
99.1206
114.243
126.292
135.487
142.167
146.724
149.556
151.035
151.489
151.202
150.408
149.298
148.021
146.693
145.402
144.212
143.166
142.292
141.606
141.114
140.815
140.702
140.763
140.983
141.344
141.826
142.409
143.072
143.792
144.55
145.322
146.088
146.827
147.518
148.144
148.686
149.126
149.45
149.641
149.689
149.579
149.303
148.851
148.215
147.388
146.365
145.143
143.718
142.087
140.25
138.206
135.955
133.498
130.835
127.969
124.902
121.634
118.169
114.509
110.655
106.61
102.376
97.9541
93.3465
88.5546
83.5797
78.4231
73.0859
67.5695
61.8754
56.0057
49.9639
43.755
37.3868
30.8711
24.2254
17.4749
10.6547
3.8123
-2.98749
-9.65475
-16.0749
-22.1062
-27.5815
-32.3114
-36.0918
-38.7166
-39.9945
-39.7783
-38.0028
-34.7184
-30.079
-24.3263
-17.7785
-10.7736
-3.59461
12.4732
37.1061
60.4941
81.6733
100.009
115.214
127.305
136.51
143.182
147.722
150.534
151.995
152.436
152.143
151.349
150.245
148.979
147.666
146.392
145.221
144.194
143.34
142.674
142.202
141.921
141.825
141.901
142.134
142.506
142.997
143.587
144.255
144.979
145.738
146.509
147.273
148.007
148.693
149.311
149.843
150.272
150.583
150.761
150.792
150.666
150.371
149.899
149.242
148.393
147.348
146.102
144.652
142.996
141.133
139.063
136.786
134.302
131.614
128.722
125.628
122.335
118.844
115.159
111.281
107.212
102.955
98.5111
93.8827
89.0713
84.0785
78.9055
73.5539
68.0251
62.3211
56.4443
50.3983
44.1885
37.823
31.3137
24.6781
17.9414
11.1379
4.3147
-2.46156
-9.10148
-15.4907
-21.4882
-26.9275
-31.6199
-35.3624
-37.9502
-39.1962
-38.9647
-37.2058
-33.98
-29.4304
-23.7954
-17.3871
-10.5352
-3.51471
12.5971
37.4729
61.0806
82.4394
100.905
116.191
128.32
137.534
144.196
148.716
151.507
152.949
153.376
153.075
152.28
151.181
149.925
148.625
147.368
146.215
145.208
144.373
143.726
143.272
143.008
142.928
143.017
143.262
143.643
144.142
144.738
145.41
146.136
146.894
147.664
148.423
149.151
149.828
150.435
150.955
151.37
151.666
151.826
151.84
151.694
151.379
150.885
150.205
149.332
148.262
146.989
145.513
143.83
141.94
139.842
137.536
135.024
132.308
129.387
126.266
122.945
119.428
115.716
111.813
107.72
103.439
98.9729
94.3236
89.4928
84.4822
79.2935
73.9284
68.3886
62.6764
56.7945
50.7469
44.5393
38.1801
31.6814
25.061
18.3437
11.5632
4.7675
-1.97584
-8.57785
-14.9247
-20.8764
-26.267
-30.9088
-34.6
-37.1379
-38.3434
-38.0945
-36.3605
-33.1971
-28.7433
-23.2337
-16.9735
-10.2835
-3.43037
12.7232
37.8454
61.675
83.2139
101.808
117.172
129.337
138.557
145.206
149.706
152.474
153.895
154.308
153.999
153.202
152.106
150.859
149.572
148.331
147.195
146.206
145.39
144.761
144.324
144.077
144.011
144.113
144.368
144.757
145.263
145.863
146.537
147.263
148.02
148.785
149.537
150.256
150.923
151.517
152.022
152.421
152.698
152.84
152.832
152.664
152.325
151.807
151.102
150.204
149.107
147.807
146.302
144.59
142.67
140.542
138.207
135.665
132.918
129.968
126.818
123.468
119.923
116.184
112.254
108.135
103.83
99.3411
94.6705
89.8203
84.7922
79.5884
74.2106
68.6612
62.9425
57.0577
51.0112
44.8091
38.46
31.9765
25.3765
18.6844
11.9343
5.17547
-1.52466
-8.07731
-14.3694
-20.2616
-25.5892
-30.1655
-33.7902
-36.2655
-37.424
-37.1616
-35.4586
-32.3625
-28.0116
-22.6363
-16.5342
-10.0166
-3.34098
12.8516
38.2234
62.2771
83.9963
102.718
118.156
130.355
139.578
146.213
150.69
153.434
154.834
155.232
154.913
154.113
153.021
151.781
150.507
149.281
148.162
147.19
146.392
145.781
145.36
145.128
145.075
145.188
145.452
145.85
146.36
146.964
147.638
148.363
149.115
149.874
150.617
151.326
151.979
152.559
153.047
153.427
153.683
153.802
153.771
153.578
153.214
152.669
151.936
151.01
149.884
148.556
147.022
145.28
143.329
141.17
138.803
136.23
133.451
130.47
127.289
123.909
120.334
116.567
112.609
108.464
104.134
99.6213
94.929
90.0591
85.0138
79.7952
74.4058
68.8478
63.1243
57.2387
51.196
45.0026
38.6677
32.2042
25.6301
18.9698
12.2585
5.54634
-1.09943
-7.59034
-13.814
-19.632
-24.8806
-29.3747
-32.917
-35.3188
-36.428
-36.1603
-34.4915
-31.4688
-27.2294
-21.9988
-16.0661
-9.73238
-3.24584
12.982
38.6072
62.887
84.7864
103.633
119.144
131.372
140.596
147.213
151.666
154.385
155.764
156.145
155.817
155.014
153.925
152.693
151.431
150.219
149.116
148.161
147.38
146.785
146.38
146.162
146.121
146.245
146.517
146.92
147.435
148.04
148.714
149.435
150.181
150.931
151.664
152.36
152.998
153.561
154.03
154.389
154.623
154.717
154.661
154.441
154.049
153.475
152.713
151.757
150.601
149.241
147.676
145.904
143.922
141.732
139.333
136.727
133.916
130.903
127.689
124.278
120.673
116.875
112.889
108.716
104.36
99.8237
95.1093
90.2195
85.1568
79.9239
74.5232
68.9578
63.231
57.3468
51.3104
45.1291
38.8124
32.3737
25.8314
19.2103
12.547
5.89173
-0.687922
-7.10388
-13.2443
-18.9719
-24.1241
-28.5183
-31.964
-34.2854
-35.3504
-35.0808
-33.4506
-30.5089
-26.3911
-21.3169
-15.5661
-9.42912
-3.1444
13.1147
38.9967
63.5048
85.5842
104.553
120.133
132.388
141.609
148.207
152.634
155.327
156.684
157.049
156.711
155.905
154.818
153.595
152.344
151.146
150.058
149.12
148.355
147.776
147.385
147.179
147.15
147.283
147.563
147.971
148.488
149.093
149.764
150.48
151.219
151.96
152.68
153.362
153.983
154.527
154.975
155.312
155.522
155.591
155.507
155.259
154.838
154.234
153.441
152.453
151.266
149.874
148.277
146.472
144.459
142.236
139.806
137.169
134.326
131.28
128.034
124.591
120.954
117.125
113.109
108.908
104.526
99.9641
95.2269
90.3167
85.2365
79.9892
74.5778
69.0058
63.2769
57.3958
51.3684
45.2023
38.9079
32.4992
25.9948
19.4209
12.8149
6.22746
-0.273713
-6.60072
-12.6423
-18.2621
-23.2998
-27.5779
-30.9165
-33.1575
-34.1827
-33.9136
-32.3281
-29.4765
-25.4916
-20.5865
-15.0314
-9.10516
-3.03604
13.2496
39.3926
64.1309
86.39
105.48
121.125
133.401
142.615
149.192
153.592
156.258
157.592
157.942
157.595
156.786
155.702
154.486
153.247
152.062
150.99
150.067
149.317
148.753
148.375
148.182
148.162
148.304
148.59
149.002
149.52
150.123
150.791
151.501
152.231
152.96
153.668
154.333
154.937
155.461
155.888
156.201
156.386
156.429
156.318
156.042
155.59
154.956
154.132
153.112
151.892
150.468
148.838
147
144.954
142.699
140.237
137.568
134.694
131.617
128.34
124.865
121.196
117.337
113.291
109.061
104.651
100.064
95.3028
90.3718
85.2737
80.0119
74.59
69.0119
63.282
57.4057
51.3894
45.2416
38.9735
32.5999
26.1401
19.6217
13.0826
6.57415
0.164315
-6.0591
-11.9854
-17.4799
-22.3864
-26.5358
-29.7634
-31.9274
-32.9141
-32.6498
-31.1166
-28.3656
-24.5263
-19.8044
-14.4596
-8.75896
-2.9203
13.387
39.795
64.766
87.2044
106.411
122.117
134.411
143.615
150.168
154.538
157.177
158.489
158.822
158.467
157.656
156.576
155.368
154.14
152.969
151.91
151.003
150.268
149.717
149.352
149.169
149.159
149.307
149.598
150.013
150.531
151.132
151.795
152.497
153.218
153.935
154.628
155.277
155.863
156.367
156.772
157.062
157.223
157.24
157.101
156.797
156.317
155.653
154.798
153.747
152.495
151.04
149.377
147.507
145.428
143.141
140.646
137.945
135.04
131.932
128.625
125.12
121.423
117.534
113.458
109.199
104.761
100.148
95.3635
90.4112
85.2948
80.0183
74.5859
69.0021
63.272
57.4017
51.3986
45.272
39.0342
32.7009
26.2927
19.8379
13.3756
6.95764
0.652333
-5.45254
-11.2474
-16.6006
-21.3628
-25.3774
-28.4952
-30.583
-31.5339
-31.2809
-29.8097
-27.1713
-23.4913
-18.9676
-13.8487
-8.3893
-2.79671
13.527
40.2049
65.4111
88.0283
107.349
123.111
135.418
144.608
151.132
155.472
158.082
159.372
159.69
159.327
158.515
157.439
156.24
155.022
153.864
152.82
151.926
151.205
150.667
150.314
150.141
150.139
150.294
150.588
151.004
151.522
152.12
152.777
153.471
154.182
154.887
155.566
156.199
156.766
157.251
157.635
157.902
158.039
158.031
157.867
157.536
157.028
156.336
155.452
154.372
153.091
151.605
149.912
148.012
145.902
143.584
141.058
138.326
135.39
132.252
128.915
125.381
121.654
117.738
113.635
109.35
104.887
100.248
95.44
90.4664
85.3316
80.0402
74.5973
69.0081
63.2785
57.4155
51.4274
45.3248
39.1211
32.8334
26.4834
20.1008
13.7251
7.40915
1.22154
-4.75045
-10.3995
-15.5993
-20.2105
-24.0897
-27.0983
-29.1121
-30.0328
-29.7997
-28.4018
-25.8895
-22.3838
-18.074
-13.1971
-7.99516
-2.66497
13.6701
40.6231
66.0676
88.8632
108.295
124.107
136.421
145.591
152.085
156.391
158.973
160.24
160.544
160.174
159.362
158.291
157.1
155.893
154.747
153.716
152.837
152.129
151.603
151.261
151.097
151.102
151.262
151.559
151.976
152.492
153.086
153.737
154.424
155.124
155.817
156.482
157.1
157.65
158.116
158.481
158.727
158.842
158.812
158.624
158.268
157.736
157.019
156.109
155.003
153.695
152.182
150.463
148.534
146.397
144.051
141.497
138.737
135.773
132.606
129.24
125.678
121.924
117.98
113.851
109.541
105.053
100.393
95.5636
90.5708
85.4188
80.1134
74.6608
69.0668
63.3385
57.484
51.5127
45.4368
39.271
33.0342
26.7494
20.4471
14.1679
7.96523
1.90747
-3.91958
-9.41252
-14.4528
-18.9116
-22.656
-25.558
-27.5033
-28.4022
-28.2001
-26.8886
-24.5171
-21.2015
-17.122
-12.5037
-7.57584
-2.52478
13.8166
41.051
66.7372
89.7108
109.249
125.106
137.42
146.565
153.024
157.295
159.846
161.092
161.382
161.005
160.194
159.128
157.945
156.748
155.615
154.598
153.732
153.037
152.523
152.191
152.035
152.046
152.21
152.51
152.927
153.441
154.031
154.677
155.355
156.046
156.728
157.38
157.984
158.519
158.969
159.315
159.544
159.639
159.589
159.381
159.005
158.452
157.713
156.782
155.654
154.324
152.788
151.046
149.095
146.934
144.565
141.987
139.203
136.214
133.023
129.632
126.045
122.265
118.297
114.143
109.809
105.298
100.616
95.7674
90.7571
85.5906
80.2742
74.8141
69.2176
63.4925
57.6484
51.6965
45.6503
39.5267
33.3462
27.1335
20.9196
14.7461
8.66635
2.74801
-2.92619
-8.25848
-13.1382
-17.4459
-21.0593
-23.861
-25.7467
-26.6352
-26.4773
-25.2671
-23.0524
-19.9433
-16.1107
-11.7678
-7.13087
-2.37602
13.9672
41.4901
67.4224
90.5737
110.214
126.108
138.415
147.53
153.949
158.182
160.702
161.925
162.201
161.82
161.01
159.948
158.772
157.586
156.465
155.461
154.608
153.926
153.424
153.101
152.953
152.97
153.137
153.439
153.856
154.368
154.954
155.594
156.266
156.948
157.62
158.262
158.853
159.375
159.811
160.143
160.357
160.437
160.371
160.147
159.754
159.184
158.429
157.481
156.337
154.99
153.438
151.679
149.711
147.533
145.146
142.55
139.748
136.74
133.529
130.119
126.512
122.711
118.722
114.548
110.193
105.662
100.961
96.0946
91.0686
85.8892
80.5631
75.0977
69.501
63.7823
57.9522
52.0236
46.0116
39.9351
33.8168
27.6827
21.5647
15.5042
9.55427
3.78039
-1.73842
-6.91018
-11.6321
-15.794
-19.2842
-21.9957
-23.8343
-24.7263
-24.6281
-23.5355
-21.4944
-18.6089
-15.0402
-10.9893
-6.66015
-2.2186
14.1224
41.9425
68.1257
91.4545
111.192
127.116
139.408
148.484
154.858
159.049
161.536
162.736
163
162.614
161.804
160.745
159.577
158.402
157.294
156.304
155.464
154.794
154.302
153.989
153.848
153.87
154.04
154.343
154.76
155.27
155.854
156.489
157.155
157.83
158.494
159.127
159.709
160.221
160.646
160.967
161.169
161.238
161.161
160.925
160.522
159.941
159.175
158.217
157.062
155.705
154.143
152.374
150.396
148.208
145.811
143.205
140.391
137.372
134.149
130.726
127.106
123.291
119.288
115.098
110.729
106.183
101.467
96.5874
91.5494
86.3604
81.0279
75.5601
69.9663
64.257
58.4445
52.5431
46.5697
40.5453
34.4947
28.4448
22.4277
16.4846
10.6672
5.03855
-0.326481
-5.34199
-9.91296
-13.9387
-17.3175
-19.9529
-21.7597
-22.6719
-22.6508
-21.6934
-19.8435
-17.1988
-13.9108
-10.1686
-6.16374
-2.05257
14.2833
42.4104
68.8505
92.3567
112.186
128.132
140.399
149.428
155.751
159.896
162.348
163.524
163.775
163.383
162.571
161.517
160.358
159.194
158.099
157.122
156.295
155.636
155.155
154.85
154.716
154.743
154.916
155.22
155.637
156.146
156.728
157.359
158.021
158.691
159.349
159.975
160.55
161.055
161.473
161.787
161.983
162.045
161.961
161.72
161.311
160.725
159.955
158.993
157.835
156.475
154.911
153.14
151.16
148.971
146.572
143.964
141.149
138.127
134.902
131.475
127.85
124.03
120.021
115.825
111.447
106.894
102.171
97.2842
92.2404
87.0473
81.7135
76.2481
70.6617
64.9663
59.1755
53.3054
47.3749
41.4067
35.4274
29.465
23.5511
17.7263
12.0404
6.5537
1.33658
-3.53123
-7.96254
-11.8657
-15.149
-17.7254
-19.5188
-20.4702
-20.545
-19.7417
-18.101
-15.7144
-12.7237
-9.3062
-5.64201
-1.878
14.4506
42.8965
69.6002
93.2838
113.199
129.156
141.388
150.362
156.626
160.721
163.134
164.285
164.522
164.122
163.309
162.261
161.111
159.959
158.876
157.911
157.096
156.449
155.977
155.68
155.553
155.585
155.761
156.067
156.484
156.992
157.572
158.201
158.86
159.527
160.182
160.804
161.376
161.877
162.292
162.603
162.796
162.857
162.772
162.53
162.122
161.538
160.77
159.812
158.658
157.304
155.746
153.981
152.009
149.828
147.437
144.838
142.031
139.017
135.799
132.379
128.761
124.947
120.942
116.749
112.375
107.824
103.103
98.2182
93.1769
87.9878
82.66
77.2039
71.6313
65.9554
60.1916
54.3575
48.4738
42.5648
36.6588
30.7846
24.9733
19.2641
13.7049
8.35291
3.27371
-1.45914
-5.76606
-9.56417
-12.771
-15.3087
-17.1096
-18.1209
-18.3121
-17.6821
-16.2689
-14.1574
-11.4801
-8.40318
-5.09544
-1.69507
14.6255
43.4035
70.3787
94.2398
114.234
130.192
142.378
151.286
157.483
161.521
163.893
165.016
165.237
164.827
164.014
162.972
161.831
160.691
159.62
158.667
157.864
157.227
156.764
156.475
156.354
156.39
156.57
156.878
157.295
157.803
158.382
159.011
159.669
160.335
160.988
161.61
162.181
162.682
163.098
163.41
163.606
163.669
163.589
163.353
162.952
162.376
161.617
160.67
159.528
158.188
156.645
154.896
152.941
150.778
148.406
145.826
143.038
140.045
136.847
133.446
129.847
126.051
122.063
117.888
113.529
108.993
104.286
99.4144
94.3869
89.2122
83.9004
78.4627
72.9121
67.2631
61.5326
55.7396
49.9065
44.059
38.2265
32.439
26.7267
21.1272
15.6865
10.4581
5.50295
0.888588
-3.31277
-7.02654
-10.1789
-12.7008
-14.5319
-15.6254
-15.954
-15.5171
-14.3496
-12.5301
-10.1819
-7.46059
-4.52467
-1.50398
14.809
43.9345
71.1897
95.228
115.294
131.242
143.369
152.198
158.32
162.295
164.621
165.715
165.914
165.496
164.683
163.647
162.516
161.387
160.328
159.386
158.593
157.966
157.511
157.229
157.114
157.155
157.338
157.648
158.066
158.575
159.154
159.784
160.442
161.108
161.763
162.387
162.96
163.465
163.885
164.203
164.405
164.477
164.406
164.181
163.793
163.232
162.49
161.56
160.439
159.12
157.6
155.878
153.949
151.814
149.472
146.923
144.167
141.206
138.041
134.674
131.107
127.345
123.389
119.245
114.916
110.41
105.731
100.888
95.8884
90.7415
85.458
80.0503
74.5321
68.9191
63.2294
57.4835
51.7049
45.9202
40.1601
34.4557
28.8363
23.338
18.0042
12.8851
8.03703
3.52158
-0.595953
-4.24873
-7.37108
-9.90167
-11.7871
-12.9859
-13.4737
-13.2497
-12.346
-10.8347
-8.8307
-6.47955
-3.9303
-1.30494
15.0025
44.4922
72.0366
96.2514
116.38
132.305
144.36
153.1
159.136
163.041
165.315
166.374
166.551
166.125
165.313
164.282
163.161
162.042
160.994
160.064
159.28
158.661
158.214
157.938
157.828
157.873
158.059
158.372
158.792
159.302
159.882
160.513
161.173
161.842
162.5
163.128
163.706
164.218
164.645
164.973
165.186
165.27
165.214
165.006
164.635
164.095
163.375
162.471
161.377
160.088
158.601
156.912
155.02
152.924
150.623
148.116
145.405
142.489
139.37
136.051
132.532
128.818
124.911
120.814
116.534
112.074
107.441
102.643
97.6873
92.5841
87.3442
81.9805
76.5074
70.9416
65.302
59.61
53.8901
48.1696
42.4796
36.8533
31.3189
25.9109
20.6703
15.6438
10.8833
6.44488
2.38733
-1.22966
-4.34781
-6.9129
-8.87774
-10.2055
-10.8742
-10.8829
-10.2604
-9.07319
-7.42791
-5.46105
-3.31294
-1.09813
15.2068
45.0791
72.9218
97.3116
117.494
133.382
145.35
153.988
159.928
163.756
165.973
166.991
167.146
166.711
165.899
164.874
163.761
162.653
161.616
160.695
159.92
159.308
158.867
158.597
158.491
158.539
158.729
159.044
159.466
159.978
160.56
161.193
161.856
162.529
163.192
163.826
164.412
164.932
165.371
165.711
165.938
166.039
166.001
165.814
165.467
164.952
164.261
163.388
162.328
161.076
159.628
157.982
156.136
154.088
151.837
149.385
146.729
143.872
140.814
137.556
134.101
130.452
126.61
122.579
118.364
113.97
109.402
104.668
99.7754
94.7344
89.5559
84.2529
78.8402
73.335
67.7565
62.1269
56.471
50.8164
45.1944
39.6404
34.1821
28.8524
23.6898
18.7377
14.0439
9.65927
5.63664
2.02923
-1.11136
-3.73728
-5.80681
-7.28716
-8.15834
-8.4191
-8.09505
-7.24712
-5.97464
-4.40582
-2.67303
-0.883748
15.4229
45.6964
73.8458
98.4076
118.633
134.47
146.337
154.859
160.693
164.435
166.589
167.563
167.695
167.25
166.437
165.418
164.314
163.215
162.188
161.275
160.508
159.903
159.467
159.201
159.098
159.15
159.341
159.658
160.083
160.597
161.181
161.817
162.484
163.162
163.831
164.473
165.068
165.6
166.051
166.406
166.65
166.771
166.755
166.592
166.273
165.788
165.131
164.294
163.273
162.064
160.662
159.066
157.273
155.281
153.091
150.702
148.114
145.327
142.342
139.16
135.784
132.215
128.455
124.508
120.378
116.069
111.586
106.937
102.129
97.1704
92.0734
86.8503
81.5158
76.087
70.5834
65.0268
59.4421
53.8568
48.3018
42.8147
37.4238
32.1603
27.0603
22.1643
17.5159
13.1615
9.14849
5.52433
2.33468
-0.378226
-2.57745
-4.23364
-5.32844
-5.86001
-5.85103
-5.3573
-4.47148
-3.31431
-2.01093
-0.661915
15.651
46.3441
74.8065
99.5351
119.79
135.561
147.312
155.706
161.424
165.072
167.157
168.085
168.192
167.737
166.924
165.91
164.814
163.724
162.705
161.801
161.041
160.441
160.009
159.746
159.646
159.699
159.893
160.212
160.638
161.155
161.742
162.38
163.052
163.735
164.411
165.062
165.667
166.211
166.677
167.049
167.312
167.455
167.464
167.328
167.039
166.587
165.967
165.17
164.193
163.03
161.68
160.139
158.405
156.477
154.355
152.037
149.525
146.819
143.918
140.825
137.541
134.067
130.406
126.56
122.533
118.328
113.951
109.408
104.705
99.852
94.8583
89.7365
84.5005
79.1668
73.7543
68.2844
62.7812
57.2714
51.7852
46.3615
41.0309
35.8229
30.7714
25.9139
21.2908
16.9439
12.9162
9.24984
5.9854
3.16024
0.807197
-1.04728
-2.38607
-3.20663
-3.52889
-3.40402
-2.91864
-2.18683
-1.32697
-0.432806
15.8909
47.0193
75.7977
100.684
120.954
136.643
148.264
156.519
162.112
165.66
167.67
168.552
168.632
168.167
167.353
166.344
165.256
164.176
163.165
162.268
161.514
160.919
160.49
160.23
160.131
160.186
160.38
160.7
161.128
161.647
162.236
162.878
163.553
164.242
164.926
165.585
166.202
166.759
167.24
167.63
167.914
168.079
168.114
168.007
167.75
167.334
166.752
165.998
165.067
163.955
162.659
161.176
159.505
157.646
155.596
153.357
150.927
148.309
145.502
142.507
139.326
135.96
132.411
128.681
124.773
120.691
116.439
112.022
107.447
102.72
97.8528
92.8547
87.7393
82.5218
77.2198
71.8536
66.4459
61.022
55.6109
50.2505
44.9764
39.8163
34.802
29.9684
25.3527
20.9932
16.9286
13.1967
9.83361
6.87264
4.34316
2.26927
0.667156
-0.459846
-1.12911
-1.38763
-1.3166
-1.02402
-0.621812
-0.196697
16.1407
47.7156
76.8069
101.839
122.107
137.697
149.174
157.28
162.741
166.184
168.118
168.953
169.008
168.532
167.719
166.716
165.636
164.565
163.563
162.673
161.924
161.333
160.908
160.649
160.551
160.606
160.801
161.121
161.55
162.07
162.662
163.307
163.986
164.68
165.371
166.039
166.667
167.237
167.734
168.141
168.446
168.635
168.696
168.619
168.394
168.014
167.471
166.76
165.876
164.816
163.575
162.153
160.547
158.758
156.783
154.625
152.282
149.756
147.048
144.158
141.087
137.838
134.411
130.809
127.034
123.09
118.979
114.706
110.277
105.699
100.979
96.127
91.1548
86.076
80.9063
75.6641
70.3702
65.0477
59.7232
54.4317
49.2154
44.1006
39.117
34.2971
29.6753
25.2869
21.1669
17.3495
13.8671
10.7495
8.02336
5.71082
3.82751
2.37762
1.34616
0.689923
0.332662
0.172172
0.102996
0.0457767
16.3973
48.4209
77.8138
102.971
123.217
138.693
150.016
157.966
163.291
166.628
168.488
169.277
169.309
168.826
168.014
167.019
165.949
164.887
163.894
163.012
162.269
161.683
161.26
161.002
160.905
160.96
161.154
161.474
161.903
162.423
163.017
163.664
164.347
165.046
165.743
166.42
167.058
167.641
168.152
168.578
168.902
169.114
169.201
169.152
168.96
168.615
168.111
167.443
166.605
165.595
164.41
163.047
161.506
159.786
157.887
155.809
153.554
151.121
148.513
145.73
142.773
139.645
136.346
132.879
129.245
125.448
121.49
117.376
113.109
108.695
104.141
99.4552
94.6475
89.7294
84.7146
79.6188
74.4602
69.2592
64.039
58.8299
53.6793
48.6134
43.6602
38.8501
34.215
29.7873
25.5991
21.6814
18.0635
14.7726
11.8329
9.26532
7.08516
5.29755
3.88979
2.82225
2.02341
1.39686
0.844003
0.293356
16.6545
49.1157
78.7867
104.042
124.243
139.589
150.751
158.543
163.735
166.969
168.761
169.511
169.524
169.037
168.231
167.245
166.188
165.138
164.156
163.283
162.547
161.965
161.545
161.289
161.192
161.246
161.44
161.759
162.187
162.708
163.302
163.952
164.637
165.341
166.043
166.727
167.375
167.969
168.494
168.936
169.279
169.512
169.624
169.603
169.44
169.129
168.662
168.035
167.241
166.279
165.146
163.84
162.36
160.707
158.88
156.881
154.709
152.368
149.857
147.179
144.335
141.326
138.156
134.824
131.334
127.688
123.889
119.939
115.843
111.604
107.23
102.725
98.0989
93.3604
88.5208
83.5932
78.5927
73.5365
68.444
63.3391
58.268
53.2619
48.3465
43.5501
38.9021
34.4324
30.1704
26.1445
22.3815
18.9062
15.7412
12.9066
10.4175
8.28021
6.48447
4.99422
3.74277
2.63991
1.59458
0.543682
16.9027
49.7705
79.6793
104.995
125.125
140.328
151.326
158.966
164.033
167.177
168.913
169.634
169.638
169.155
168.36
167.389
166.348
165.314
164.345
163.482
162.755
162.179
161.763
161.509
161.413
161.467
161.659
161.977
162.405
162.925
163.519
164.17
164.858
165.564
166.272
166.962
167.617
168.222
168.76
169.216
169.576
169.829
169.962
169.966
169.832
169.552
169.119
168.529
167.776
166.858
165.773
164.52
163.097
161.505
159.745
157.817
155.724
153.466
151.046
148.467
145.728
142.834
139.785
136.585
133.234
129.736
126.093
122.307
118.382
114.322
110.131
105.814
101.379
96.8318
92.1819
87.4397
82.617
77.7278
72.7876
67.815
62.8438
57.9149
53.0524
48.2817
43.63
39.1246
34.7922
30.659
26.7494
23.0865
19.6916
16.5842
13.7798
11.2862
9.09582
7.1764
5.46666
3.88322
2.34339
0.792906
17.1271
50.3422
80.4272
105.754
125.783
140.834
151.675
159.179
164.141
167.218
168.918
169.627
169.635
169.166
168.392
167.444
166.424
165.409
164.457
163.609
162.892
162.324
161.913
161.662
161.567
161.622
161.814
162.131
162.557
163.076
163.67
164.321
165.011
165.72
166.431
167.127
167.789
168.402
168.951
169.419
169.795
170.065
170.218
170.244
170.135
169.882
169.48
168.923
168.207
167.329
166.286
165.079
163.707
162.169
160.468
158.604
156.58
154.397
152.058
149.566
146.923
144.131
141.193
138.112
134.889
131.528
128.03
124.399
120.637
116.748
112.735
108.603
104.357
100.003
95.5471
90.998
86.3647
81.6578
76.8892
72.0725
67.2282
62.3995
57.6107
52.885
48.2467
43.7205
39.3307
35.1007
31.053
27.2091
23.5892
20.2126
17.0956
14.248
11.6652
9.31954
7.15582
5.09828
3.0732
1.03527
17.3065
50.7712
80.9432
106.218
126.116
141.014
151.717
159.114
164.009
167.053
168.747
169.468
169.5
169.062
168.32
167.403
166.413
165.424
164.494
163.662
162.959
162.401
161.997
161.751
161.659
161.714
161.906
162.223
162.648
163.166
163.76
164.411
165.101
165.812
166.527
167.226
167.894
168.515
169.072
169.551
169.94
170.225
170.395
170.44
170.353
170.124
169.748
169.22
168.535
167.691
166.686
165.518
164.189
162.697
161.046
159.236
157.27
155.15
152.88
150.462
147.899
145.195
142.352
139.372
136.26
133.017
129.647
126.152
122.536
118.8
114.95
110.987
106.917
102.745
98.4744
94.113
89.6672
85.1452
80.5556
75.9087
71.2167
66.5088
61.8152
57.1566
52.5539
48.0287
43.6023
39.2956
35.1288
31.1216
27.2935
23.6637
20.2498
17.0639
14.1052
11.3515
8.75399
6.24522
3.76056
1.26314
17.4115
50.9788
81.1166
106.263
126.002
140.76
151.362
158.705
163.586
166.646
168.376
169.142
169.225
168.837
168.143
167.27
166.317
165.361
164.457
163.647
162.959
162.413
162.018
161.778
161.69
161.747
161.94
162.256
162.681
163.199
163.792
164.443
165.134
165.847
166.563
167.266
167.939
168.566
169.13
169.619
170.018
170.315
170.5
170.562
170.492
170.283
169.929
169.425
168.767
167.951
166.976
165.842
164.548
163.094
161.483
159.717
157.798
155.728
153.513
151.153
148.654
146.019
143.251
140.353
137.33
134.183
130.916
127.533
124.036
120.428
116.713
112.894
108.974
104.959
100.851
96.6571
92.3813
88.03
83.6102
79.1294
74.5962
70.0238
65.4415
60.8685
56.3226
51.8218
47.3842
43.0276
38.7696
34.6281
30.6217
26.7697
23.0912
19.601
16.3028
13.1798
10.1904
7.27502
4.37713
1.46744
17.4054
50.871
80.8193
105.751
125.315
139.966
150.533
157.898
162.841
165.982
167.799
168.652
168.816
168.501
167.871
167.054
166.148
165.23
164.357
163.571
162.903
162.371
161.986
161.752
161.669
161.729
161.923
162.24
162.665
163.183
163.775
164.426
165.118
165.832
166.55
167.256
167.933
168.565
169.135
169.631
170.039
170.347
170.543
170.618
170.563
170.371
170.035
169.55
168.913
168.12
167.17
166.061
164.794
163.37
161.79
160.057
158.173
156.142
153.966
151.65
149.198
146.613
143.9
141.062
138.102
135.026
131.835
128.534
125.126
121.613
118.001
114.291
110.488
106.594
102.615
98.5537
94.4151
90.2042
85.9266
81.5882
77.1958
72.7571
68.2878
63.8076
59.3312
54.8731
50.4476
46.0693
41.7531
37.5148
33.3719
29.3438
25.451
21.7114
18.1327
14.7038
11.3891
8.13547
4.89316
1.63872
17.2508
50.359
79.9388
104.575
123.971
138.583
149.211
156.699
161.793
165.088
167.049
168.031
168.307
168.087
167.537
166.785
165.933
165.057
164.218
163.458
162.809
162.292
161.918
161.691
161.613
161.676
161.873
162.19
162.616
163.133
163.726
164.377
165.069
165.784
166.504
167.212
167.892
168.528
169.103
169.605
170.02
170.335
170.54
170.626
170.582
170.402
170.08
169.61
168.988
168.213
167.28
166.191
164.944
163.542
161.984
160.274
158.414
156.409
154.26
151.974
149.552
147
144.322
141.522
138.603
135.572
132.429
129.181
125.83
122.379
118.833
115.195
111.469
107.657
103.764
99.7937
95.75
91.6376
87.4611
83.226
78.938
74.6036
70.231
65.8337
61.4245
57.0146
52.6154
48.2382
43.8953
39.6002
35.3697
31.2226
27.1811
23.2648
19.4856
15.8355
12.284
8.78131
5.28272
1.76827
16.9372
49.4332
78.4875
102.787
122.063
136.735
147.536
155.253
160.578
164.088
166.235
167.375
167.78
167.667
167.202
166.518
165.719
164.886
164.079
163.344
162.713
162.21
161.845
161.626
161.552
161.618
161.816
162.135
162.56
163.077
163.67
164.321
165.013
165.728
166.449
167.159
167.84
168.478
169.056
169.562
169.981
170.301
170.513
170.604
170.568
170.396
170.083
169.622
169.012
168.246
167.326
166.249
165.015
163.625
162.082
160.386
158.542
156.551
154.419
152.148
149.744
147.209
144.55
141.769
138.873
135.863
132.746
129.524
126.201
122.782
119.27
115.669
111.982
108.213
104.365
100.443
96.4509
92.3922
88.2719
84.0949
79.8666
75.5934
71.2819
66.9407
62.5797
58.2083
53.8353
49.4701
45.1228
40.8057
36.534
32.327
28.2068
24.1952
20.3045
16.5293
12.8392
9.18688
5.52867
1.84988
16.5633
48.3818
76.9073
100.93
120.176
134.991
146.025
153.995
159.559
163.276
165.595
166.873
167.389
167.363
166.966
166.336
165.578
164.777
163.994
163.277
162.661
162.167
161.809
161.595
161.524
161.592
161.79
162.108
162.533
163.049
163.641
164.291
164.981
165.695
166.415
167.124
167.805
168.442
169.021
169.527
169.947
170.269
170.482
170.575
170.542
170.373
170.063
169.607
169
168.239
167.324
166.252
165.024
163.64
162.102
160.413
158.574
156.59
154.464
152.2
149.802
147.274
144.621
141.848
138.958
135.956
132.846
129.632
126.318
122.909
119.407
115.816
112.141
108.385
104.552
100.645
96.6687
92.6273
88.5256
84.3681
80.1605
75.9087
71.6196
67.3006
62.9601
58.6064
54.2474
49.8918
45.5487
41.23
36.9504
32.7292
28.5887
24.5505
20.6268
16.8107
13.0701
9.35674
5.62884
1.87905
)
;

boundaryField
{
    Adiabatic_walls
    {
        type            calculated;
        value           nonuniform List<scalar> 
200
(
16.5633
48.3818
76.9073
100.93
120.176
134.991
146.025
153.995
159.559
163.276
165.595
166.873
167.389
167.363
166.966
166.336
165.578
164.777
163.994
163.277
162.661
162.167
161.809
161.595
161.524
161.592
161.79
162.108
162.533
163.049
163.641
164.291
164.981
165.695
166.415
167.124
167.805
168.442
169.021
169.527
169.947
170.269
170.482
170.575
170.542
170.373
170.063
169.607
169
168.239
167.324
166.252
165.024
163.64
162.102
160.413
158.574
156.59
154.464
152.2
149.802
147.274
144.621
141.848
138.958
135.956
132.846
129.632
126.318
122.909
119.407
115.816
112.141
108.385
104.552
100.645
96.6687
92.6273
88.5256
84.3681
80.1605
75.9087
71.6196
67.3006
62.9601
58.6064
54.2474
49.8918
45.5487
41.23
36.9504
32.7292
28.5887
24.5505
20.6268
16.8107
13.0701
9.35674
5.62884
1.87905
3.95668
11.7207
18.8342
24.8551
29.6944
33.4407
36.2599
38.3207
39.763
40.6941
41.1979
41.3448
41.1996
40.824
40.278
39.6175
38.8949
38.1561
37.4417
36.7843
36.2104
35.7397
35.3872
35.1624
35.0715
35.1168
35.298
35.6121
36.0541
36.6169
37.2922
38.0698
38.9386
39.8865
40.9002
41.966
43.0695
44.1957
45.3296
46.4557
47.5585
48.6228
49.6331
50.5744
51.432
52.1917
52.8395
53.3622
53.7471
53.9824
54.0568
53.96
53.6824
53.2155
52.5516
51.684
50.6069
49.3156
47.8063
46.0762
44.1234
41.947
39.5469
36.9241
34.08
31.0174
27.7392
24.2495
20.553
16.655
12.5617
8.27985
3.81702
-0.818325
-5.61691
-10.5683
-15.6607
-20.8811
-26.2142
-31.6426
-37.1455
-42.6984
-48.2713
-53.8273
-59.3199
-64.69
-69.861
-74.7324
-79.1718
-83.0036
-85.9964
-87.8488
-88.1779
-86.5162
-82.3269
-75.0495
-64.2076
-49.5906
-31.4839
-10.8407
)
;
    }
    Left
    {
        type            calculated;
        value           uniform 2.63572e-11;
    }
    Right
    {
        type            calculated;
        value           uniform 2.21699e-11;
    }
    frontAndBack
    {
        type            empty;
    }
}

