/*--------------------------------*- C++ -*----------------------------------*\
  =========                 |
  \\      /  F ield         | OpenFOAM: The Open Source CFD Toolbox
   \\    /   O peration     | Website:  https://openfoam.org
    \\  /    A nd           | Version:  6
     \\/     M anipulation  |
\*---------------------------------------------------------------------------*/
FoamFile
{
    version     2.0;
    format      ascii;
    class       volScalarField;
    location    "0";
    object      p;
}
// * * * * * * * * * * * * * * * * * * * * * * * * * * * * * * * * * * * * * //

dimensions      [0 2 -2 0 0 0 0];

internalField   nonuniform List<scalar> 
9000
(
115.77
64.3221
50.0578
44.0303
40.8931
39.0988
37.9377
37.0976
36.4325
35.8661
35.3559
34.8768
34.4139
33.9583
33.5045
33.0496
32.592
32.1311
31.6667
31.1989
30.7283
30.2552
29.7801
29.3035
28.8258
28.3473
27.8684
27.3896
26.911
26.433
25.956
25.4803
25.0062
24.5342
24.0648
23.5986
23.1362
22.6786
22.227
21.7827
21.348
20.9255
20.5194
20.1355
19.7822
19.4711
19.2076
18.9625
18.9598
17.9112
87.1933
61.0624
50.6959
45.1308
41.8615
39.8325
38.4723
37.4845
36.7128
36.0696
35.5037
34.9841
34.4915
34.014
33.5443
33.0778
32.6118
32.1448
31.676
31.2053
30.7326
30.2581
29.7821
29.3048
28.8267
28.348
27.869
27.3901
26.9114
26.4334
25.9562
25.4802
25.0057
24.5331
24.0627
23.5952
23.131
22.6709
22.2158
21.7666
21.3248
20.8921
20.4705
20.0626
19.6706
19.2944
18.922
18.5057
18.0316
16.5236
69.8877
57.4088
50.5665
45.7181
42.5374
40.4145
38.9304
37.8336
36.9753
36.2657
35.6495
35.0919
34.5709
34.0721
33.5865
33.1082
32.6335
32.1602
31.6868
31.2128
30.7377
30.2616
29.7845
29.3065
28.8279
28.3489
27.8697
27.3906
26.9117
26.4335
25.956
25.4796
25.0045
24.5311
24.0596
23.5905
23.1242
22.6611
22.2018
21.7469
21.2969
20.8525
20.4137
19.9797
19.5471
19.106
18.6308
18.0534
17.2953
15.8834
60.5314
53.8949
49.3785
45.4988
42.6913
40.673
39.1895
38.0589
37.1597
36.412
35.7633
35.1794
34.6373
34.1222
33.6239
33.1359
32.6538
32.1749
31.6975
31.2204
30.7432
30.2655
29.7872
29.3084
28.8292
28.3498
27.8703
27.3909
26.9118
26.4332
25.9554
25.4784
25.0027
24.5283
24.0556
23.5848
23.1162
22.65
22.1865
21.7258
21.2679
20.8122
20.3574
19.9004
19.4344
18.9451
18.4038
17.7479
16.9062
15.6665
54.337
50.7707
47.8293
44.8706
42.521
40.704
39.2964
38.1843
37.2789
36.5156
35.8494
35.2488
34.6922
34.1649
33.6568
33.161
32.6727
32.1891
31.708
31.2281
30.7488
30.2695
29.7901
29.3105
28.8307
28.3507
27.8708
27.3911
26.9116
26.4327
25.9544
25.4768
25.0003
24.525
24.0509
23.5783
23.1073
22.638
22.1703
21.704
21.2384
20.7723
20.3033
19.8269
19.3348
18.8119
18.2319
17.5465
16.703
15.6128
49.8888
48.1189
46.2669
44.0728
42.1643
40.5812
39.2895
38.2294
37.3426
36.5816
35.9101
35.3013
34.736
34.2005
33.6852
33.1832
32.69
32.2023
31.718
31.2357
30.7544
30.2737
29.7931
29.3126
28.8321
28.3517
27.8713
27.3912
26.9113
26.4319
25.953
25.4749
24.9975
24.5211
24.0456
23.5713
23.0979
22.6255
22.1538
21.6821
21.2095
20.7342
20.2531
19.7612
19.2499
18.7052
18.1054
17.4158
16.6018
15.6359
46.6661
45.9278
44.812
43.2193
41.7013
40.3536
39.1963
38.2088
37.3585
36.6137
35.9471
35.3375
34.7687
34.2286
33.7086
33.2023
32.7053
32.2144
31.7274
31.2429
30.7599
30.2778
29.7961
29.3148
28.8336
28.3526
27.8717
27.3911
26.9108
26.4309
25.9515
25.4726
24.9944
24.5169
24.0401
23.5639
23.0883
22.613
22.1374
21.661
21.1822
20.6992
20.2084
19.7049
19.1807
18.6237
18.0172
17.3379
16.5656
15.7019
44.2941
44.1351
43.5085
42.3757
41.1884
40.0606
39.0418
38.1375
37.3353
36.6165
35.9629
35.3586
34.7908
34.2495
33.7272
33.2182
32.7184
32.2251
31.7359
31.2496
30.7651
30.2817
29.7991
29.3169
28.835
28.3534
27.8721
27.391
26.9102
26.4297
25.9497
25.4701
24.9911
24.5124
24.0343
23.5564
23.0787
22.6007
22.1218
21.6412
21.1573
20.668
20.17
19.6586
19.1267
18.5647
17.9604
17.2993
16.5714
15.7904
42.5082
42.6708
42.368
41.5808
40.6653
39.7336
38.8479
38.0301
37.282
36.5958
35.961
35.3667
34.8035
34.2637
33.741
33.2308
32.7294
32.2343
31.7435
31.2557
30.7699
30.2855
29.8019
29.3189
28.8364
28.3542
27.8723
27.3907
26.9094
26.4284
25.9478
25.4675
24.9876
24.5079
24.0285
23.5491
23.0694
22.589
22.1073
21.6232
21.1352
20.6412
20.1382
19.6219
19.0866
18.5249
17.9284
17.2889
16.6032
15.8886
41.1359
41.4735
41.385
40.855
40.1583
39.3959
38.6326
37.8993
37.2074
36.5573
35.9449
35.3639
34.8081
34.2719
33.7506
33.2404
32.7383
32.2421
31.7502
31.2612
30.7743
30.2889
29.8045
29.3208
28.8376
28.3549
27.8725
27.3903
26.9085
26.427
25.9458
25.4648
24.984
24.5034
24.0228
23.542
23.0606
22.5782
22.0941
21.6072
21.1162
20.6189
20.1128
19.5943
19.0587
18.5009
17.9154
17.2984
16.6505
15.9893
40.0637
40.493
40.5464
40.2065
39.6837
39.0643
38.41
37.7559
37.1191
36.5064
35.9183
35.3527
34.8062
34.2752
33.7565
33.2473
32.7453
32.2486
31.7559
31.266
30.7783
30.292
29.8068
29.3225
28.8387
28.3554
27.8725
27.3899
26.9076
26.4255
25.9437
25.462
24.9805
24.499
24.0173
23.5353
23.0525
22.5684
22.0824
21.5935
21.1003
20.6011
20.0935
19.5747
19.0413
18.4897
17.9168
17.3214
16.7067
16.0883
39.2151
39.6892
39.8368
39.637
39.251
38.7503
38.191
37.6087
37.0241
36.4479
35.8846
35.3354
34.7992
34.2746
33.7594
33.2519
32.7505
32.2538
31.7606
31.2702
30.7817
30.2948
29.8089
29.324
28.8396
28.3558
27.8724
27.3893
26.9065
26.424
25.9416
25.4593
24.9771
24.4948
24.0122
23.5291
23.0451
22.5597
22.0723
21.5819
21.0874
20.5873
20.0796
19.5622
19.0326
18.4885
17.9286
17.3534
16.7673
16.1836
38.5379
39.031
39.2412
39.1445
38.8655
38.462
37.9837
37.4648
36.9278
36.3861
35.847
35.3142
34.7889
34.271
33.7599
33.2547
32.7543
32.2578
31.7645
31.2736
30.7847
30.2971
29.8108
29.3252
28.8404
28.3561
27.8722
27.3887
26.9054
26.4223
25.9394
25.4566
24.9738
24.4907
24.0074
23.5234
23.0385
22.5521
22.0637
21.5725
21.0775
20.5773
20.0706
19.5556
19.0308
18.495
17.9478
17.391
16.8292
16.2738
37.9959
38.4944
38.7464
38.7255
38.5293
38.2044
37.7938
37.3298
36.8351
36.3248
35.8083
35.2912
34.7765
34.2655
33.7587
33.2559
32.7569
32.2609
31.7676
31.2765
30.7871
30.2991
29.8123
29.3263
28.841
28.3562
27.8719
27.3879
26.9042
26.4207
25.9373
25.454
24.9706
24.4869
24.0029
23.5183
23.0326
22.5456
22.0567
21.5651
21.0701
20.5706
20.0656
19.5539
19.0345
18.507
17.972
17.4316
16.8906
16.3582
37.5641
38.0613
38.3411
38.3757
38.2431
37.9808
37.6258
37.2079
36.7497
36.267
35.7708
35.2681
34.7633
34.259
33.7564
33.2562
32.7585
32.2632
31.77
31.2788
30.7891
30.3008
29.8135
29.3271
28.8413
28.3562
27.8715
27.3871
26.903
26.4191
25.9352
25.4514
24.9675
24.4834
23.9989
23.5137
23.0276
22.5401
22.051
21.5594
21.0649
20.5667
20.0639
19.5559
19.0422
18.523
17.9992
17.4734
16.95
16.4366
37.2247
37.7178
38.0162
38.091
38.0066
37.793
37.4824
37.1024
36.6745
36.2154
35.7367
35.2466
34.7506
34.2522
33.7535
33.2557
32.7594
32.2647
31.7718
31.2806
30.7907
30.302
29.8144
29.3276
28.8415
28.356
27.8709
27.3862
26.9017
26.4174
25.9332
25.449
24.9647
24.4801
23.9952
23.5096
23.0232
22.5356
22.0465
21.5553
21.0617
20.565
20.0649
19.5608
19.0529
18.5415
18.028
17.515
17.0065
16.5088
36.9654
37.4538
37.7643
37.8678
37.8189
37.6422
37.3659
37.0155
36.6119
36.1718
35.7074
35.2278
34.7393
34.2459
33.7506
33.2548
32.7597
32.2658
31.7731
31.2818
30.7918
30.3029
29.815
29.3279
28.8415
28.3556
27.8702
27.3852
26.9004
26.4157
25.9312
25.4466
24.962
24.4771
23.9918
23.506
23.0194
22.5319
22.043
21.5525
21.06
20.5652
20.0678
19.5678
19.0654
18.5613
18.0571
17.5552
17.0594
16.5748
36.7775
37.2616
37.5799
37.7031
37.6791
37.5288
37.2775
36.949
36.5636
36.1378
35.6844
35.2129
34.7301
34.2407
33.748
33.2539
32.7598
32.2664
31.7739
31.2826
30.7925
30.3034
29.8153
29.3279
28.8412
28.3551
27.8694
27.3841
26.899
26.4141
25.9292
25.4443
24.9594
24.4742
23.9887
23.5028
23.0162
22.5288
22.0403
21.5506
21.0594
20.5666
20.0721
19.576
19.0788
18.5815
18.0855
17.5934
17.1082
16.6345
36.6552
37.1362
37.4592
37.5946
37.5865
37.4532
37.2182
36.9041
36.5307
36.1145
35.6685
35.2025
34.7236
34.2369
33.746
33.2531
32.7597
32.2666
31.7743
31.2831
30.7928
30.3036
29.8152
29.3277
28.8408
28.3544
27.8685
27.3829
26.8975
26.4123
25.9272
25.4421
24.9569
24.4715
23.9859
23.4999
23.0134
22.5262
22.0383
21.5495
21.0597
20.5689
20.0772
19.5849
19.0925
18.6013
18.1126
17.6288
17.1527
16.688
36.5949
37.0743
37.3994
37.5407
37.5403
37.4153
37.1884
36.8814
36.5141
36.1027
35.6604
35.1971
34.7202
34.2349
33.7449
33.2526
32.7596
32.2666
31.7744
31.2831
30.7927
30.3034
29.8149
29.3272
28.8401
28.3536
27.8674
27.3816
26.896
26.4106
25.9253
25.4399
24.9545
24.469
23.9833
23.4973
23.0109
22.524
22.0367
21.5488
21.0604
20.5716
20.0825
19.5937
19.1059
18.62
18.1377
17.6611
17.1926
16.7355
36.5949
37.0743
37.3994
37.5407
37.5403
37.4153
37.1884
36.8814
36.5141
36.1027
35.6604
35.197
34.7201
34.2348
33.7448
33.2525
32.7594
32.2664
31.7741
31.2827
30.7923
30.3029
29.8143
29.3264
28.8392
28.3525
27.8662
27.3803
26.8945
26.4089
25.9233
25.4378
24.9522
24.4666
23.9808
23.4948
23.0085
22.5221
22.0353
21.5484
21.0613
20.5743
20.0878
19.6022
19.1182
18.6372
18.1604
17.6898
17.2277
16.7769
36.6551
37.1362
37.4591
37.5945
37.5864
37.4531
37.2181
36.904
36.5306
36.1144
35.6684
35.2023
34.7234
34.2367
33.7457
33.2527
32.7591
32.2659
31.7735
31.282
30.7915
30.302
29.8134
29.3254
28.8382
28.3514
27.8649
27.3788
26.8929
26.4071
25.9214
25.4357
24.9499
24.4642
23.9783
23.4923
23.0063
22.5201
22.034
21.5479
21.0621
20.5768
20.0925
19.6097
19.1293
18.6523
18.1802
17.7148
17.2581
16.8124
36.7774
37.2615
37.5798
37.703
37.6791
37.5287
37.2774
36.9489
36.5635
36.1376
35.6842
35.2126
34.7297
34.2402
33.7474
33.2532
32.7589
32.2652
31.7725
31.2809
30.7903
30.3008
29.8122
29.3242
28.8369
28.35
27.8635
27.3773
26.8912
26.4053
25.9194
25.4335
24.9476
24.4618
23.9758
23.4899
23.004
22.5181
22.0325
21.5472
21.0625
20.5787
20.0964
19.616
19.1386
18.6651
18.197
17.7359
17.2835
16.8421
36.9652
37.4536
37.7641
37.8677
37.8188
37.6421
37.3658
37.0153
36.6118
36.1715
35.7071
35.2274
34.7388
34.2453
33.7497
33.2538
32.7584
32.2641
31.7711
31.2794
30.7888
30.2993
29.8107
29.3228
28.8354
28.3485
27.862
27.3757
26.8895
26.4034
25.9174
25.4313
24.9453
24.4593
23.9733
23.4874
23.0016
22.516
22.0308
21.5461
21.0624
20.5799
20.0991
19.6209
19.1459
18.6754
18.2105
17.7528
17.304
16.866
37.2245
37.7176
38.016
38.0908
38.0065
37.7929
37.4823
37.1022
36.6743
36.2151
35.7363
35.2461
34.75
34.2514
33.7525
33.2544
32.7577
32.2627
31.7693
31.2774
30.7869
30.2975
29.8089
29.3211
28.8338
28.3469
27.8604
27.374
26.8877
26.4015
25.9153
25.4291
24.943
24.4568
23.9707
23.4847
22.9989
22.5135
22.0286
21.5445
21.0614
20.5799
20.1006
19.624
19.151
18.6828
18.2205
17.7656
17.3196
16.8842
37.5638
38.0611
38.3409
38.3755
38.243
37.9806
37.6256
37.2077
36.7494
36.2667
35.7704
35.2676
34.7626
34.258
33.7551
33.2546
32.7565
32.2607
31.767
31.2751
30.7846
30.2953
29.8069
29.3192
28.832
28.3452
27.8587
27.3722
26.8859
26.3996
25.9132
25.4269
24.9406
24.4542
23.968
23.4819
22.996
22.5106
22.0259
21.5421
21.0596
20.5789
20.1005
19.6251
19.1538
18.6873
18.227
17.7742
17.3303
16.8968
37.9956
38.4942
38.7462
38.7253
38.5292
38.2043
37.7936
37.3296
36.8348
36.3244
35.8078
35.2905
34.7756
34.2644
33.7573
33.2542
32.7546
32.2581
31.7642
31.2723
30.7819
30.2928
29.8047
29.3172
28.8301
28.3434
27.8569
27.3704
26.884
26.3976
25.9111
25.4246
24.9381
24.4515
23.9651
23.4788
22.9928
22.5073
22.0226
21.539
21.0567
20.5765
20.0987
19.6243
19.1539
18.6888
18.2299
17.7785
17.3361
16.904
38.5376
39.0307
39.241
39.1443
38.8653
38.4618
37.9835
37.4646
36.9275
36.3857
35.8465
35.3135
34.788
34.2698
33.7584
33.2527
32.7518
32.2548
31.7607
31.2689
30.7788
30.2901
29.8022
29.315
28.8281
28.3415
27.8551
27.3686
26.8822
26.3956
25.909
25.4223
24.9355
24.4487
23.962
23.4754
22.9892
22.5036
22.0187
21.5349
21.0528
20.5727
20.0952
19.6212
19.1515
18.6871
18.2291
17.7786
17.337
16.9058
39.2148
39.6889
39.8366
39.6368
39.2509
38.7502
38.1908
37.6085
37.0238
36.4474
35.8841
35.3347
34.7983
34.2733
33.7578
33.2499
32.7479
32.2505
31.7565
31.265
30.7754
30.287
29.7995
29.3126
28.826
28.3396
27.8532
27.3668
26.8803
26.3937
25.9069
25.4199
24.9329
24.4458
23.9587
23.4718
22.9852
22.4992
22.014
21.53
21.0476
20.5674
20.0899
19.616
19.1465
18.6823
18.2246
17.7745
17.3332
16.9022
40.0634
40.4927
40.5462
40.2063
39.6835
39.0641
38.4098
37.7557
37.1188
36.506
35.9178
35.352
34.8052
34.2739
33.7549
33.2452
32.7425
32.2451
31.7515
31.2605
30.7715
30.2837
29.7967
29.3102
28.8239
28.3377
27.8514
27.365
26.8785
26.3917
25.9047
25.4175
24.9302
24.4427
23.9553
23.4679
22.9809
22.4944
22.0087
21.5242
21.0413
20.5606
20.0828
19.6085
19.1387
18.6743
18.2164
17.7662
17.3247
16.8935
41.1356
41.4732
41.3848
40.8548
40.1581
39.3957
38.6324
37.8991
37.2071
36.557
35.9444
35.3632
34.8072
34.2706
33.7489
33.2382
32.7355
32.2385
31.7456
31.2555
30.7672
30.2801
29.7937
29.3077
28.8217
28.3358
27.8497
27.3633
26.8767
26.3898
25.9026
25.4152
24.9275
24.4396
23.9516
23.4638
22.9761
22.489
22.0026
21.5174
21.0338
20.5524
20.0738
19.5988
19.1283
18.6632
18.2046
17.7537
17.3116
16.8796
42.5079
42.6705
42.3678
41.5807
40.6652
39.7335
38.8477
38.0299
37.2818
36.5955
35.9605
35.366
34.8026
34.2624
33.7394
33.2286
32.7266
32.2307
31.7389
31.2499
30.7626
30.2763
29.7906
29.3051
28.8196
28.3339
27.848
27.3617
26.8751
26.388
25.9006
25.4128
24.9247
24.4364
23.9479
23.4594
22.971
22.4831
21.9959
21.5097
21.0251
20.5427
20.063
19.5869
19.1152
18.649
18.1893
17.7372
17.2939
16.8607
44.2938
44.1348
43.5083
42.3755
41.1883
40.0605
39.0417
38.1374
37.3351
36.6162
35.9625
35.358
34.79
34.2484
33.7256
33.2161
32.7157
32.2215
31.7313
31.2437
30.7577
30.2724
29.7875
29.3027
28.8176
28.3322
27.8465
27.3602
26.8735
26.3864
25.8987
25.4106
24.9221
24.4332
23.9441
23.4548
22.9656
22.4767
21.9885
21.5012
21.0153
20.5315
20.0504
19.5728
19.0996
18.6318
18.1704
17.7166
17.2717
16.8368
46.6659
45.9276
44.8119
43.2192
41.7013
40.3535
39.1963
38.2087
37.3584
36.6135
35.9468
35.337
34.768
34.2276
33.7072
33.2004
32.7027
32.2109
31.7229
31.2371
30.7525
30.2684
29.7845
29.3003
28.8157
28.3307
27.8451
27.3589
26.8722
26.3848
25.8969
25.4085
24.9195
24.43
23.9402
23.4501
22.96
22.47
21.9805
21.4918
21.0045
20.519
20.0362
19.5567
19.0815
18.6116
18.1481
17.6922
17.2451
16.8081
49.8886
48.1188
46.2668
44.0728
42.1643
40.5812
39.2895
38.2294
37.3426
36.5816
35.9099
35.301
34.7355
34.1997
33.6839
33.1815
32.6876
32.1991
31.7137
31.2301
30.7472
30.2645
29.7815
29.2981
28.814
28.3293
27.8439
27.3578
26.871
26.3835
25.8953
25.4065
24.917
24.4269
23.9363
23.4454
22.9542
22.463
21.972
21.4818
20.9927
20.5053
20.0203
19.5385
19.0609
18.5885
18.1224
17.6638
17.2141
16.7745
54.3368
50.7706
47.8292
44.8706
42.521
40.704
39.2965
38.1844
37.2789
36.5157
35.8493
35.2486
34.6919
34.1643
33.6558
33.1595
32.6706
32.1862
31.704
31.2229
30.7419
30.2606
29.7787
29.2961
28.8126
28.3283
27.8431
27.357
26.8702
26.3825
25.894
25.4047
24.9147
24.424
23.9326
23.4406
22.9483
22.4557
21.9632
21.4712
20.9801
20.4904
20.003
19.5186
19.0381
18.5627
18.0935
17.6318
17.1789
16.7362
60.5313
53.8948
49.3784
45.4988
42.6913
40.6732
39.1896
38.059
37.1599
36.4122
35.7634
35.1794
34.6372
34.1218
33.6232
33.1347
32.6521
32.1724
31.694
31.2156
30.7368
30.2571
29.7763
29.2945
28.8115
28.3275
27.8425
27.3565
26.8696
26.3817
25.893
25.4033
24.9127
24.4212
23.929
23.436
22.9424
22.4483
21.9541
21.4601
20.9667
20.4746
19.9844
19.4969
19.0132
18.5344
18.0616
17.5962
17.1397
16.6933
69.8876
57.4088
50.5664
45.7182
42.5375
40.4147
38.9306
37.8338
36.9756
36.2661
35.6498
35.0922
34.571
34.072
33.5862
33.1075
32.6322
32.1581
31.6839
31.2086
30.732
30.2539
29.7743
29.2933
28.8109
28.3272
27.8424
27.3564
26.8694
26.3814
25.8923
25.4022
24.911
24.4188
23.9256
23.4315
22.9365
22.4409
21.9448
21.4486
20.9527
20.4577
19.9643
19.4734
18.9859
18.5031
18.0262
17.5565
17.0957
16.6451
87.1932
61.0623
50.6959
45.1309
41.8616
39.8327
38.4726
37.4849
36.7132
36.0701
35.5042
34.9845
34.4919
34.0143
33.5444
33.0775
32.611
32.1434
31.6738
31.2019
30.7277
30.2513
29.7729
29.2927
28.8108
28.3274
27.8428
27.3568
26.8697
26.3814
25.892
25.4014
24.9097
24.4167
23.9226
23.4272
22.9308
22.4333
21.9351
21.4364
20.9376
20.4393
19.9422
19.4472
18.9553
18.4677
17.9858
17.5111
17.045
16.5893
115.77
64.3221
50.0579
44.0304
40.8933
39.0991
37.9381
37.0981
36.4331
35.8668
35.3566
34.8775
34.4146
33.9589
33.5049
33.0498
32.5918
32.1303
31.6651
31.1964
30.7244
30.2495
29.7721
29.2926
28.8111
28.328
27.8434
27.3575
26.8703
26.3818
25.8921
25.4011
24.9088
24.4151
23.9201
23.4236
22.9257
22.4266
21.9263
21.4252
20.9236
20.4221
19.9214
19.4224
18.9261
18.4338
17.947
17.4671
16.996
16.5353
8.30386
10.2568
10.3675
10.7545
10.9648
11.1156
11.2055
11.2548
11.2721
11.2644
11.2367
11.1927
11.1351
11.066
10.9874
10.9005
10.8066
10.7066
10.6015
10.492
10.3786
10.262
10.1426
10.0208
9.89707
9.77161
9.64472
9.51665
9.3876
9.25775
9.12724
8.99622
8.86479
8.73305
8.60107
8.46892
8.33666
8.20433
8.07197
7.93961
7.80727
7.67497
7.54273
7.41055
7.27844
7.14641
7.01445
6.88258
6.75078
6.61906
6.4874
6.35582
6.2243
6.09284
5.96143
5.83008
5.69877
5.56751
5.43629
5.30509
5.17394
5.0428
4.9117
4.78061
4.64954
4.51849
4.38746
4.25644
4.12542
3.99442
3.86342
3.73244
3.60145
3.47048
3.3395
3.20853
3.07756
2.9466
2.81563
2.68467
2.55371
2.42275
2.29179
2.16083
2.02987
1.89891
1.76795
1.63699
1.50604
1.37508
1.24412
1.11316
0.982201
0.851243
0.720284
0.589326
0.458368
0.327407
0.196456
0.0654723
10.7329
11.2842
10.9902
11.1539
11.2466
11.3253
11.3682
11.3842
11.3764
11.3493
11.306
11.2491
11.1809
11.103
11.0168
10.9237
10.8245
10.7201
10.6113
10.4986
10.3827
10.264
10.143
10.0199
9.89506
9.76881
9.64135
9.51288
9.38358
9.25359
9.12306
8.99208
8.86075
8.72916
8.59736
8.46542
8.33338
8.20128
8.06915
7.93702
7.8049
7.67282
7.54079
7.4088
7.27688
7.14502
7.01322
6.88149
6.74982
6.61822
6.48668
6.35519
6.22376
6.09237
5.96104
5.82974
5.69849
5.56727
5.43609
5.30493
5.1738
5.0427
4.91161
4.78054
4.64949
4.51846
4.38743
4.25642
4.12541
3.99442
3.86343
3.73244
3.60146
3.47049
3.33951
3.20854
3.07758
2.94661
2.81565
2.68469
2.55372
2.42276
2.2918
2.16084
2.02988
1.89892
1.76796
1.637
1.50604
1.37508
1.24412
1.11317
0.982206
0.851247
0.720287
0.589328
0.458369
0.327408
0.196453
0.0654778
12.0637
12.0305
11.5562
11.5458
11.5332
11.5419
11.5371
11.5185
11.4847
11.4373
11.3777
11.3076
11.2284
11.1413
11.0475
10.9478
10.8432
10.7342
10.6216
10.5058
10.3873
10.2664
10.1436
10.0191
9.89326
9.76619
9.63812
9.50922
9.37965
9.24951
9.11892
8.98797
8.85673
8.72528
8.59365
8.46191
8.33009
8.19821
8.06632
7.93441
7.80252
7.67066
7.53883
7.40704
7.2753
7.14361
7.01197
6.88039
6.74885
6.61737
6.48593
6.35455
6.2232
6.0919
5.96063
5.8294
5.6982
5.56703
5.43588
5.30476
5.17367
5.04259
4.91152
4.78048
4.64944
4.51842
4.3874
4.2564
4.1254
3.99441
3.86343
3.73245
3.60147
3.4705
3.33953
3.20856
3.07759
2.94663
2.81566
2.6847
2.55374
2.42277
2.29181
2.16085
2.02989
1.89893
1.76797
1.63701
1.50605
1.37509
1.24413
1.11317
0.98221
0.85125
0.72029
0.58933
0.45837
0.327409
0.19645
0.0654831
12.975
12.6165
12.0587
11.916
11.8149
11.7592
11.7083
11.6554
11.5954
11.5274
11.4512
11.3675
11.277
11.1806
11.0789
10.9727
10.8625
10.7489
10.6323
10.5133
10.3921
10.2691
10.1445
10.0186
9.89162
9.76369
9.635
9.50565
9.37578
9.24548
9.11483
8.98389
8.85273
8.72141
8.58995
8.4584
8.32679
8.19514
8.06347
7.93179
7.80012
7.66848
7.53685
7.40526
7.2737
7.14219
7.01071
6.87927
6.74787
6.6165
6.48518
6.35389
6.22263
6.09141
5.96021
5.82904
5.6979
5.56678
5.43568
5.30459
5.17352
5.04247
4.91143
4.7804
4.64939
4.51838
4.38738
4.25638
4.12539
3.99441
3.86343
3.73245
3.60148
3.47051
3.33954
3.20857
3.0776
2.94664
2.81568
2.68471
2.55375
2.42279
2.29183
2.16086
2.0299
1.89894
1.76798
1.63702
1.50606
1.3751
1.24414
1.11318
0.982215
0.851254
0.720293
0.589332
0.458371
0.327409
0.196447
0.0654884
13.6372
13.0958
12.4999
12.2587
12.0856
11.9728
11.879
11.793
11.7072
11.6185
11.5257
11.4283
11.3265
11.2206
11.1109
10.998
10.8822
10.7639
10.6434
10.521
10.3971
10.2719
10.1455
10.0182
9.89008
9.76129
9.63195
9.50215
9.37197
9.24149
9.11076
8.97983
8.84875
8.71755
8.58625
8.4549
8.32349
8.19206
8.06061
7.92916
7.79772
7.66628
7.53486
7.40347
7.2721
7.14075
7.00943
6.87814
6.74687
6.61563
6.48442
6.35323
6.22206
6.09092
5.95979
5.82868
5.69759
5.56652
5.43546
5.30441
5.17338
5.04235
4.91134
4.78033
4.64933
4.51833
4.38734
4.25636
4.12538
3.9944
3.86343
3.73245
3.60148
3.47051
3.33955
3.20858
3.07762
2.94665
2.81569
2.68473
2.55376
2.4228
2.29184
2.16088
2.02991
1.89895
1.76799
1.63703
1.50607
1.37511
1.24414
1.11318
0.98222
0.851258
0.720296
0.589334
0.458372
0.32741
0.196445
0.0654935
14.1238
13.4925
12.8847
12.5722
12.3417
12.1795
12.0465
11.9293
11.8186
11.7097
11.6004
11.4894
11.3763
11.2608
11.1432
11.0236
10.9021
10.779
10.6546
10.5289
10.4023
10.2748
10.1467
10.0179
9.88861
9.75895
9.62895
9.49868
9.36819
9.23752
9.10671
8.97578
8.84477
8.71369
8.58256
8.45139
8.32019
8.18898
8.05775
7.92653
7.7953
7.66408
7.53287
7.40167
7.27048
7.1393
7.00814
6.877
6.74587
6.61475
6.48365
6.35256
6.22148
6.09042
5.95936
5.82832
5.69729
5.56626
5.43525
5.30424
5.17323
5.04223
4.91124
4.78025
4.64927
4.51829
4.38731
4.25634
4.12536
3.99439
3.86342
3.73246
3.60149
3.47052
3.33956
3.20859
3.07763
2.94667
2.8157
2.68474
2.55378
2.42281
2.29185
2.16089
2.02992
1.89896
1.768
1.63704
1.50607
1.37511
1.24415
1.11319
0.982224
0.851262
0.720299
0.589336
0.458373
0.327411
0.196442
0.0654984
14.4926
13.8252
13.2199
12.8568
12.5813
12.377
12.209
12.0629
11.9285
11.8002
11.6748
11.5503
11.426
11.3011
11.1755
11.0492
10.922
10.7942
10.6658
10.5369
10.4075
10.2778
10.1478
10.0176
9.88717
9.75662
9.62596
9.49522
9.36442
9.23356
9.10267
8.97174
8.8408
8.70984
8.57886
8.44788
8.31689
8.18589
8.05489
7.92389
7.79288
7.66187
7.53087
7.39986
7.26886
7.13786
7.00685
6.87586
6.74486
6.61387
6.48287
6.35189
6.2209
6.08992
5.95893
5.82795
5.69698
5.566
5.43503
5.30405
5.17308
5.04211
4.91115
4.78018
4.64921
4.51825
4.38728
4.25632
4.12535
3.99439
3.86342
3.73246
3.6015
3.47053
3.33957
3.20861
3.07764
2.94668
2.81572
2.68475
2.55379
2.42283
2.29186
2.1609
2.02994
1.89897
1.76801
1.63705
1.50608
1.37512
1.24416
1.11319
0.982229
0.851266
0.720302
0.589338
0.458374
0.327412
0.19644
0.0655031
14.7829
14.1084
13.5122
13.1142
12.8035
12.5639
12.3651
12.1926
12.036
11.8891
11.7481
11.6106
11.4751
11.341
11.2075
11.0745
10.9418
10.8093
10.6769
10.5447
10.4127
10.2807
10.1489
10.0172
9.88569
9.75427
9.62296
9.49175
9.36064
9.22959
9.09862
8.9677
8.83683
8.70598
8.57517
8.44437
8.31358
8.1828
8.05203
7.92125
7.79046
7.65967
7.52887
7.39806
7.26724
7.13641
7.00556
6.87471
6.74385
6.61298
6.4821
6.35121
6.22032
6.08941
5.9585
5.82759
5.69667
5.56574
5.43481
5.30387
5.17294
5.04199
4.91105
4.7801
4.64915
4.5182
4.38725
4.25629
4.12534
3.99438
3.86342
3.73246
3.6015
3.47054
3.33958
3.20862
3.07765
2.94669
2.81573
2.68477
2.5538
2.42284
2.29187
2.16091
2.02995
1.89898
1.76802
1.63705
1.50609
1.37513
1.24416
1.1132
0.982234
0.851269
0.720305
0.589341
0.458375
0.327413
0.196438
0.0655076
15.0189
14.3523
13.7682
13.3463
13.0084
12.7395
12.5136
12.3173
12.1401
11.9756
11.8197
11.6696
11.5234
11.3802
11.239
11.0995
10.9612
10.8241
10.6878
10.5524
10.4176
10.2835
10.1499
10.0168
9.88415
9.75187
9.61992
9.48825
9.35683
9.22561
9.09456
8.96365
8.83285
8.70213
8.57147
8.44086
8.31028
8.17972
8.04917
7.91861
7.78804
7.65747
7.52687
7.39626
7.26562
7.13496
7.00428
6.87357
6.74285
6.6121
6.48133
6.35054
6.21974
6.08891
5.95807
5.82722
5.69636
5.56548
5.43459
5.30369
5.17279
5.04187
4.91095
4.78003
4.64909
4.51816
4.38722
4.25627
4.12532
3.99437
3.86342
3.73246
3.60151
3.47055
3.33959
3.20863
3.07767
2.94671
2.81574
2.68478
2.55382
2.42285
2.29189
2.16092
2.02996
1.89899
1.76803
1.63706
1.5061
1.37513
1.24417
1.1132
0.982239
0.851273
0.720308
0.589343
0.458377
0.327414
0.196436
0.0655118
15.216
14.5645
13.9931
13.5553
13.1965
12.9032
12.654
12.4362
12.2401
12.0593
11.8892
11.7269
11.5704
11.4183
11.2697
11.1237
10.9801
10.8384
10.6983
10.5597
10.4223
10.286
10.1507
10.0162
9.88249
9.74937
9.6168
9.48469
9.35298
9.22159
9.09048
8.95958
8.82885
8.69826
8.56777
8.43736
8.30699
8.17664
8.04631
7.91598
7.78564
7.65527
7.52488
7.39446
7.26401
7.13352
7.003
6.87244
6.74185
6.61122
6.48056
6.34988
6.21916
6.08842
5.95765
5.82686
5.69605
5.56522
5.43438
5.30352
5.17264
5.04175
4.91086
4.77995
4.64904
4.51811
4.38718
4.25625
4.12531
3.99437
3.86342
3.73247
3.60151
3.47056
3.3396
3.20864
3.07768
2.94672
2.81576
2.68479
2.55383
2.42286
2.2919
2.16093
2.02997
1.899
1.76804
1.63707
1.50611
1.37514
1.24417
1.11321
0.982243
0.851277
0.720311
0.589345
0.458378
0.327415
0.196434
0.0655157
15.3844
14.7505
14.1915
13.7435
13.3685
13.0552
12.7858
12.5489
12.3356
12.1395
11.9561
11.7823
11.6158
11.4552
11.2993
11.1472
10.9983
10.8521
10.7084
10.5666
10.4267
10.2883
10.1513
10.0155
9.88066
9.74674
9.61357
9.48105
9.34906
9.21753
9.08636
8.95549
8.82485
8.69439
8.56407
8.43385
8.30369
8.17357
8.04347
7.91336
7.78324
7.65309
7.5229
7.39268
7.26241
7.13209
7.00173
6.87132
6.74086
6.61035
6.4798
6.34922
6.21859
6.08793
5.95723
5.8265
5.69575
5.56497
5.43416
5.30334
5.1725
5.04164
4.91076
4.77988
4.64898
4.51807
4.38715
4.25623
4.1253
3.99436
3.86342
3.73247
3.60152
3.47057
3.33961
3.20865
3.07769
2.94673
2.81577
2.68481
2.55384
2.42288
2.29191
2.16095
2.02998
1.89901
1.76805
1.63708
1.50611
1.37515
1.24418
1.11321
0.982248
0.851281
0.720314
0.589348
0.458379
0.327416
0.196432
0.0655194
15.5306
14.9146
14.3671
13.9127
13.5253
13.1955
12.9087
12.655
12.426
12.2158
12.0199
11.8352
11.6593
11.4905
11.3276
11.1695
11.0156
10.8651
10.7178
10.573
10.4306
10.2902
10.1516
10.0145
9.87864
9.74395
9.61022
9.4773
9.34507
9.2134
9.0822
8.95136
8.82082
8.69051
8.56037
8.43035
8.30041
8.17051
8.04064
7.91076
7.78086
7.65092
7.52094
7.39091
7.26083
7.13068
7.00047
6.87021
6.73988
6.6095
6.47906
6.34857
6.21803
6.08744
5.95682
5.82615
5.69545
5.56472
5.43396
5.30317
5.17236
5.04153
4.91067
4.77981
4.64893
4.51803
4.38712
4.25621
4.12529
3.99435
3.86342
3.73247
3.60153
3.47058
3.33962
3.20867
3.07771
2.94675
2.81578
2.68482
2.55385
2.42289
2.29192
2.16096
2.02999
1.89902
1.76806
1.63709
1.50612
1.37515
1.24419
1.11322
0.982253
0.851285
0.720318
0.58935
0.458381
0.327417
0.196431
0.0655228
15.6591
15.0601
14.5229
14.0647
13.6678
13.3245
13.0228
12.7541
12.511
12.2878
12.0804
11.8854
11.7006
11.5241
11.3544
11.1906
11.0318
10.8772
10.7264
10.5788
10.434
10.2917
10.1515
10.0131
9.87637
9.74096
9.6067
9.47343
9.34098
9.2092
9.07798
8.9472
8.81677
8.68662
8.55666
8.42685
8.29713
8.16746
8.03782
7.90817
7.77849
7.64878
7.519
7.38917
7.25926
7.12928
6.99923
6.86911
6.73892
6.60865
6.47832
6.34793
6.21748
6.08697
5.95641
5.82581
5.69516
5.56448
5.43375
5.303
5.17222
5.04142
4.91059
4.77974
4.64887
4.51799
4.3871
4.25619
4.12528
3.99435
3.86342
3.73248
3.60154
3.47059
3.33963
3.20868
3.07772
2.94676
2.8158
2.68483
2.55387
2.4229
2.29194
2.16097
2.03
1.89903
1.76807
1.6371
1.50613
1.37516
1.24419
1.11323
0.982258
0.851289
0.720321
0.589352
0.458383
0.327418
0.19643
0.0655258
15.773
15.1894
14.6614
14.2012
13.797
13.4424
13.1279
12.8461
12.5902
12.3553
12.1371
11.9326
11.7394
11.5555
11.3795
11.2103
11.0468
10.8883
10.7342
10.5839
10.4368
10.2927
10.151
10.0115
9.87381
9.73773
9.603
9.46941
9.33677
9.20492
9.0737
8.943
8.8127
8.68271
8.55295
8.42335
8.29386
8.16443
8.03502
7.90561
7.77615
7.64665
7.51709
7.38744
7.25772
7.12791
6.99802
6.86804
6.73797
6.60783
6.4776
6.34731
6.21694
6.08651
5.95602
5.82547
5.69488
5.56424
5.43356
5.30284
5.17209
5.04131
4.9105
4.77967
4.64882
4.51796
4.38707
4.25618
4.12527
3.99435
3.86342
3.73249
3.60154
3.4706
3.33965
3.20869
3.07773
2.94677
2.81581
2.68485
2.55388
2.42292
2.29195
2.16098
2.03001
1.89904
1.76808
1.63711
1.50614
1.37517
1.2442
1.11323
0.982262
0.851293
0.720324
0.589355
0.458384
0.327419
0.196429
0.0655286
15.8745
15.3045
14.7845
14.3236
13.9136
13.5497
13.2243
12.9309
12.6637
12.418
12.1899
11.9766
11.7755
11.5847
11.4027
11.2283
11.0605
10.8983
10.741
10.5881
10.439
10.2931
10.15
10.0094
9.87092
9.73424
9.59909
9.46522
9.33243
9.20053
9.06935
8.93874
8.80859
8.67878
8.54923
8.41986
8.29061
8.16142
8.03225
7.90306
7.77384
7.64456
7.5152
7.38575
7.25621
7.12656
6.99682
6.86699
6.73705
6.60702
6.4769
6.3467
6.21642
6.08606
5.95564
5.82515
5.69461
5.56402
5.43337
5.30269
5.17197
5.04121
4.91043
4.77961
4.64878
4.51792
4.38705
4.25616
4.12526
3.99435
3.86342
3.73249
3.60155
3.47061
3.33966
3.20871
3.07775
2.94679
2.81583
2.68486
2.5539
2.42293
2.29196
2.16099
2.03002
1.89905
1.76809
1.63712
1.50615
1.37518
1.24421
1.11324
0.982267
0.851297
0.720327
0.589358
0.458386
0.32742
0.196428
0.065531
15.965
15.4069
14.8939
14.4329
14.0184
13.6469
13.312
13.0084
12.7311
12.4756
12.2386
12.0171
11.8086
11.6114
11.4238
11.2446
11.0726
10.9069
10.7468
10.5914
10.4403
10.2928
10.1485
10.0069
9.86767
9.73045
9.59493
9.46084
9.32795
9.19603
9.06491
8.93443
8.80444
8.67484
8.54551
8.41638
8.28737
8.15842
8.0295
7.90055
7.77156
7.64249
7.51334
7.38408
7.25472
7.12525
6.99566
6.86596
6.73615
6.60624
6.47622
6.34611
6.21592
6.08563
5.95527
5.82485
5.69435
5.5638
5.4332
5.30254
5.17185
5.04112
4.91035
4.77956
4.64874
4.5179
4.38703
4.25615
4.12526
3.99435
3.86343
3.7325
3.60156
3.47062
3.33967
3.20872
3.07776
2.9468
2.81584
2.68488
2.55391
2.42294
2.29197
2.161
2.03003
1.89906
1.76809
1.63712
1.50615
1.37518
1.24421
1.11324
0.982272
0.851302
0.720331
0.58936
0.458388
0.327422
0.196428
0.0655331
16.0457
15.4979
14.9909
14.5301
14.1122
13.7342
13.3913
13.0788
12.7924
12.5282
12.2829
12.0538
11.8387
11.6355
11.4427
11.259
11.0832
10.9142
10.7514
10.5938
10.4408
10.2918
10.1464
10.0039
9.86401
9.72632
9.59051
9.45625
9.3233
9.19141
9.06039
8.93005
8.80026
8.67087
8.54178
8.4129
8.28414
8.15545
8.02678
7.89807
7.76931
7.64046
7.51152
7.38245
7.25327
7.12396
6.99453
6.86497
6.73528
6.60548
6.47557
6.34555
6.21543
6.08522
5.95493
5.82455
5.69411
5.5636
5.43303
5.30241
5.17174
5.04103
4.91029
4.77951
4.6487
4.51787
4.38702
4.25614
4.12525
3.99435
3.86344
3.73251
3.60158
3.47063
3.33969
3.20873
3.07778
2.94682
2.81585
2.68489
2.55392
2.42295
2.29199
2.16102
2.03005
1.89907
1.7681
1.63713
1.50616
1.37519
1.24422
1.11325
0.982277
0.851306
0.720334
0.589363
0.45839
0.327423
0.196428
0.0655348
16.1174
15.5783
15.0765
14.6163
14.1956
13.8122
13.4623
13.142
12.8475
12.5754
12.3227
12.0868
11.8654
11.6568
11.4592
11.2713
11.0919
10.92
10.7546
10.595
10.4404
10.2901
10.1436
10.0003
9.85991
9.72184
9.58579
9.45143
9.31847
9.18665
9.05576
8.92561
8.79603
8.66688
8.53805
8.40943
8.28094
8.15251
8.02409
7.89563
7.7671
7.63847
7.50973
7.38087
7.25186
7.12272
6.99343
6.86401
6.73445
6.60476
6.47494
6.34501
6.21497
6.08483
5.9546
5.82428
5.69388
5.56341
5.43287
5.30228
5.17164
5.04096
4.91023
4.77947
4.64867
4.51785
4.38701
4.25614
4.12526
3.99436
3.86345
3.73252
3.60159
3.47065
3.3397
3.20875
3.07779
2.94683
2.81587
2.6849
2.55394
2.42297
2.292
2.16103
2.03006
1.89909
1.76811
1.63714
1.50617
1.3752
1.24423
1.11325
0.982282
0.85131
0.720338
0.589366
0.458392
0.327425
0.196428
0.0655363
16.1807
15.6491
15.1517
14.6921
14.2691
13.8812
13.5252
13.1981
12.8965
12.6173
12.3579
12.1158
11.8888
11.6751
11.4731
11.2814
11.0988
10.9242
10.7566
10.5951
10.4389
10.2875
10.1401
9.99623
9.85533
9.71697
9.58077
9.44636
9.31345
9.18175
9.05104
8.9211
8.79176
8.66287
8.53431
8.40597
8.27775
8.14959
8.02143
7.89322
7.76493
7.63653
7.508
7.37932
7.25049
7.12151
6.99237
6.86308
6.73364
6.60406
6.47434
6.3445
6.21454
6.08446
5.95429
5.82402
5.69366
5.56323
5.43273
5.30217
5.17155
5.04089
4.91018
4.77943
4.64865
4.51784
4.387
4.25614
4.12526
3.99437
3.86346
3.73254
3.6016
3.47067
3.33972
3.20877
3.07781
2.94685
2.81589
2.68492
2.55395
2.42298
2.29201
2.16104
2.03007
1.8991
1.76812
1.63715
1.50618
1.3752
1.24423
1.11326
0.982287
0.851314
0.720341
0.589369
0.458394
0.327426
0.196429
0.0655374
16.2362
15.7108
15.2171
14.7581
14.3332
13.9414
13.5803
13.2472
12.9393
12.6538
12.3884
12.1406
11.9086
11.6903
11.4844
11.2893
11.1037
10.9266
10.757
10.5939
10.4365
10.284
10.1359
9.99148
9.85023
9.71168
9.57541
9.44103
9.30822
9.1767
9.0462
8.91651
8.78744
8.65884
8.53057
8.40252
8.27459
8.14671
8.01881
7.89086
7.76281
7.63463
7.50631
7.37782
7.24917
7.12035
6.99136
6.8622
6.73288
6.6034
6.47378
6.34402
6.21413
6.08412
5.954
5.82378
5.69347
5.56307
5.4326
5.30207
5.17148
5.04083
4.91013
4.7794
4.64863
4.51783
4.387
4.25614
4.12527
3.99438
3.86347
3.73255
3.60162
3.47068
3.33974
3.20878
3.07783
2.94687
2.8159
2.68493
2.55397
2.423
2.29202
2.16105
2.03008
1.89911
1.76813
1.63716
1.50619
1.37521
1.24424
1.11326
0.982292
0.851318
0.720345
0.589372
0.458396
0.327428
0.19643
0.0655382
16.2842
15.764
15.2734
14.8148
14.3884
13.9933
13.6277
13.2893
12.9759
12.6849
12.4141
12.1613
11.9247
11.7024
11.4929
11.2947
11.1066
10.9273
10.7559
10.5914
10.4329
10.2796
10.1309
9.98608
9.8446
9.70595
9.56969
9.43542
9.30278
9.17148
9.04124
8.91184
8.78307
8.65478
8.52682
8.39908
8.27145
8.14386
8.01624
7.88854
7.76074
7.63278
7.50467
7.37637
7.2479
7.11924
6.99039
6.86136
6.73215
6.60278
6.47325
6.34357
6.21375
6.0838
5.95373
5.82356
5.69329
5.56293
5.43249
5.30198
5.17141
5.04078
4.9101
4.77938
4.64862
4.51782
4.387
4.25615
4.12528
3.99439
3.86349
3.73257
3.60164
3.4707
3.33975
3.2088
3.07784
2.94688
2.81592
2.68495
2.55398
2.42301
2.29204
2.16106
2.03009
1.89912
1.76814
1.63717
1.50619
1.37522
1.24424
1.11327
0.982297
0.851323
0.720348
0.589375
0.458399
0.32743
0.196431
0.0655388
16.3251
15.8092
15.321
14.8629
14.435
14.0371
13.6675
13.3246
13.0063
12.7104
12.4348
12.1777
11.937
11.7111
11.4984
11.2976
11.1072
10.9261
10.7532
10.5875
10.4281
10.2742
10.1251
9.97998
9.83839
9.69975
9.5636
9.42951
9.29711
9.16608
9.03615
8.90708
8.77865
8.6507
8.52308
8.39566
8.26834
8.14105
8.01371
7.88628
7.75872
7.63099
7.50309
7.37498
7.24668
7.11817
6.98947
6.86056
6.73147
6.6022
6.47275
6.34315
6.2134
6.08351
5.95349
5.82337
5.69313
5.56281
5.4324
5.30191
5.17135
5.04074
4.91008
4.77936
4.64861
4.51782
4.38701
4.25616
4.12529
3.99441
3.8635
3.73259
3.60166
3.47072
3.33977
3.20882
3.07786
2.9469
2.81593
2.68497
2.55399
2.42302
2.29205
2.16108
2.0301
1.89913
1.76815
1.63718
1.5062
1.37523
1.24425
1.11328
0.982301
0.851327
0.720352
0.589378
0.458401
0.327431
0.196432
0.065539
16.359
15.8466
15.3604
14.9025
14.4735
14.073
13.7001
13.3532
13.0306
12.7304
12.4507
12.1896
11.9454
11.7164
11.501
11.2979
11.1056
10.9229
10.7488
10.5822
10.4221
10.2678
10.1183
9.97315
9.83158
9.69307
9.55711
9.42328
9.2912
9.16051
9.03094
8.90224
8.77418
8.6466
8.51933
8.39225
8.26527
8.13828
8.01123
7.88407
7.75676
7.62926
7.50156
7.37365
7.24552
7.11717
6.9886
6.85982
6.73083
6.60166
6.4723
6.34277
6.21308
6.08325
5.95328
5.8232
5.693
5.5627
5.43232
5.30185
5.17131
5.04072
4.91006
4.77936
4.64861
4.51783
4.38702
4.25618
4.12531
3.99443
3.86353
3.73261
3.60168
3.47074
3.33979
3.20884
3.07788
2.94692
2.81595
2.68498
2.55401
2.42304
2.29206
2.16109
2.03011
1.89914
1.76816
1.63718
1.50621
1.37523
1.24426
1.11328
0.982306
0.851331
0.720356
0.589381
0.458404
0.327433
0.196434
0.065539
16.3864
15.8767
15.3919
14.9342
14.504
14.1013
13.7254
13.3751
13.0488
12.7449
12.4615
12.1971
11.9499
11.7182
11.5005
11.2954
11.1016
10.9177
10.7426
10.5753
10.4148
10.2602
10.1107
9.96556
9.82414
9.68587
9.55022
9.41674
9.28503
9.15475
9.0256
8.89731
8.76966
8.64247
8.51559
8.38887
8.26223
8.13556
8.00881
7.88193
7.75486
7.6276
7.50011
7.37239
7.24442
7.11622
6.98779
6.85913
6.73025
6.60116
6.47189
6.34243
6.2128
6.08302
5.9531
5.82305
5.69289
5.56262
5.43225
5.30181
5.17129
5.0407
4.91006
4.77936
4.64862
4.51785
4.38704
4.2562
4.12534
3.99445
3.86355
3.73263
3.6017
3.47076
3.33982
3.20886
3.0779
2.94694
2.81597
2.685
2.55403
2.42305
2.29208
2.1611
2.03012
1.89915
1.76817
1.63719
1.50622
1.37524
1.24426
1.11329
0.982311
0.851335
0.720359
0.589384
0.458406
0.327435
0.196435
0.0655388
16.4072
15.8996
15.4159
14.9581
14.5268
14.1222
13.7437
13.3904
13.0609
12.7538
12.4674
12.2001
11.9503
11.7164
11.4969
11.2902
11.0952
10.9104
10.7346
10.5669
10.4062
10.2515
10.1021
9.95718
9.81605
9.67814
9.5429
9.40986
9.27862
9.14881
9.02012
8.89229
8.76509
8.63833
8.51185
8.38552
8.25923
8.13289
8.00645
7.87984
7.75304
7.626
7.49872
7.37119
7.24339
7.11534
6.98704
6.85849
6.72972
6.60072
6.47152
6.34213
6.21256
6.08283
5.95295
5.82294
5.6928
5.56256
5.43221
5.30178
5.17128
5.0407
4.91006
4.77938
4.64864
4.51787
4.38706
4.25622
4.12536
3.99448
3.86358
3.73266
3.60173
3.47079
3.33984
3.20888
3.07792
2.94696
2.81599
2.68501
2.55404
2.42306
2.29209
2.16111
2.03013
1.89916
1.76818
1.6372
1.50622
1.37525
1.24427
1.11329
0.982316
0.85134
0.720363
0.589387
0.458409
0.327437
0.196438
0.0655384
16.4218
15.9157
15.4327
14.9746
14.5422
14.1358
13.7551
13.3991
13.0669
12.7571
12.4681
12.1985
11.9466
11.711
11.49
11.2822
11.0862
10.9008
10.7248
10.5569
10.3962
10.2417
10.0925
9.94798
9.80729
9.66987
9.53514
9.40264
9.27194
9.14267
9.01451
8.88718
8.76047
8.63417
8.50812
8.38219
8.25627
8.13028
8.00415
7.87783
7.75128
7.62448
7.49741
7.37006
7.24243
7.11453
6.98635
6.85792
6.72924
6.60033
6.4712
6.34187
6.21236
6.08267
5.95283
5.82285
5.69274
5.56252
5.43219
5.30178
5.17128
5.04071
4.91008
4.7794
4.64867
4.5179
4.38709
4.25626
4.12539
3.99451
3.86361
3.73269
3.60176
3.47082
3.33987
3.20891
3.07794
2.94698
2.81601
2.68503
2.55406
2.42308
2.2921
2.16112
2.03014
1.89917
1.76819
1.63721
1.50623
1.37525
1.24428
1.1133
0.982321
0.851344
0.720367
0.58939
0.458412
0.327439
0.19644
0.0655378
16.4303
15.9251
15.4423
14.9838
14.5503
14.1423
13.7596
13.4015
13.067
12.7549
12.4638
12.1923
11.9388
11.7018
11.4797
11.2712
11.0748
10.8891
10.713
10.5452
10.3848
10.2306
10.082
9.93794
9.79784
9.66103
9.52694
9.39508
9.265
9.13634
9.00876
8.88199
8.7558
8.62999
8.5044
8.3789
8.25337
8.12774
8.00193
7.8759
7.74961
7.62304
7.49618
7.36901
7.24155
7.11378
6.98573
6.85741
6.72882
6.59999
6.47093
6.34166
6.2122
6.08255
5.95274
5.82279
5.6927
5.5625
5.43219
5.30179
5.1713
5.04074
4.91012
4.77944
4.64871
4.51794
4.38713
4.25629
4.12543
3.99455
3.86364
3.73272
3.60179
3.47084
3.33989
3.20893
3.07797
2.947
2.81602
2.68505
2.55407
2.42309
2.29211
2.16113
2.03015
1.89918
1.7682
1.63722
1.50624
1.37526
1.24428
1.1133
0.982326
0.851348
0.720371
0.589394
0.458415
0.327442
0.196443
0.0655369
16.4328
15.928
15.4451
14.9859
14.5514
14.1419
13.7574
13.3974
13.0609
12.747
12.4543
12.1814
11.9267
11.6888
11.4661
11.2572
11.0606
10.8751
10.6992
10.5318
10.3719
10.2184
10.0704
9.92705
9.78769
9.65163
9.51829
9.38716
9.25779
9.12981
9.00288
8.87672
8.7511
8.62582
8.50071
8.37565
8.25052
8.12526
7.99978
7.87404
7.74802
7.62169
7.49503
7.36805
7.24074
7.11311
6.98519
6.85696
6.72847
6.59971
6.47072
6.3415
6.21208
6.08247
5.95269
5.82276
5.6927
5.56251
5.43221
5.30182
5.17134
5.04078
4.91016
4.77948
4.64875
4.51798
4.38718
4.25634
4.12547
3.99458
3.86368
3.73276
3.60182
3.47087
3.33992
3.20896
3.07799
2.94702
2.81604
2.68507
2.55409
2.42311
2.29213
2.16115
2.03017
1.89918
1.7682
1.63722
1.50624
1.37527
1.24429
1.11331
0.982331
0.851353
0.720375
0.589397
0.458418
0.327444
0.196445
0.065536
16.4295
15.9245
15.4412
14.9812
14.5455
14.1346
13.7485
13.3869
13.0489
12.7336
12.4397
12.1657
11.9104
11.672
11.4491
11.2402
11.0439
10.8587
10.6833
10.5167
10.3575
10.2048
10.0577
9.91528
9.77682
9.64166
9.50918
9.37889
9.25032
9.12309
8.99687
8.87137
8.74636
8.62164
8.49704
8.37245
8.24774
8.12285
7.99771
7.87228
7.74652
7.62042
7.49397
7.36717
7.24002
7.11253
6.98471
6.85659
6.72818
6.59949
6.47055
6.34139
6.21201
6.08243
5.95268
5.82277
5.69272
5.56255
5.43226
5.30187
5.17139
5.04084
4.91022
4.77954
4.64881
4.51804
4.38723
4.25639
4.12552
3.99463
3.86372
3.73279
3.60185
3.47091
3.33995
3.20898
3.07801
2.94704
2.81606
2.68508
2.5541
2.42312
2.29214
2.16116
2.03018
1.89919
1.76821
1.63723
1.50625
1.37527
1.24429
1.11331
0.982335
0.851357
0.720379
0.589401
0.458421
0.327446
0.196448
0.0655349
16.4204
15.9148
15.4307
14.9697
14.5327
14.1205
13.7331
13.3701
13.0309
12.7146
12.4198
12.1453
11.8897
11.6512
11.4286
11.2201
11.0243
10.8399
10.6655
10.4997
10.3416
10.19
10.044
9.90263
9.76524
9.6311
9.49962
9.37027
9.24259
9.11619
8.99074
8.86595
8.74159
8.61746
8.49341
8.3693
8.24503
8.12053
7.99574
7.87061
7.74512
7.61926
7.49301
7.36638
7.23938
7.11202
6.98432
6.85629
6.72795
6.59933
6.47045
6.34133
6.21198
6.08243
5.9527
5.82281
5.69278
5.56261
5.43232
5.30194
5.17146
5.04091
4.91029
4.77961
4.64888
4.5181
4.38729
4.25644
4.12557
3.99468
3.86376
3.73283
3.60189
3.47094
3.33998
3.20901
3.07804
2.94706
2.81608
2.6851
2.55412
2.42314
2.29215
2.16117
2.03019
1.8992
1.76822
1.63724
1.50626
1.37528
1.2443
1.11332
0.98234
0.851361
0.720383
0.589404
0.458424
0.327449
0.196452
0.0655338
16.4057
15.8991
15.4138
14.9515
14.5132
14.0997
13.711
13.3469
13.0069
12.6899
12.3947
12.1201
11.8646
11.6266
11.4045
11.1968
11.0021
10.8187
10.6455
10.481
10.3242
10.1739
10.0291
9.88908
9.75292
9.61996
9.4896
9.3613
9.2346
9.1091
8.98449
8.86047
8.7368
8.61331
8.48982
8.36622
8.2424
8.1183
7.99386
7.86904
7.74382
7.61819
7.49215
7.36569
7.23884
7.11161
6.98401
6.85607
6.7278
6.59924
6.47041
6.34132
6.212
6.08248
5.95277
5.82289
5.69286
5.5627
5.43242
5.30203
5.17156
5.041
4.91037
4.77969
4.64895
4.51817
4.38735
4.2565
4.12563
3.99473
3.86381
3.73288
3.60193
3.47097
3.34001
3.20904
3.07806
2.94709
2.8161
2.68512
2.55414
2.42315
2.29217
2.16118
2.0302
1.89921
1.76823
1.63725
1.50627
1.37528
1.2443
1.11332
0.982345
0.851366
0.720386
0.589408
0.458427
0.327451
0.196455
0.0655326
16.3855
15.8773
15.3905
14.9267
14.487
14.0722
13.6824
13.3175
12.9768
12.6595
12.3643
12.09
11.835
11.5978
11.3768
11.1704
10.977
10.7951
10.6234
10.4605
10.3052
10.1565
10.0132
9.87465
9.73989
9.60825
9.47913
9.35199
9.22636
9.10185
8.97814
8.85493
8.73201
8.60918
8.48629
8.36321
8.23986
8.11617
7.99209
7.86759
7.74264
7.61724
7.4914
7.36511
7.2384
7.11129
6.98379
6.85593
6.72773
6.59922
6.47043
6.34137
6.21208
6.08257
5.95287
5.823
5.69298
5.56282
5.43253
5.30215
5.17167
5.0411
4.91047
4.77978
4.64904
4.51825
4.38743
4.25657
4.12569
3.99478
3.86386
3.73292
3.60197
3.47101
3.34004
3.20907
3.07809
2.94711
2.81612
2.68514
2.55415
2.42317
2.29218
2.16119
2.03021
1.89922
1.76824
1.63725
1.50627
1.37529
1.24431
1.11333
0.982349
0.85137
0.72039
0.589411
0.458431
0.327454
0.196459
0.0655313
16.3598
15.8496
15.3609
14.8954
14.4542
14.038
13.6473
13.2816
12.9406
12.6234
12.3286
12.055
11.801
11.5651
11.3455
11.1407
10.949
10.769
10.5991
10.4381
10.2847
10.1377
9.99626
9.85932
9.72613
9.59597
9.46822
9.34235
9.21789
9.09445
8.9717
8.84937
8.72722
8.60509
8.48282
8.36029
8.23742
8.11416
7.99044
7.86625
7.74157
7.61641
7.49076
7.36464
7.23806
7.11106
6.98365
6.85587
6.72773
6.59927
6.47051
6.34148
6.21221
6.08271
5.95302
5.82315
5.69313
5.56296
5.43268
5.30228
5.17179
5.04123
4.91059
4.77989
4.64914
4.51834
4.38751
4.25665
4.12576
3.99484
3.86391
3.73297
3.60201
3.47105
3.34008
3.2091
3.07812
2.94713
2.81615
2.68516
2.55417
2.42318
2.29219
2.1612
2.03022
1.89923
1.76825
1.63726
1.50628
1.3753
1.24431
1.11333
0.982354
0.851374
0.720394
0.589415
0.458434
0.327457
0.196463
0.0655301
16.3287
15.8161
15.3251
14.8576
14.4147
13.9972
13.6055
13.2394
12.8984
12.5815
12.2875
12.015
11.7624
11.5282
11.3105
11.1077
10.9182
10.7404
10.5727
10.4139
10.2626
10.1177
9.97819
9.84312
9.71168
9.58314
9.45689
9.3324
9.2092
9.0869
8.96518
8.84378
8.72246
8.60106
8.47943
8.35747
8.2351
8.11226
7.98891
7.86504
7.74063
7.6157
7.49024
7.36428
7.23784
7.11094
6.98362
6.8559
6.72781
6.59939
6.47066
6.34165
6.21239
6.0829
5.95321
5.82334
5.69331
5.56314
5.43285
5.30244
5.17194
5.04136
4.91072
4.78001
4.64924
4.51844
4.3876
4.25673
4.12583
3.99491
3.86397
3.73302
3.60206
3.47109
3.34011
3.20913
3.07814
2.94716
2.81617
2.68518
2.55418
2.42319
2.2922
2.16121
2.03023
1.89924
1.76825
1.63727
1.50628
1.3753
1.24432
1.11334
0.982358
0.851378
0.720398
0.589419
0.458438
0.32746
0.196467
0.0655289
16.2924
15.7767
15.2831
14.8133
14.3685
13.9497
13.5572
13.1908
12.8499
12.5337
12.2409
11.9699
11.7193
11.4871
11.2718
11.0715
10.8845
10.7092
10.5441
10.3878
10.2389
10.0964
9.95906
9.82605
9.69653
9.56977
9.44516
9.32216
9.20031
9.07923
8.95861
8.83818
8.71773
8.5971
8.47614
8.35477
8.2329
8.1105
7.98753
7.86397
7.73983
7.61512
7.48985
7.36404
7.23772
7.11093
6.98368
6.85602
6.72798
6.59959
6.47088
6.34189
6.21263
6.08314
5.95345
5.82357
5.69353
5.56335
5.43304
5.30262
5.17211
5.04152
4.91086
4.78014
4.64936
4.51855
4.38769
4.25681
4.1259
3.99498
3.86403
3.73308
3.60211
3.47113
3.34015
3.20916
3.07817
2.94718
2.81619
2.68519
2.5542
2.42321
2.29222
2.16122
2.03024
1.89925
1.76826
1.63727
1.50629
1.37531
1.24432
1.11334
0.982362
0.851382
0.720402
0.589423
0.458442
0.327464
0.196471
0.0655278
16.2508
15.7317
15.235
14.7625
14.3157
13.8955
13.5022
13.1357
12.7953
12.4801
12.1888
11.9199
11.6715
11.442
11.2294
11.032
10.8479
10.6756
10.5134
10.3599
10.2138
10.0738
9.93891
9.80817
9.68074
9.55592
9.43307
9.31167
9.19126
9.07148
8.95202
8.83261
8.71307
8.59323
8.47297
8.35219
8.23084
8.10888
7.98629
7.86305
7.73918
7.61469
7.48959
7.36393
7.23773
7.11102
6.98385
6.85624
6.72824
6.59987
6.47117
6.34218
6.21293
6.08343
5.95373
5.82384
5.69379
5.56359
5.43326
5.30283
5.1723
5.04169
4.91101
4.78028
4.64949
4.51866
4.3878
4.2569
4.12599
3.99505
3.8641
3.73313
3.60216
3.47117
3.34019
3.2092
3.0782
2.94721
2.81621
2.68521
2.55422
2.42322
2.29223
2.16124
2.03024
1.89925
1.76827
1.63728
1.5063
1.37531
1.24433
1.11335
0.982367
0.851386
0.720407
0.589427
0.458446
0.327467
0.196476
0.065527
16.204
15.6809
15.1807
14.7053
14.2563
13.8346
13.4406
13.0741
12.7345
12.4207
12.1313
11.8647
11.6191
11.3926
11.1833
10.9892
10.8086
10.6396
10.4807
10.3303
10.1872
10.05
9.91779
9.78951
9.66436
9.54161
9.42065
9.30096
9.18209
9.06368
8.94543
8.8271
8.7085
8.58948
8.46993
8.34977
8.22895
8.10744
7.98522
7.86229
7.73868
7.6144
7.48948
7.36396
7.23786
7.11124
6.98412
6.85656
6.72858
6.60023
6.47154
6.34255
6.21328
6.08378
5.95406
5.82415
5.69407
5.56386
5.43351
5.30306
5.17251
5.04188
4.91119
4.78043
4.64963
4.51879
4.38791
4.257
4.12607
3.99513
3.86416
3.73319
3.60221
3.47122
3.34023
3.20923
3.07823
2.94723
2.81623
2.68523
2.55423
2.42323
2.29224
2.16125
2.03025
1.89926
1.76827
1.63729
1.5063
1.37532
1.24433
1.11335
0.982371
0.85139
0.720411
0.589431
0.45845
0.327471
0.196481
0.0655264
16.1511
15.6233
15.119
14.6404
14.1889
13.7656
13.3709
13.0046
12.666
12.354
12.067
11.8033
11.5611
11.3382
11.1326
10.9424
10.7656
10.6005
10.4452
10.2984
10.1587
10.0247
9.89537
9.76981
9.64715
9.52667
9.40776
9.28991
9.17269
9.05575
8.93879
8.8216
8.70399
8.58583
8.46702
8.3475
8.22722
8.10616
7.98432
7.86171
7.73836
7.61429
7.48953
7.36413
7.23814
7.11158
6.98452
6.85699
6.72903
6.60068
6.47199
6.34299
6.21371
6.08418
5.95444
5.8245
5.69441
5.56416
5.43379
5.30331
5.17274
5.04209
4.91138
4.7806
4.64978
4.51892
4.38803
4.25711
4.12616
3.99521
3.86423
3.73325
3.60226
3.47127
3.34027
3.20926
3.07826
2.94726
2.81625
2.68525
2.55425
2.42325
2.29225
2.16125
2.03026
1.89927
1.76828
1.63729
1.50631
1.37532
1.24434
1.11336
0.982375
0.851394
0.720415
0.589435
0.458455
0.327476
0.196487
0.0655265
16.0899
15.5565
15.0474
14.5648
14.1105
13.6854
13.2901
12.9242
12.587
12.2773
11.9933
11.7333
11.495
11.2765
11.0754
10.8898
10.7175
10.5568
10.4059
10.2632
10.1273
9.99691
9.87095
9.74846
9.6286
9.51065
9.39403
9.27823
9.16282
9.04749
8.93194
8.81599
8.69945
8.58221
8.4642
8.34535
8.22564
8.10505
7.98361
7.86132
7.73823
7.61436
7.48977
7.36449
7.23858
7.11209
6.98507
6.85755
6.7296
6.60125
6.47255
6.34352
6.21422
6.08466
5.95489
5.82492
5.69479
5.56451
5.43411
5.30361
5.17301
5.04233
4.91159
4.78079
4.64995
4.51907
4.38816
4.25722
4.12627
3.99529
3.86431
3.73332
3.60232
3.47131
3.34031
3.2093
3.07829
2.94728
2.81627
2.68527
2.55426
2.42326
2.29226
2.16126
2.03027
1.89928
1.76829
1.6373
1.50631
1.37532
1.24434
1.11336
0.982378
0.851398
0.720419
0.58944
0.45846
0.327481
0.196494
0.0655283
16.0308
15.492
14.9781
14.4917
14.0346
13.6078
13.2119
12.8466
12.5109
12.2035
11.9226
11.6661
11.4319
11.2176
11.021
10.8398
10.672
10.5157
10.3689
10.2301
10.0979
9.97101
9.84825
9.72867
9.61147
9.49592
9.38146
9.26757
9.15387
9.04004
8.92581
8.811
8.69546
8.57907
8.46178
8.34355
8.22435
8.1042
7.9831
7.8611
7.73824
7.61455
7.49009
7.36492
7.23909
7.11264
6.98565
6.85815
6.73019
6.60183
6.4731
6.34405
6.21472
6.08513
5.95533
5.82533
5.69516
5.56486
5.43442
5.30389
5.17326
5.04256
4.91179
4.78097
4.65011
4.51921
4.38828
4.25733
4.12636
3.99538
3.86438
3.73338
3.60237
3.47136
3.34035
3.20933
3.07832
2.9473
2.81629
2.68528
2.55428
2.42327
2.29227
2.16127
2.03028
1.89928
1.76829
1.6373
1.50631
1.37533
1.24434
1.11336
0.982382
0.851402
0.720423
0.589444
0.458464
0.327486
0.196501
0.0655328
10.145
10.1545
10.2219
10.3406
10.4906
10.6543
10.8158
10.9636
11.0896
11.189
11.2597
11.3014
11.3153
11.3033
11.2679
11.2118
11.1377
11.0482
10.9456
10.8322
10.71
10.5807
10.4457
10.3063
10.1637
10.0188
9.87227
9.72478
9.57682
9.42881
9.28105
9.1338
8.98723
8.84147
8.69661
8.5527
8.40977
8.2678
8.1268
7.98671
7.84752
7.70915
7.57158
7.43473
7.29856
7.163
7.02801
6.89353
6.7595
6.62589
6.49265
6.35974
6.22711
6.09474
5.96259
5.83064
5.69885
5.56721
5.4357
5.30429
5.17297
5.04173
4.91056
4.77944
4.64837
4.51733
4.38632
4.25534
4.12437
3.99342
3.86248
3.73156
3.60063
3.46971
3.3388
3.20788
3.07697
2.94605
2.81513
2.68421
2.55329
2.42236
2.29143
2.1605
2.02957
1.89863
1.7677
1.63675
1.50581
1.37487
1.24392
1.11297
0.982024
0.851075
0.720127
0.589178
0.458232
0.327283
0.196355
0.0653776
10.1541
10.163
10.2253
10.3344
10.4728
10.6248
10.7761
10.9156
11.0357
11.1315
11.2006
11.2424
11.2578
11.2483
11.2162
11.1637
11.0935
11.008
10.9094
10.7998
10.6812
10.5553
10.4235
10.2871
10.1471
10.0045
9.86013
9.71452
9.56824
9.42169
9.27521
9.12906
8.98345
8.8385
8.69434
8.55101
8.40856
8.267
8.12632
7.9865
7.84752
7.70932
7.57187
7.43512
7.29901
7.1635
7.02853
6.89405
6.76003
6.62641
6.49315
6.36021
6.22756
6.09516
5.96298
5.831
5.69918
5.56752
5.43597
5.30454
5.1732
5.04194
4.91074
4.7796
4.64851
4.51745
4.38643
4.25543
4.12446
3.9935
3.86255
3.73161
3.60068
3.46975
3.33883
3.20791
3.07699
2.94607
2.81515
2.68423
2.5533
2.42237
2.29144
2.16051
2.02958
1.89864
1.7677
1.63676
1.50582
1.37487
1.24393
1.11298
0.98203
0.851082
0.720134
0.589186
0.458241
0.327292
0.196367
0.0653868
10.156
10.1647
10.2225
10.3232
10.451
10.5921
10.7335
10.8651
10.9793
11.0715
11.139
11.1809
11.1977
11.1907
11.1618
11.113
11.0468
10.9653
10.8708
10.7653
10.6505
10.5281
10.3996
10.2662
10.1291
9.989
9.84686
9.70327
9.55877
9.41379
9.26869
9.12374
8.97916
8.8351
8.69169
8.549
8.40709
8.26598
8.12566
7.98615
7.8474
7.70939
7.57209
7.43545
7.29942
7.16396
7.02903
6.89458
6.76056
6.62693
6.49366
6.3607
6.22802
6.0956
5.96339
5.83138
5.69953
5.56783
5.43626
5.3048
5.17344
5.04215
4.91093
4.77977
4.64866
4.51759
4.38655
4.25554
4.12455
3.99358
3.86262
3.73167
3.60073
3.4698
3.33887
3.20794
3.07702
2.94609
2.81517
2.68424
2.55332
2.42239
2.29145
2.16052
2.02959
1.89865
1.76771
1.63677
1.50582
1.37488
1.24393
1.11298
0.982037
0.851089
0.720141
0.589194
0.45825
0.327302
0.19638
0.065391
10.1466
10.1559
10.2112
10.3066
10.4272
10.5605
10.6947
10.8202
10.9299
11.0192
11.0853
11.1272
11.1451
11.1401
11.1138
11.0681
11.0052
10.9272
10.8362
10.734
10.6225
10.5033
10.3777
10.247
10.1123
9.97454
9.83443
9.69266
9.54978
9.40624
9.2624
9.11855
8.97493
8.8317
8.68899
8.54691
8.40551
8.26482
8.12486
7.98564
7.84713
7.70931
7.57216
7.43563
7.29969
7.1643
7.02941
6.89498
6.76098
6.62735
6.49407
6.36111
6.22841
6.09597
5.96374
5.8317
5.69983
5.56811
5.43652
5.30504
5.17365
5.04234
4.9111
4.77992
4.6488
4.51771
4.38666
4.25563
4.12463
3.99365
3.86268
3.73173
3.60078
3.46984
3.33891
3.20797
3.07705
2.94612
2.81519
2.68426
2.55333
2.4224
2.29147
2.16053
2.02959
1.89866
1.76771
1.63677
1.50583
1.37488
1.24394
1.11299
0.982043
0.851096
0.720148
0.589201
0.458258
0.32731
0.196391
0.0653921
10.1259
10.1375
10.1922
10.2849
10.4009
10.529
10.658
10.779
10.8853
10.9722
11.0372
11.0791
11.0979
11.0945
11.0704
11.0273
10.9673
10.8923
10.8043
10.7051
10.5966
10.4801
10.3571
10.2289
10.0965
9.96073
9.82249
9.68241
9.54103
9.39883
9.25618
9.11338
8.97066
8.82822
8.6862
8.5447
8.40379
8.26352
8.12392
7.98499
7.84672
7.7091
7.5721
7.43569
7.29985
7.16453
7.02969
6.8953
6.76131
6.6277
6.49442
6.36145
6.22875
6.09629
5.96405
5.83199
5.7001
5.56836
5.43675
5.30525
5.17384
5.04251
4.91126
4.78007
4.64892
4.51782
4.38676
4.25572
4.12471
3.99372
3.86274
3.73178
3.60083
3.46988
3.33894
3.208
3.07707
2.94614
2.81521
2.68428
2.55334
2.42241
2.29148
2.16054
2.0296
1.89866
1.76772
1.63678
1.50584
1.37489
1.24394
1.113
0.98205
0.851102
0.720155
0.589209
0.458266
0.327317
0.196401
0.0653921
10.0943
10.1101
10.1662
10.2584
10.3722
10.4971
10.6226
10.7404
10.8442
10.9294
10.9935
11.0353
11.0549
11.0528
11.0305
10.9897
10.9321
10.8598
10.7745
10.678
10.5721
10.4581
10.3375
10.2116
10.0812
9.94737
9.81088
9.67238
9.53243
9.3915
9.24998
9.10817
8.96633
8.82465
8.68329
8.54237
8.40195
8.26209
8.12284
7.9842
7.84618
7.70875
7.57192
7.43564
7.2999
7.16466
7.02988
6.89553
6.76157
6.62798
6.49471
6.36174
6.22904
6.09657
5.96431
5.83225
5.70034
5.56859
5.43696
5.30544
5.17401
5.04267
4.91141
4.7802
4.64904
4.51793
4.38685
4.25581
4.12478
3.99378
3.8628
3.73183
3.60087
3.46992
3.33898
3.20803
3.0771
2.94616
2.81523
2.68429
2.55336
2.42242
2.29149
2.16055
2.02961
1.89867
1.76773
1.63679
1.50584
1.3749
1.24395
1.113
0.982056
0.851109
0.720162
0.589215
0.458273
0.327323
0.19641
0.0653916
10.0522
10.0741
10.1337
10.2275
10.3412
10.4649
10.5886
10.7045
10.8065
10.8904
10.9539
10.9957
11.0158
11.0149
10.9942
10.9552
10.8998
10.8297
10.7467
10.6527
10.549
10.4374
10.319
10.195
10.0666
9.9345
9.79963
9.6626
9.52399
9.38426
9.24381
9.10295
8.96195
8.82101
8.6803
8.53992
8.39998
8.26054
8.12164
7.98329
7.84551
7.7083
7.57163
7.43549
7.29986
7.1647
7.02998
6.89568
6.76177
6.6282
6.49494
6.36198
6.22928
6.09681
5.96455
5.83247
5.70056
5.56879
5.43714
5.30561
5.17418
5.04282
4.91154
4.78032
4.64915
4.51803
4.38694
4.25588
4.12486
3.99385
3.86286
3.73188
3.60092
3.46996
3.33901
3.20806
3.07712
2.94618
2.81525
2.68431
2.55337
2.42244
2.2915
2.16056
2.02962
1.89868
1.76774
1.63679
1.50585
1.3749
1.24396
1.11301
0.982062
0.851115
0.720169
0.589222
0.45828
0.327329
0.196417
0.065391
9.99994
10.0299
10.095
10.1926
10.3083
10.4326
10.556
10.6711
10.7721
10.8554
10.9184
10.9603
10.9808
10.9808
10.9613
10.9239
10.8702
10.8021
10.7211
10.6291
10.5275
10.4179
10.3014
10.1793
10.0526
9.92215
9.78877
9.65311
9.51575
9.37714
9.2377
9.09775
8.95755
8.81732
8.67722
8.53739
8.39792
8.25888
8.12032
7.98227
7.84474
7.70773
7.57123
7.43523
7.29971
7.16465
7.03001
6.89577
6.76189
6.62835
6.49512
6.36217
6.22947
6.09701
5.96474
5.83266
5.70074
5.56896
5.43731
5.30577
5.17432
5.04295
4.91166
4.78043
4.64925
4.51812
4.38702
4.25596
4.12492
3.99391
3.86291
3.73193
3.60096
3.47
3.33904
3.20809
3.07715
2.94621
2.81527
2.68433
2.55339
2.42245
2.29151
2.16057
2.02963
1.89869
1.76774
1.6368
1.50586
1.37491
1.24396
1.11302
0.982069
0.851121
0.720175
0.589228
0.458287
0.327334
0.196425
0.0653904
9.93784
9.97775
10.0503
10.1539
10.2736
10.4004
10.5249
10.6402
10.7411
10.8241
10.8869
10.9288
10.9497
10.9503
10.9318
10.8956
10.8434
10.7768
10.6976
10.6073
10.5076
10.3997
10.2849
10.1645
10.0393
9.91034
9.77832
9.64393
9.50772
9.37017
9.23168
9.09257
8.95314
8.81358
8.67408
8.53477
8.39576
8.25711
8.11889
7.98113
7.84385
7.70705
7.57073
7.43488
7.29948
7.16452
7.02995
6.89577
6.76194
6.62844
6.49524
6.36231
6.22963
6.09716
5.9649
5.83282
5.7009
5.56911
5.43745
5.3059
5.17445
5.04307
4.91177
4.78053
4.64935
4.5182
4.3871
4.25603
4.12499
3.99396
3.86296
3.73197
3.601
3.47003
3.33907
3.20812
3.07717
2.94623
2.81529
2.68434
2.5534
2.42246
2.29152
2.16058
2.02964
1.8987
1.76775
1.63681
1.50586
1.37492
1.24397
1.11302
0.982075
0.851128
0.720181
0.589234
0.458293
0.32734
0.196431
0.06539
9.86617
9.91798
10.0001
10.1118
10.2375
10.3684
10.4954
10.612
10.7134
10.7965
10.8593
10.9012
10.9223
10.9234
10.9055
10.8703
10.8192
10.7539
10.6761
10.5873
10.4891
10.3827
10.2695
10.1505
10.0267
9.89907
9.7683
9.63506
9.49992
9.36334
9.22574
9.08744
8.94873
8.80981
8.67089
8.53208
8.39351
8.25526
8.11737
7.9799
7.84287
7.70628
7.57014
7.43444
7.29917
7.1643
7.02982
6.89571
6.76194
6.62848
6.49531
6.3624
6.22973
6.09728
5.96503
5.83295
5.70103
5.56924
5.43758
5.30602
5.17456
5.04318
4.91187
4.78062
4.64943
4.51828
4.38717
4.25609
4.12504
3.99402
3.86301
3.73202
3.60104
3.47007
3.3391
3.20815
3.0772
2.94625
2.8153
2.68436
2.55342
2.42248
2.29153
2.16059
2.02965
1.89871
1.76776
1.63682
1.50587
1.37492
1.24398
1.11303
0.982081
0.851134
0.720187
0.58924
0.458298
0.327344
0.196437
0.0653899
9.78505
9.85083
9.94457
10.0666
10.2003
10.3369
10.4677
10.5866
10.6891
10.7726
10.8356
10.8775
10.8987
10.8999
10.8825
10.8479
10.7976
10.7333
10.6566
10.5691
10.4721
10.367
10.255
10.1373
10.0148
9.88834
9.7587
9.62651
9.49235
9.35668
9.21991
9.08236
8.94433
8.80603
8.66765
8.52933
8.39119
8.25331
8.11576
7.97858
7.84179
7.70541
7.56946
7.43391
7.29876
7.16401
7.02962
6.89558
6.76187
6.62845
6.49532
6.36244
6.2298
6.09736
5.96512
5.83305
5.70113
5.56934
5.43768
5.30612
5.17466
5.04327
4.91196
4.78071
4.64951
4.51835
4.38724
4.25615
4.1251
3.99407
3.86305
3.73206
3.60107
3.4701
3.33913
3.20817
3.07722
2.94627
2.81532
2.68438
2.55343
2.42249
2.29155
2.1606
2.02966
1.89871
1.76777
1.63682
1.50588
1.37493
1.24398
1.11303
0.982087
0.85114
0.720193
0.589246
0.458304
0.327349
0.196442
0.0653901
9.69441
9.77644
9.88413
10.0188
10.1624
10.3065
10.4422
10.5641
10.6683
10.7526
10.8157
10.8576
10.8786
10.8799
10.8626
10.8283
10.7786
10.715
10.6391
10.5525
10.4565
10.3525
10.2416
10.125
10.0036
9.87816
9.74952
9.61829
9.48502
9.35019
9.21418
9.07735
8.93995
8.80224
8.66438
8.52653
8.3888
8.25129
8.11406
7.97716
7.84062
7.70446
7.56869
7.4333
7.29828
7.16364
7.02935
6.89539
6.76174
6.62838
6.49529
6.36244
6.22982
6.09741
5.96518
5.83312
5.7012
5.56942
5.43776
5.3062
5.17474
5.04335
4.91203
4.78078
4.64957
4.51842
4.3873
4.25621
4.12515
3.99411
3.8631
3.73209
3.60111
3.47013
3.33916
3.2082
3.07724
2.94629
2.81534
2.68439
2.55345
2.4225
2.29156
2.16061
2.02967
1.89872
1.76778
1.63683
1.50588
1.37494
1.24399
1.11304
0.982093
0.851146
0.720199
0.589251
0.458309
0.327353
0.196447
0.0653906
9.59397
9.69488
9.81902
9.96885
10.1244
10.2773
10.4191
10.5449
10.6512
10.7363
10.7997
10.8414
10.8622
10.8632
10.8458
10.8115
10.762
10.6988
10.6235
10.5375
10.4423
10.3392
10.2292
10.1135
9.99302
9.86853
9.74078
9.6104
9.47795
9.34387
9.20858
9.0724
8.93561
8.79844
8.66108
8.52368
8.38636
8.2492
8.11229
7.97567
7.83937
7.70343
7.56783
7.4326
7.29773
7.1632
7.02901
6.89513
6.76155
6.62825
6.4952
6.3624
6.22981
6.09742
5.96521
5.83316
5.70126
5.56948
5.43782
5.30627
5.1748
5.04342
4.9121
4.78084
4.64963
4.51847
4.38735
4.25626
4.12519
3.99416
3.86313
3.73213
3.60114
3.47016
3.33919
3.20822
3.07727
2.94631
2.81536
2.68441
2.55346
2.42252
2.29157
2.16063
2.02968
1.89873
1.76779
1.63684
1.50589
1.37494
1.244
1.11305
0.9821
0.851151
0.720204
0.589256
0.458313
0.327357
0.196452
0.0653916
9.48321
9.60616
9.74958
9.91722
10.0867
10.2501
10.399
10.5291
10.6378
10.724
10.7876
10.829
10.8493
10.8498
10.832
10.7975
10.7478
10.6847
10.6097
10.5242
10.4295
10.327
10.2178
10.1029
9.98314
9.85944
9.73247
9.60285
9.47112
9.33774
9.2031
9.06752
8.9313
8.79465
8.65776
8.52079
8.38385
8.24705
8.11045
7.9741
7.83805
7.70231
7.56691
7.43184
7.2971
7.1627
7.0286
6.89481
6.7613
6.62806
6.49507
6.36231
6.22975
6.09739
5.9652
5.83317
5.70128
5.56952
5.43787
5.30632
5.17485
5.04347
4.91215
4.78089
4.64969
4.51852
4.3874
4.2563
4.12524
3.99419
3.86317
3.73216
3.60117
3.47019
3.33922
3.20825
3.07729
2.94633
2.81538
2.68443
2.55348
2.42253
2.29158
2.16064
2.02969
1.89874
1.7678
1.63685
1.5059
1.37495
1.244
1.11305
0.982106
0.851157
0.720209
0.589261
0.458318
0.327361
0.196455
0.065393
9.36135
9.5102
9.67615
9.86455
10.0501
10.2254
10.3822
10.5172
10.6286
10.7158
10.7794
10.8203
10.8399
10.8396
10.8211
10.786
10.736
10.6728
10.5978
10.5124
10.4181
10.316
10.2073
10.093
9.97391
9.85087
9.72457
9.59562
9.46454
9.33178
9.19774
9.06273
8.92703
8.79087
8.65443
8.51787
8.38131
8.24484
8.10854
7.97246
7.83665
7.70112
7.56591
7.431
7.29641
7.16212
7.02814
6.89444
6.76101
6.62783
6.49489
6.36218
6.22966
6.09733
5.96517
5.83316
5.70128
5.56953
5.43789
5.30635
5.17489
5.04351
4.91219
4.78094
4.64973
4.51856
4.38744
4.25634
4.12527
3.99423
3.8632
3.7322
3.6012
3.47022
3.33924
3.20827
3.07731
2.94635
2.8154
2.68444
2.55349
2.42254
2.2916
2.16065
2.0297
1.89875
1.7678
1.63686
1.50591
1.37496
1.24401
1.11306
0.982112
0.851163
0.720215
0.589266
0.458322
0.327364
0.196459
0.0653948
9.2273
9.40689
9.59919
9.81159
10.0154
10.2039
10.3694
10.5096
10.6236
10.7118
10.7753
10.8155
10.834
10.8326
10.8131
10.7771
10.7265
10.6628
10.5876
10.5022
10.408
10.3062
10.1978
10.0839
9.96533
9.84283
9.71709
9.58871
9.45821
9.32601
9.19251
9.05802
8.92281
8.7871
8.65109
8.51492
8.37871
8.24257
8.10657
7.97075
7.83518
7.69987
7.56484
7.4301
7.29565
7.16149
7.02761
6.89401
6.76066
6.62755
6.49468
6.36201
6.22953
6.09724
5.9651
5.83312
5.70126
5.56953
5.4379
5.30637
5.17492
5.04354
4.91223
4.78097
4.64976
4.5186
4.38747
4.25638
4.12531
3.99426
3.86324
3.73222
3.60123
3.47024
3.33926
3.20829
3.07733
2.94637
2.81541
2.68446
2.55351
2.42256
2.29161
2.16066
2.02971
1.89876
1.76781
1.63686
1.50592
1.37497
1.24402
1.11307
0.982118
0.851168
0.72022
0.58927
0.458326
0.327368
0.196461
0.0653971
9.07964
9.29612
9.51927
9.75927
9.98346
10.1865
10.3612
10.5068
10.6234
10.7123
10.7753
10.8144
10.8315
10.8287
10.8078
10.7708
10.7192
10.6548
10.5791
10.4934
10.3991
10.2973
10.1892
10.0756
9.95736
9.83529
9.71002
9.58213
9.45212
9.32042
9.18741
9.05339
8.91863
8.78335
8.64774
8.51194
8.37608
8.24026
8.10454
7.96899
7.83365
7.69855
7.5637
7.42913
7.29483
7.1608
7.02703
6.89353
6.76026
6.62723
6.49442
6.3618
6.22937
6.09712
5.96501
5.83305
5.70122
5.5695
5.43789
5.30637
5.17493
5.04355
4.91225
4.781
4.64979
4.51863
4.3875
4.25641
4.12534
3.99429
3.86326
3.73225
3.60125
3.47027
3.33929
3.20831
3.07735
2.94639
2.81543
2.68448
2.55352
2.42257
2.29162
2.16067
2.02972
1.89877
1.76782
1.63687
1.50592
1.37497
1.24402
1.11307
0.982123
0.851174
0.720225
0.589275
0.45833
0.327371
0.196464
0.0653998
8.9166
9.17781
9.43715
9.70876
9.95545
10.174
10.3583
10.5092
10.6281
10.7174
10.7796
10.8172
10.8325
10.8279
10.8054
10.7668
10.714
10.6487
10.5722
10.486
10.3914
10.2896
10.1814
10.068
9.94999
9.82824
9.70334
9.57585
9.44627
9.31501
9.18244
9.04885
8.9145
8.77963
8.64439
8.50895
8.37342
8.2379
8.10246
7.96716
7.83205
7.69716
7.56251
7.4281
7.29395
7.16005
7.0264
6.893
6.75982
6.62686
6.49412
6.36156
6.22918
6.09696
5.9649
5.83296
5.70116
5.56946
5.43786
5.30635
5.17492
5.04356
4.91226
4.78101
4.64981
4.51865
4.38753
4.25643
4.12536
3.99432
3.86329
3.73228
3.60128
3.47029
3.33931
3.20834
3.07737
2.94641
2.81545
2.68449
2.55354
2.42258
2.29163
2.16068
2.02973
1.89878
1.76783
1.63688
1.50593
1.37498
1.24403
1.11308
0.982129
0.851179
0.720229
0.589279
0.458334
0.327374
0.196466
0.0654029
8.736
9.05206
9.3539
9.6615
9.93273
10.1677
10.3615
10.5174
10.6381
10.7272
10.7881
10.8238
10.837
10.8302
10.8056
10.7653
10.711
10.6443
10.5669
10.48
10.3849
10.2828
10.1745
10.0611
9.94321
9.82166
9.69704
9.56988
9.44066
9.30978
9.17759
9.04439
8.91043
8.77592
8.64104
8.50594
8.37072
8.2355
8.10033
7.96529
7.83041
7.69572
7.56125
7.42701
7.29301
7.15925
7.02572
6.89242
6.75933
6.62646
6.49378
6.36128
6.22895
6.09678
5.96475
5.83285
5.70107
5.5694
5.43782
5.30632
5.17491
5.04355
4.91226
4.78102
4.64983
4.51867
4.38755
4.25645
4.12539
3.99434
3.86331
3.7323
3.6013
3.47031
3.33933
3.20835
3.07739
2.94642
2.81546
2.68451
2.55355
2.4226
2.29165
2.16069
2.02974
1.89879
1.76784
1.63689
1.50594
1.37499
1.24404
1.11309
0.982135
0.851184
0.720234
0.589283
0.458337
0.327377
0.196467
0.0654065
8.53529
8.91924
9.27102
9.61936
9.91692
10.1687
10.3718
10.532
10.6538
10.7421
10.8011
10.8343
10.8448
10.8354
10.8085
10.766
10.7099
10.6418
10.5631
10.4753
10.3796
10.2769
10.1684
10.0548
9.93698
9.81554
9.6911
9.56419
9.43527
9.30471
9.17286
9.04001
8.9064
8.77224
8.6377
8.50291
8.368
8.23306
8.09816
7.96336
7.8287
7.69423
7.55994
7.42587
7.29202
7.1584
7.02499
6.89179
6.7588
6.62601
6.4934
6.36097
6.2287
6.09657
5.96458
5.83272
5.70097
5.56932
5.43776
5.30628
5.17488
5.04354
4.91226
4.78102
4.64983
4.51868
4.38756
4.25647
4.12541
3.99436
3.86333
3.73232
3.60132
3.47033
3.33935
3.20837
3.0774
2.94644
2.81548
2.68452
2.55357
2.42261
2.29166
2.16071
2.02975
1.8988
1.76785
1.6369
1.50595
1.375
1.24404
1.11309
0.982141
0.851189
0.720239
0.589287
0.45834
0.32738
0.196468
0.0654104
8.31155
8.78025
9.19061
9.58468
9.90994
10.1785
10.39
10.5537
10.6756
10.7623
10.8185
10.8486
10.856
10.8436
10.8139
10.769
10.7108
10.6409
10.5608
10.4719
10.3753
10.272
10.1631
10.0492
9.93128
9.80985
9.68552
9.55879
9.43009
9.29981
9.16826
9.03572
8.90243
8.76858
8.63435
8.49987
8.36525
8.23059
8.09595
7.96139
7.82695
7.69268
7.55858
7.42468
7.29099
7.1575
7.02421
6.89113
6.75823
6.62553
6.493
6.36063
6.22841
6.09634
5.96439
5.83256
5.70084
5.56922
5.43768
5.30623
5.17484
5.04351
4.91224
4.78102
4.64983
4.51869
4.38757
4.25648
4.12542
3.99438
3.86335
3.73234
3.60134
3.47035
3.33937
3.20839
3.07742
2.94646
2.81549
2.68454
2.55358
2.42262
2.29167
2.16072
2.02976
1.89881
1.76786
1.63691
1.50595
1.375
1.24405
1.1131
0.982146
0.851194
0.720243
0.589291
0.458343
0.327383
0.196468
0.0654147
8.0615
8.63686
9.11558
9.56045
9.91406
10.1986
10.4173
10.5829
10.7038
10.7877
10.8405
10.8669
10.8705
10.8546
10.8218
10.7741
10.7135
10.6416
10.5599
10.4696
10.372
10.2679
10.1584
10.0442
9.92608
9.80458
9.68027
9.55365
9.42512
9.29506
9.16376
9.0315
8.8985
8.76495
8.63102
8.49682
8.36248
8.22808
8.09369
7.95937
7.82516
7.69109
7.55718
7.42345
7.2899
7.15655
7.02339
6.89042
6.75763
6.62501
6.49256
6.36026
6.2281
6.09608
5.96418
5.83239
5.7007
5.56911
5.4376
5.30616
5.17479
5.04348
4.91222
4.781
4.64983
4.51869
4.38758
4.25649
4.12543
3.99439
3.86337
3.73235
3.60136
3.47037
3.33938
3.20841
3.07744
2.94647
2.81551
2.68455
2.55359
2.42264
2.29168
2.16073
2.02977
1.89882
1.76787
1.63692
1.50596
1.37501
1.24406
1.1131
0.982152
0.8512
0.720248
0.589295
0.458346
0.327386
0.196468
0.0654194
7.78141
8.4922
9.04999
9.55038
9.93191
10.2308
10.4546
10.6204
10.7387
10.8188
10.8671
10.8889
10.8883
10.8685
10.832
10.7812
10.718
10.6438
10.5602
10.4685
10.3696
10.2647
10.1545
10.0398
9.92136
9.79969
9.67534
9.54876
9.42035
9.29046
9.15938
9.02736
8.89463
8.76135
8.62769
8.49377
8.35969
8.22555
8.09141
7.95731
7.82332
7.68945
7.55572
7.42216
7.28878
7.15557
7.02253
6.88968
6.75699
6.62446
6.49208
6.35986
6.22776
6.09579
5.96394
5.83219
5.70054
5.56898
5.43749
5.30608
5.17473
5.04343
4.91218
4.78098
4.64981
4.51868
4.38758
4.2565
4.12544
3.9944
3.86338
3.73237
3.60137
3.47038
3.3394
3.20842
3.07745
2.94649
2.81552
2.68456
2.55361
2.42265
2.29169
2.16074
2.02979
1.89883
1.76788
1.63692
1.50597
1.37502
1.24406
1.11311
0.982158
0.851205
0.720252
0.589299
0.458349
0.327388
0.196468
0.0654244
7.46678
8.35163
8.99943
9.55914
9.96651
10.2769
10.5029
10.6666
10.7806
10.8554
10.8982
10.9148
10.9092
10.8849
10.8446
10.7903
10.7241
10.6475
10.5619
10.4684
10.3682
10.2622
10.1512
10.036
9.9171
9.79518
9.67071
9.54411
9.41577
9.28601
9.1551
9.0233
8.89079
8.75777
8.62437
8.4907
8.35689
8.22299
8.08909
7.95522
7.82144
7.68777
7.55423
7.42084
7.28761
7.15454
7.02164
6.88889
6.75631
6.62387
6.49158
6.35943
6.2274
6.09549
5.96369
5.83198
5.70037
5.56884
5.43738
5.30599
5.17466
5.04338
4.91214
4.78095
4.6498
4.51867
4.38757
4.2565
4.12545
3.99441
3.86339
3.73238
3.60139
3.4704
3.33941
3.20844
3.07747
2.9465
2.81554
2.68458
2.55362
2.42266
2.29171
2.16075
2.0298
1.89884
1.76789
1.63693
1.50598
1.37502
1.24407
1.11312
0.982163
0.851209
0.720256
0.589302
0.458352
0.327391
0.196468
0.0654297
7.11395
8.22464
8.9716
9.5924
10.0212
10.3388
10.5633
10.722
10.8296
10.8976
10.9339
10.9444
10.9333
10.904
10.8593
10.8013
10.7319
10.6525
10.5646
10.4693
10.3676
10.2604
10.1485
10.0326
9.91325
9.79101
9.66635
9.53968
9.41136
9.28168
9.15092
9.0193
8.88701
8.75421
8.62105
8.48763
8.35406
8.22041
8.08674
7.95309
7.81952
7.68605
7.5527
7.41948
7.2864
7.15348
7.02071
6.88808
6.7556
6.62326
6.49106
6.35898
6.22702
6.09516
5.96341
5.83175
5.70018
5.56868
5.43725
5.30589
5.17458
5.04332
4.9121
4.78092
4.64977
4.51866
4.38757
4.2565
4.12545
3.99442
3.8634
3.73239
3.6014
3.47041
3.33943
3.20845
3.07748
2.94652
2.81555
2.68459
2.55363
2.42267
2.29172
2.16076
2.02981
1.89885
1.7679
1.63694
1.50599
1.37503
1.24408
1.11312
0.982169
0.851214
0.72026
0.589306
0.458354
0.327393
0.196467
0.0654353
6.72381
8.12737
8.97679
9.65694
10.0997
10.4181
10.6364
10.7869
10.8858
10.9455
10.974
10.9775
10.9602
10.9255
10.8761
10.814
10.7411
10.6588
10.5685
10.4712
10.3678
10.2593
10.1464
10.0297
9.90979
9.78716
9.66226
9.53546
9.40711
9.27748
9.14683
9.01536
8.88326
8.75068
8.61774
8.48456
8.35122
8.2178
8.08436
7.95094
7.81757
7.6843
7.55113
7.41808
7.28516
7.15238
7.01974
6.88724
6.75487
6.62262
6.49051
6.3585
6.22661
6.09482
5.96312
5.83151
5.69998
5.56851
5.43712
5.30578
5.17449
5.04325
4.91204
4.78088
4.64975
4.51864
4.38756
4.2565
4.12545
3.99442
3.86341
3.7324
3.60141
3.47042
3.33944
3.20847
3.0775
2.94653
2.81557
2.68461
2.55365
2.42269
2.29173
2.16077
2.02982
1.89886
1.76791
1.63695
1.506
1.37504
1.24408
1.11313
0.982174
0.851219
0.720265
0.589309
0.458357
0.327396
0.196466
0.065441
6.27257
8.08151
9.02832
9.76042
10.2057
10.5164
10.723
10.8615
10.9492
10.9988
11.0184
11.0141
10.9899
10.9493
10.8948
10.8283
10.7517
10.6663
10.5733
10.4739
10.3688
10.2589
10.1448
10.0272
9.90669
9.7836
9.6584
9.53144
9.40301
9.2734
9.14283
9.01149
8.87955
8.74716
8.61444
8.48148
8.34837
8.21518
8.08195
7.94875
7.81559
7.68251
7.54952
7.41665
7.28389
7.15125
7.01875
6.88636
6.7541
6.62196
6.48993
6.35801
6.22619
6.09446
5.96281
5.83125
5.69976
5.56833
5.43697
5.30566
5.17439
5.04317
4.91199
4.78083
4.64971
4.51862
4.38754
4.25649
4.12545
3.99443
3.86341
3.73241
3.60142
3.47044
3.33946
3.20848
3.07751
2.94655
2.81558
2.68462
2.55366
2.4227
2.29174
2.16078
2.02983
1.89887
1.76792
1.63696
1.506
1.37505
1.24409
1.11314
0.98218
0.851224
0.720269
0.589313
0.458359
0.327398
0.196464
0.065447
5.56412
8.11201
9.14647
9.91165
10.3426
10.6348
10.823
10.9455
11.0194
11.0573
11.0669
11.0538
11.0223
10.9753
10.9153
10.8442
10.7636
10.6749
10.5791
10.4773
10.3704
10.2589
10.1437
10.0252
9.90392
9.78032
9.65477
9.52758
9.39905
9.26942
9.1389
9.00767
8.87588
8.74367
8.61115
8.4784
8.34551
8.21253
8.07953
7.94653
7.81358
7.68069
7.54789
7.41518
7.28259
7.1501
7.01772
6.88546
6.75331
6.62127
6.48933
6.35749
6.22574
6.09408
5.96249
5.83098
5.69953
5.56814
5.43681
5.30553
5.17429
5.04309
4.91192
4.78078
4.64968
4.51859
4.38752
4.25648
4.12545
3.99443
3.86342
3.73242
3.60143
3.47045
3.33947
3.20849
3.07753
2.94656
2.81559
2.68463
2.55367
2.42271
2.29175
2.1608
2.02984
1.89888
1.76792
1.63697
1.50601
1.37505
1.2441
1.11314
0.982185
0.851229
0.720273
0.589316
0.458362
0.3274
0.196463
0.0654531
4.25356
8.3066
9.37248
10.1214
10.5131
10.7736
10.9363
11.0386
11.0963
11.1207
11.1191
11.0966
11.057
11.0032
10.9374
10.8614
10.7767
10.6844
10.5857
10.4815
10.3726
10.2595
10.143
10.0235
9.90144
9.77728
9.65133
9.52389
9.39522
9.26554
9.13505
9.0039
8.87225
8.7402
8.60786
8.47532
8.34264
8.20988
8.07708
7.9443
7.81154
7.67885
7.54623
7.41369
7.28125
7.14891
7.01668
6.88454
6.7525
6.62056
6.48872
6.35696
6.22528
6.09368
5.96215
5.83069
5.69929
5.56794
5.43664
5.30539
5.17418
5.043
4.91185
4.78073
4.64963
4.51856
4.3875
4.25646
4.12544
3.99443
3.86342
3.73243
3.60144
3.47046
3.33948
3.20851
3.07754
2.94657
2.81561
2.68465
2.55368
2.42272
2.29177
2.16081
2.02985
1.89889
1.76793
1.63698
1.50602
1.37506
1.2441
1.11315
0.982191
0.851234
0.720277
0.589319
0.458364
0.327403
0.196461
0.0654594
3.75177
8.97391
9.77218
10.3994
10.7179
10.9315
11.0617
11.14
11.179
11.1885
11.1746
11.142
11.0939
11.0329
10.961
10.8798
10.7907
10.6948
10.5931
10.4863
10.3753
10.2606
10.1427
10.0221
9.89923
9.77445
9.64807
9.52034
9.3915
9.26174
9.13125
9.00018
8.86863
8.73674
8.60458
8.47223
8.33975
8.2072
8.07462
7.94204
7.80948
7.67698
7.54454
7.41218
7.2799
7.14771
7.01561
6.88359
6.75167
6.61984
6.48808
6.35641
6.22481
6.09328
5.96181
5.8304
5.69904
5.56773
5.43647
5.30525
5.17406
5.0429
4.91178
4.78067
4.64959
4.51853
4.38748
4.25645
4.12543
3.99442
3.86342
3.73243
3.60145
3.47047
3.33949
3.20852
3.07755
2.94658
2.81562
2.68466
2.5537
2.42274
2.29178
2.16082
2.02986
1.8989
1.76794
1.63699
1.50603
1.37507
1.24411
1.11315
0.982196
0.851238
0.720281
0.589323
0.458366
0.327405
0.196459
0.0654658
)
;

boundaryField
{
    inlet
    {
        type            zeroGradient;
    }
    outlet
    {
        type            fixedValue;
        value           uniform 0;
    }
    frontAndBack
    {
        type            empty;
    }
    walls
    {
        type            zeroGradient;
    }
}

