/*--------------------------------*- C++ -*----------------------------------*\
  =========                 |
  \\      /  F ield         | OpenFOAM: The Open Source CFD Toolbox
   \\    /   O peration     | Website:  https://openfoam.org
    \\  /    A nd           | Version:  6
     \\/     M anipulation  |
\*---------------------------------------------------------------------------*/
FoamFile
{
    version     2.0;
    format      ascii;
    class       volScalarField;
    location    "0";
    object      TRec;
}
// * * * * * * * * * * * * * * * * * * * * * * * * * * * * * * * * * * * * * //

dimensions      [0 0 0 1 0 0 0];

internalField   nonuniform List<scalar> 
10000
(
298.813
298.839
298.864
298.889
298.912
298.934
298.955
298.974
298.992
299.009
299.024
299.039
299.052
299.065
299.076
299.087
299.097
299.107
299.116
299.125
299.133
299.141
299.148
299.155
299.162
299.169
299.175
299.181
299.187
299.193
299.199
299.204
299.21
299.215
299.22
299.225
299.23
299.235
299.24
299.245
299.25
299.255
299.259
299.263
299.268
299.272
299.275
299.279
299.282
299.286
299.289
299.291
299.294
299.296
299.298
299.3
299.302
299.304
299.305
299.307
299.308
299.31
299.311
299.313
299.314
299.316
299.318
299.319
299.321
299.323
299.325
299.327
299.329
299.332
299.334
299.337
299.34
299.344
299.348
299.352
299.357
299.363
299.37
299.378
299.389
299.401
299.418
299.439
299.465
299.5
299.546
299.606
299.683
299.785
299.914
300.077
300.276
300.511
300.775
301.056
298.813
298.84
298.865
298.89
298.914
298.936
298.957
298.976
298.995
299.012
299.027
299.042
299.055
299.068
299.079
299.09
299.1
299.109
299.118
299.126
299.134
299.142
299.149
299.156
299.163
299.169
299.175
299.181
299.187
299.193
299.199
299.204
299.209
299.215
299.22
299.225
299.23
299.235
299.24
299.245
299.249
299.254
299.258
299.263
299.267
299.271
299.275
299.279
299.282
299.285
299.288
299.291
299.294
299.296
299.298
299.3
299.302
299.304
299.306
299.307
299.309
299.31
299.312
299.313
299.315
299.316
299.318
299.319
299.321
299.323
299.325
299.327
299.329
299.332
299.334
299.337
299.34
299.344
299.347
299.352
299.356
299.362
299.369
299.377
299.387
299.399
299.414
299.434
299.46
299.493
299.536
299.594
299.669
299.768
299.895
300.057
300.258
300.496
300.765
301.053
298.814
298.841
298.868
298.894
298.918
298.941
298.963
298.983
299.002
299.02
299.036
299.051
299.064
299.077
299.088
299.098
299.108
299.117
299.125
299.133
299.14
299.147
299.154
299.16
299.166
299.172
299.178
299.184
299.189
299.194
299.199
299.205
299.21
299.215
299.219
299.224
299.229
299.234
299.239
299.244
299.248
299.253
299.257
299.262
299.266
299.27
299.274
299.278
299.281
299.285
299.288
299.291
299.294
299.296
299.299
299.301
299.303
299.304
299.306
299.308
299.309
299.311
299.312
299.314
299.315
299.317
299.319
299.32
299.322
299.324
299.326
299.328
299.33
299.332
299.335
299.338
299.34
299.344
299.347
299.351
299.356
299.361
299.367
299.375
299.384
299.395
299.409
299.428
299.451
299.483
299.524
299.578
299.65
299.746
299.872
300.035
300.237
300.48
300.755
301.05
298.815
298.844
298.872
298.899
298.925
298.95
298.974
298.995
299.015
299.034
299.051
299.066
299.08
299.092
299.104
299.114
299.123
299.131
299.138
299.145
299.151
299.157
299.163
299.169
299.174
299.179
299.184
299.188
299.193
299.198
299.202
299.207
299.211
299.216
299.22
299.225
299.229
299.234
299.238
299.243
299.247
299.252
299.256
299.261
299.265
299.269
299.273
299.277
299.281
299.284
299.288
299.291
299.294
299.296
299.299
299.301
299.303
299.305
299.307
299.309
299.311
299.312
299.314
299.315
299.317
299.318
299.32
299.322
299.324
299.325
299.327
299.329
299.331
299.334
299.336
299.338
299.341
299.344
299.348
299.351
299.355
299.36
299.366
299.373
299.381
299.392
299.405
299.421
299.443
299.473
299.511
299.564
299.634
299.728
299.853
300.016
300.221
300.468
300.748
301.047
298.816
298.847
298.878
298.907
298.936
298.963
298.988
299.012
299.034
299.054
299.072
299.088
299.102
299.115
299.126
299.136
299.144
299.151
299.158
299.163
299.169
299.173
299.178
299.182
299.186
299.189
299.193
299.197
299.2
299.204
299.208
299.211
299.215
299.219
299.222
299.226
299.23
299.234
299.239
299.243
299.247
299.251
299.256
299.26
299.264
299.268
299.272
299.276
299.28
299.284
299.288
299.291
299.294
299.297
299.3
299.302
299.304
299.307
299.309
299.311
299.312
299.314
299.316
299.317
299.319
299.321
299.322
299.324
299.326
299.327
299.329
299.331
299.333
299.335
299.338
299.34
299.343
299.345
299.348
299.352
299.356
299.36
299.365
299.372
299.379
299.389
299.401
299.416
299.437
299.464
299.501
299.552
299.621
299.715
299.84
300.004
300.211
300.46
300.743
301.046
298.817
298.851
298.885
298.917
298.949
298.978
299.007
299.033
299.057
299.078
299.098
299.115
299.13
299.143
299.154
299.164
299.171
299.178
299.183
299.187
299.191
299.195
299.197
299.2
299.202
299.204
299.207
299.209
299.211
299.213
299.216
299.218
299.221
299.224
299.227
299.23
299.233
299.237
299.24
299.244
299.248
299.252
299.256
299.26
299.264
299.268
299.272
299.276
299.28
299.284
299.288
299.291
299.295
299.298
299.301
299.303
299.306
299.308
299.311
299.313
299.315
299.317
299.318
299.32
299.322
299.323
299.325
299.327
299.329
299.33
299.332
299.334
299.336
299.338
299.34
299.342
299.345
299.347
299.35
299.353
299.357
299.361
299.366
299.371
299.378
299.387
299.398
299.413
299.432
299.458
299.494
299.544
299.613
299.706
299.832
299.997
300.206
300.458
300.742
301.045
298.819
298.856
298.893
298.929
298.964
298.997
299.028
299.056
299.083
299.107
299.128
299.146
299.162
299.176
299.187
299.196
299.203
299.209
299.213
299.216
299.217
299.221
299.222
299.222
299.223
299.223
299.224
299.224
299.225
299.226
299.227
299.228
299.229
299.231
299.233
299.235
299.238
299.24
299.243
299.246
299.25
299.253
299.257
299.261
299.265
299.269
299.273
299.277
299.281
299.285
299.289
299.292
299.296
299.299
299.302
299.305
299.308
299.311
299.313
299.315
299.318
299.32
299.322
299.323
299.325
299.327
299.329
299.33
299.332
299.334
299.336
299.337
299.339
299.341
299.343
299.345
299.347
299.35
299.353
299.355
299.359
299.362
299.367
299.372
299.378
299.386
299.397
299.411
299.429
299.455
299.49
299.54
299.608
299.702
299.829
299.996
300.206
300.458
300.743
301.046
298.821
298.862
298.902
298.942
298.98
299.016
299.051
299.082
299.111
299.137
299.16
299.18
299.197
299.211
299.223
299.232
299.239
299.244
299.247
299.248
299.248
299.25
299.249
299.249
299.247
299.246
299.244
299.243
299.242
299.241
299.24
299.24
299.24
299.24
299.241
299.242
299.244
299.246
299.248
299.25
299.253
299.256
299.26
299.263
299.267
299.27
299.274
299.278
299.282
299.286
299.29
299.294
299.297
299.301
299.304
299.308
299.311
299.313
299.316
299.319
299.321
299.323
299.325
299.327
299.329
299.331
299.333
299.335
299.336
299.338
299.34
299.342
299.343
299.345
299.347
299.349
299.351
299.353
299.356
299.358
299.361
299.365
299.369
299.374
299.38
299.387
299.397
299.41
299.429
299.454
299.489
299.538
299.607
299.702
299.83
299.998
300.209
300.462
300.746
301.047
298.823
298.868
298.912
298.955
298.997
299.037
299.075
299.11
299.141
299.169
299.194
299.216
299.234
299.249
299.26
299.27
299.276
299.281
299.283
299.284
299.284
299.282
299.28
299.277
299.274
299.271
299.268
299.264
299.261
299.259
299.256
299.254
299.253
299.252
299.251
299.251
299.252
299.253
299.254
299.256
299.258
299.261
299.263
299.266
299.27
299.273
299.277
299.281
299.285
299.288
299.292
299.296
299.3
299.304
299.307
299.311
299.314
299.317
299.32
299.322
299.325
299.327
299.33
299.332
299.334
299.336
299.338
299.339
299.341
299.343
299.345
299.347
299.348
299.35
299.352
299.354
299.356
299.358
299.36
299.362
299.365
299.368
299.372
299.376
299.382
299.389
299.399
299.412
299.429
299.454
299.49
299.539
299.609
299.705
299.834
300.003
300.215
300.467
300.749
301.048
298.825
298.874
298.922
298.969
299.015
299.059
299.099
299.137
299.171
299.202
299.229
299.252
299.271
299.287
299.299
299.308
299.315
299.319
299.321
299.32
299.319
299.314
299.314
299.308
299.303
299.298
299.293
299.288
299.283
299.279
299.274
299.271
299.268
299.265
299.264
299.262
299.262
299.262
299.262
299.263
299.264
299.266
299.269
299.271
299.274
299.277
299.281
299.284
299.288
299.292
299.296
299.299
299.303
299.307
299.311
299.314
299.318
299.321
299.324
299.327
299.33
299.332
299.335
299.337
299.339
299.341
299.343
299.345
299.347
299.348
299.35
299.352
299.354
299.355
299.357
299.359
299.361
299.363
299.365
299.367
299.369
299.372
299.376
299.38
299.385
299.392
299.401
299.414
299.432
299.457
299.492
299.543
299.613
299.71
299.84
300.01
300.223
300.474
300.754
301.05
298.827
298.88
298.932
298.983
299.033
299.08
299.124
299.165
299.202
299.235
299.264
299.288
299.309
299.325
299.338
299.348
299.354
299.357
299.358
299.357
299.354
299.348
299.346
299.34
299.333
299.327
299.32
299.313
299.306
299.3
299.294
299.289
299.285
299.281
299.278
299.275
299.273
299.272
299.272
299.272
299.272
299.274
299.275
299.277
299.28
299.283
299.286
299.289
299.292
299.296
299.3
299.304
299.307
299.311
299.315
299.318
299.322
299.325
299.329
299.332
299.335
299.337
299.34
299.342
299.345
299.347
299.349
299.351
299.352
299.354
299.356
299.358
299.36
299.361
299.363
299.365
299.366
299.368
299.37
299.372
299.375
299.377
299.38
299.384
299.389
299.396
299.405
299.418
299.435
299.461
299.497
299.548
299.619
299.717
299.848
300.019
300.231
300.481
300.759
301.052
298.829
298.886
298.942
298.997
299.05
299.101
299.148
299.192
299.232
299.267
299.298
299.324
299.346
299.363
299.377
299.386
299.392
299.396
299.396
299.394
299.39
299.383
299.378
299.371
299.364
299.356
299.347
299.339
299.331
299.323
299.316
299.309
299.303
299.298
299.293
299.289
299.286
299.284
299.283
299.282
299.282
299.282
299.283
299.285
299.287
299.289
299.292
299.295
299.298
299.301
299.305
299.309
299.312
299.316
299.32
299.324
299.327
299.331
299.334
299.337
299.34
299.343
299.346
299.348
299.351
299.353
299.355
299.357
299.359
299.361
299.362
299.364
299.366
299.368
299.369
299.371
299.373
299.374
299.376
299.378
299.38
299.383
299.386
299.39
299.394
299.401
299.41
299.422
299.44
299.466
299.502
299.554
299.626
299.725
299.858
300.029
300.241
300.489
300.764
301.054
298.831
298.892
298.952
299.011
299.068
299.122
299.172
299.219
299.261
299.298
299.331
299.359
299.382
299.4
299.414
299.424
299.43
299.433
299.433
299.431
299.426
299.42
299.412
299.404
299.395
299.385
299.376
299.366
299.356
299.347
299.338
299.33
299.322
299.316
299.31
299.305
299.301
299.298
299.295
299.294
299.293
299.292
299.293
299.294
299.295
299.297
299.299
299.302
299.305
299.308
299.311
299.315
299.318
299.322
299.326
299.329
299.333
299.336
299.34
299.343
299.346
299.349
299.352
299.355
299.357
299.359
299.362
299.364
299.365
299.367
299.369
299.371
299.373
299.375
299.376
299.378
299.379
299.381
299.383
299.384
299.386
299.389
299.392
299.395
299.4
299.406
299.415
299.428
299.446
299.472
299.509
299.561
299.634
299.734
299.868
300.04
300.251
300.498
300.77
301.055
298.832
298.897
298.961
299.024
299.084
299.142
299.195
299.245
299.289
299.329
299.363
299.392
299.416
299.435
299.45
299.46
299.466
299.469
299.469
299.466
299.461
299.454
299.445
299.436
299.426
299.414
299.403
299.392
299.381
299.37
299.361
299.351
299.343
299.335
299.328
299.322
299.317
299.313
299.309
299.307
299.305
299.304
299.304
299.304
299.305
299.306
299.308
299.31
299.313
299.315
299.319
299.322
299.325
299.329
299.332
299.336
299.339
299.343
299.346
299.35
299.353
299.356
299.359
299.361
299.364
299.366
299.369
299.371
299.372
299.374
299.376
299.378
299.38
299.382
299.383
299.385
299.386
299.388
299.389
299.391
299.393
299.395
299.398
299.402
299.406
299.412
299.421
299.434
299.452
299.478
299.516
299.569
299.643
299.744
299.879
300.051
300.261
300.506
300.776
301.057
298.834
298.903
298.971
299.037
299.101
299.161
299.218
299.27
299.317
299.358
299.394
299.425
299.45
299.469
299.484
299.494
299.5
299.503
299.502
299.499
299.493
299.486
299.476
299.466
299.454
299.442
299.43
299.418
299.406
299.394
299.383
299.373
299.363
299.355
299.347
299.34
299.334
299.328
299.324
299.321
299.318
299.317
299.315
299.315
299.315
299.316
299.318
299.319
299.322
299.324
299.327
299.33
299.333
299.336
299.34
299.343
299.347
299.35
299.353
299.357
299.36
299.363
299.366
299.369
299.371
299.374
299.376
299.378
299.38
299.382
299.384
299.385
299.387
299.389
299.391
299.392
299.394
299.395
299.397
299.398
299.4
299.402
299.405
299.408
299.413
299.419
299.428
299.441
299.459
299.485
299.524
299.578
299.653
299.755
299.89
300.062
300.272
300.515
300.781
301.059
298.836
298.908
298.98
299.049
299.117
299.18
299.24
299.294
299.344
299.387
299.424
299.456
299.482
299.502
299.517
299.527
299.533
299.535
299.534
299.53
299.523
299.515
299.504
299.494
299.481
299.469
299.456
299.443
299.43
299.417
299.406
299.395
299.384
299.375
299.366
299.358
299.351
299.345
299.34
299.336
299.333
299.33
299.329
299.328
299.327
299.327
299.328
299.33
299.331
299.334
299.336
299.339
299.342
299.345
299.348
299.351
299.354
299.358
299.361
299.364
299.367
299.37
299.373
299.376
299.379
299.381
299.384
299.386
299.388
299.39
299.391
299.393
299.395
299.397
299.399
299.4
299.402
299.403
299.405
299.406
299.408
299.41
299.412
299.416
299.42
299.426
299.435
299.448
299.467
299.494
299.532
299.587
299.663
299.766
299.901
300.074
300.283
300.523
300.787
301.061
298.838
298.914
298.989
299.062
299.132
299.199
299.261
299.318
299.369
299.414
299.453
299.485
299.512
299.532
299.547
299.557
299.563
299.565
299.563
299.558
299.551
299.542
299.531
299.519
299.506
299.493
299.479
299.466
299.453
299.44
299.428
299.416
299.405
299.395
299.385
299.377
299.369
299.362
299.357
299.352
299.348
299.345
299.342
299.341
299.34
299.34
299.34
299.341
299.342
299.344
299.346
299.348
299.351
299.354
299.357
299.36
299.363
299.366
299.369
299.372
299.375
299.378
299.381
299.384
299.387
299.389
299.392
299.394
299.396
299.398
299.399
299.401
299.403
299.405
299.407
299.408
299.41
299.411
299.413
299.414
299.416
299.418
299.42
299.423
299.428
299.434
299.443
299.456
299.475
299.502
299.541
299.596
299.673
299.777
299.913
300.085
300.293
300.532
300.792
301.063
298.84
298.919
298.997
299.074
299.147
299.217
299.282
299.341
299.394
299.44
299.48
299.513
299.54
299.561
299.576
299.586
299.591
299.592
299.589
299.584
299.576
299.566
299.555
299.542
299.529
299.516
299.502
299.488
299.474
299.461
299.448
299.436
299.425
299.414
299.404
299.395
299.387
299.38
299.374
299.368
299.364
299.36
299.357
299.355
299.353
299.352
299.352
299.353
299.354
299.355
299.357
299.359
299.361
299.363
299.366
299.369
299.372
299.375
299.378
299.381
299.384
299.387
299.39
299.392
299.395
299.398
299.4
299.402
299.404
299.406
299.408
299.41
299.411
299.413
299.415
299.417
299.418
299.42
299.421
299.423
299.424
299.426
299.429
299.432
299.436
299.442
299.451
299.464
299.483
299.511
299.55
299.606
299.684
299.788
299.925
300.097
300.304
300.54
300.798
301.065
298.841
298.924
299.006
299.085
299.162
299.234
299.301
299.363
299.417
299.465
299.506
299.54
299.567
299.588
299.602
299.612
299.616
299.617
299.613
299.607
299.599
299.589
299.576
299.563
299.55
299.536
299.522
299.508
299.495
299.481
299.468
299.456
299.444
299.433
299.423
299.414
299.405
299.397
299.39
299.385
299.379
299.375
299.372
299.369
299.367
299.366
299.365
299.365
299.365
299.366
299.368
299.369
299.371
299.374
299.376
299.379
299.381
299.384
299.387
299.39
299.393
299.396
299.398
299.401
299.404
299.406
299.409
299.411
299.413
299.415
299.417
299.418
299.42
299.422
299.424
299.426
299.428
299.429
299.43
299.432
299.433
299.435
299.438
299.441
299.445
299.451
299.46
299.473
299.492
299.52
299.56
299.617
299.695
299.8
299.937
300.108
300.314
300.549
300.803
301.067
298.843
298.929
299.014
299.096
299.176
299.251
299.321
299.384
299.44
299.489
299.531
299.565
299.592
299.612
299.627
299.635
299.639
299.639
299.635
299.628
299.619
299.608
299.596
299.582
299.569
299.555
299.541
299.527
299.513
299.5
299.487
299.474
299.462
299.451
299.441
299.431
299.422
299.414
299.407
299.401
299.395
299.391
299.387
299.384
299.381
299.38
299.378
299.378
299.378
299.378
299.379
299.381
299.382
299.384
299.386
299.389
299.391
299.394
299.397
299.399
299.402
299.405
299.408
299.41
299.413
299.415
299.418
299.42
299.422
299.425
299.426
299.428
299.43
299.432
299.433
299.435
299.437
299.439
299.44
299.442
299.443
299.445
299.447
299.45
299.454
299.46
299.469
299.482
299.502
299.53
299.57
299.627
299.706
299.812
299.949
300.12
300.324
300.557
300.808
301.069
298.845
298.934
299.022
299.107
299.19
299.267
299.339
299.404
299.462
299.512
299.554
299.588
299.615
299.635
299.649
299.657
299.66
299.658
299.654
299.646
299.637
299.625
299.612
299.599
299.585
299.571
299.557
299.543
299.53
299.516
299.503
299.491
299.479
299.468
299.458
299.448
299.439
299.431
299.423
299.417
299.411
299.406
299.402
299.398
299.395
299.393
299.392
299.391
299.391
299.391
299.391
299.392
299.394
299.395
299.397
299.399
299.402
299.404
299.407
299.409
299.412
299.415
299.417
299.42
299.423
299.425
299.428
299.43
299.432
299.434
299.437
299.438
299.44
299.442
299.443
299.445
299.447
299.449
299.451
299.452
299.454
299.455
299.457
299.46
299.464
299.47
299.479
299.492
299.512
299.54
299.581
299.638
299.718
299.824
299.961
300.131
300.335
300.565
300.813
301.07
298.846
298.938
299.029
299.118
299.203
299.283
299.357
299.424
299.482
299.533
299.576
299.61
299.637
299.656
299.669
299.676
299.678
299.676
299.67
299.662
299.652
299.64
299.627
299.613
299.599
299.586
299.572
299.558
299.544
299.531
299.519
299.507
299.495
299.484
299.474
299.464
299.455
299.447
299.439
299.432
299.426
299.421
299.417
299.413
299.41
299.407
299.405
299.404
299.403
299.403
299.404
299.404
299.405
299.407
299.408
299.41
299.412
299.415
299.417
299.42
299.422
299.425
299.428
299.43
299.433
299.435
299.438
299.44
299.443
299.445
299.447
299.449
299.451
299.453
299.455
299.456
299.457
299.459
299.461
299.463
299.465
299.466
299.468
299.471
299.475
299.48
299.49
299.503
299.522
299.551
299.592
299.65
299.729
299.836
299.973
300.143
300.345
300.573
300.818
301.072
298.848
298.943
299.037
299.128
299.216
299.298
299.374
299.442
299.502
299.553
299.596
299.63
299.656
299.675
299.687
299.693
299.694
299.691
299.684
299.675
299.665
299.653
299.639
299.625
299.612
299.599
299.585
299.571
299.558
299.545
299.532
299.521
299.509
299.498
299.488
299.478
299.47
299.461
299.454
299.447
299.441
299.435
299.431
299.427
299.423
299.421
299.419
299.417
299.416
299.416
299.416
299.416
299.417
299.418
299.42
299.422
299.424
299.426
299.428
299.431
299.433
299.436
299.438
299.441
299.444
299.446
299.449
299.452
299.454
299.457
299.459
299.461
299.463
299.465
299.467
299.468
299.469
299.471
299.473
299.475
299.476
299.478
299.48
299.482
299.485
299.491
299.5
299.514
299.533
299.562
299.603
299.661
299.741
299.848
299.985
300.154
300.355
300.58
300.823
301.074
298.849
298.947
299.044
299.138
299.228
299.313
299.39
299.46
299.52
299.572
299.615
299.649
299.674
299.692
299.703
299.708
299.708
299.704
299.696
299.687
299.676
299.663
299.65
299.637
299.623
299.61
299.596
299.583
299.57
299.557
299.545
299.533
299.522
299.511
299.501
299.492
299.483
299.475
299.468
299.461
299.455
299.449
299.445
299.441
299.437
299.434
299.432
299.43
299.429
299.429
299.429
299.429
299.43
299.431
299.432
299.434
299.435
299.438
299.44
299.442
299.445
299.447
299.45
299.453
299.455
299.458
299.461
299.464
299.466
299.469
299.472
299.474
299.476
299.478
299.48
299.482
299.483
299.484
299.485
299.487
299.488
299.49
299.491
299.494
299.497
299.504
299.512
299.525
299.545
299.573
299.615
299.673
299.753
299.86
299.997
300.166
300.365
300.588
300.828
301.075
298.85
298.951
299.051
299.148
299.24
299.327
299.406
299.476
299.538
299.59
299.632
299.666
299.691
299.708
299.718
299.721
299.72
299.715
299.707
299.697
299.686
299.673
299.66
299.646
299.633
299.62
299.607
299.593
299.58
299.568
299.556
299.545
299.534
299.523
299.514
299.504
299.496
299.488
299.481
299.474
299.468
299.463
299.458
299.454
299.45
299.447
299.445
299.444
299.442
299.442
299.441
299.442
299.442
299.443
299.444
299.446
299.448
299.45
299.452
299.455
299.457
299.46
299.463
299.465
299.468
299.471
299.474
299.477
299.48
299.483
299.485
299.488
299.491
299.493
299.495
299.496
299.497
299.498
299.499
299.501
299.502
299.503
299.504
299.507
299.511
299.517
299.525
299.538
299.557
299.586
299.627
299.686
299.766
299.873
300.009
300.177
300.375
300.596
300.833
301.077
298.852
298.955
299.057
299.157
299.252
299.34
299.421
299.492
299.554
299.606
299.648
299.681
299.706
299.722
299.73
299.733
299.731
299.725
299.717
299.707
299.696
299.682
299.669
299.655
299.642
299.628
299.615
299.602
299.589
299.577
299.565
299.555
299.545
299.535
299.525
299.516
299.507
299.5
299.493
299.486
299.48
299.475
299.471
299.467
299.463
299.46
299.458
299.457
299.455
299.455
299.454
299.455
299.455
299.456
299.458
299.459
299.461
299.463
299.465
299.468
299.47
299.473
299.476
299.479
299.482
299.485
299.488
299.491
299.494
299.498
299.501
299.504
299.507
299.508
299.51
299.512
299.513
299.514
299.515
299.516
299.517
299.518
299.519
299.522
299.525
299.53
299.538
299.551
299.57
299.598
299.64
299.698
299.779
299.886
300.022
300.189
300.384
300.603
300.837
301.079
298.853
298.959
299.064
299.166
299.263
299.353
299.435
299.507
299.569
299.621
299.663
299.696
299.72
299.735
299.742
299.743
299.74
299.734
299.726
299.715
299.703
299.69
299.677
299.663
299.649
299.636
299.623
299.61
299.598
299.586
299.575
299.564
299.554
299.544
299.535
299.527
299.519
299.511
299.504
299.498
299.492
299.487
299.483
299.479
299.476
299.473
299.471
299.47
299.469
299.468
299.468
299.468
299.469
299.47
299.471
299.473
299.475
299.477
299.479
299.482
299.485
299.488
299.491
299.494
299.497
299.5
299.504
299.507
299.511
299.514
299.518
299.521
299.523
299.525
299.527
299.529
299.53
299.531
299.532
299.533
299.534
299.534
299.536
299.538
299.541
299.545
299.553
299.565
299.583
299.612
299.653
299.712
299.792
299.898
300.034
300.2
300.394
300.611
300.842
301.08
298.854
298.963
299.07
299.174
299.273
299.365
299.448
299.522
299.584
299.636
299.677
299.71
299.732
299.746
299.752
299.752
299.749
299.743
299.734
299.723
299.711
299.698
299.684
299.67
299.656
299.643
299.63
299.617
299.605
299.594
299.583
299.573
299.563
299.554
299.545
299.537
299.529
299.522
299.515
299.51
299.504
299.5
299.495
299.492
299.489
299.486
299.485
299.483
299.482
299.482
299.482
299.482
299.483
299.484
299.486
299.488
299.49
299.492
299.495
299.497
299.5
299.503
299.507
299.51
299.514
299.517
299.521
299.525
299.528
299.532
299.536
299.539
299.541
299.543
299.545
299.547
299.549
299.55
299.551
299.552
299.552
299.552
299.553
299.554
299.557
299.561
299.568
299.579
299.597
299.625
299.667
299.725
299.805
299.912
300.047
300.212
300.404
300.618
300.847
301.082
298.856
298.967
299.076
299.183
299.284
299.377
299.461
299.535
299.597
299.649
299.69
299.721
299.743
299.755
299.761
299.762
299.758
299.751
299.741
299.73
299.717
299.705
299.69
299.677
299.663
299.65
299.637
299.625
299.613
299.602
299.591
299.581
299.572
299.563
299.554
299.547
299.539
299.533
299.527
299.521
299.516
299.512
299.508
299.505
299.502
299.5
299.498
299.497
299.496
299.496
299.496
299.497
299.498
299.499
299.501
299.503
299.506
299.508
299.511
299.514
299.517
299.52
299.524
299.528
299.531
299.535
299.54
299.544
299.548
299.552
299.556
299.558
299.56
299.562
299.564
299.567
299.569
299.571
299.572
299.572
299.572
299.572
299.572
299.572
299.574
299.577
299.583
299.594
299.612
299.64
299.681
299.739
299.819
299.925
300.06
300.223
300.414
300.626
300.852
301.083
298.857
298.97
299.082
299.191
299.294
299.388
299.474
299.548
299.611
299.661
299.703
299.733
299.752
299.764
299.77
299.77
299.766
299.758
299.749
299.737
299.725
299.711
299.697
299.683
299.67
299.657
299.644
299.632
299.62
299.609
299.599
299.589
299.58
299.572
299.564
299.556
299.55
299.544
299.538
299.533
299.528
299.524
299.521
299.518
299.516
299.514
299.512
299.511
299.511
299.511
299.512
299.513
299.514
299.516
299.518
299.52
299.522
299.525
299.528
299.532
299.535
299.539
299.543
299.547
299.551
299.555
299.56
299.565
299.569
299.573
299.575
299.577
299.579
299.582
299.585
299.589
299.591
299.592
299.593
299.593
299.593
299.592
299.591
299.591
299.592
299.594
299.6
299.61
299.627
299.654
299.695
299.753
299.833
299.939
300.072
300.235
300.424
300.633
300.856
301.085
298.858
298.974
299.088
299.198
299.303
299.399
299.485
299.56
299.622
299.673
299.713
299.741
299.762
299.774
299.779
299.779
299.774
299.766
299.756
299.745
299.732
299.718
299.704
299.69
299.677
299.664
299.651
299.639
299.628
299.617
299.607
299.598
299.589
299.581
299.574
299.567
299.561
299.555
299.55
299.545
299.541
299.537
299.534
299.532
299.53
299.528
299.527
299.527
299.527
299.527
299.528
299.529
299.531
299.533
299.535
299.538
299.541
299.544
299.547
299.551
299.555
299.559
299.563
299.567
299.572
299.577
299.582
299.587
299.59
299.592
299.595
299.598
299.601
299.605
299.609
299.612
299.614
299.615
299.616
299.616
299.615
299.613
299.612
299.61
299.61
299.612
299.617
299.626
299.643
299.67
299.71
299.768
299.847
299.952
300.085
300.247
300.434
300.641
300.861
301.087
298.859
298.977
299.093
299.206
299.312
299.41
299.497
299.571
299.633
299.683
299.723
299.752
299.772
299.783
299.788
299.787
299.782
299.774
299.764
299.752
299.74
299.725
299.712
299.698
299.684
299.672
299.659
299.648
299.637
299.626
299.617
299.608
299.6
299.592
299.585
299.578
299.573
299.567
299.562
299.558
299.555
299.551
299.549
299.547
299.545
299.544
299.543
299.543
299.544
299.545
299.546
299.547
299.549
299.551
299.554
299.557
299.56
299.563
299.567
299.571
299.575
299.58
299.585
299.59
299.595
299.6
299.605
299.608
299.61
299.613
299.616
299.62
299.625
299.629
299.633
299.636
299.638
299.639
299.639
299.639
299.637
299.636
299.633
299.631
299.63
299.631
299.635
299.643
299.659
299.685
299.725
299.783
299.862
299.966
300.099
300.259
300.444
300.648
300.866
301.088
298.86
298.98
299.099
299.213
299.321
299.42
299.508
299.58
299.644
299.694
299.732
299.762
299.781
299.792
299.796
299.795
299.79
299.782
299.772
299.761
299.748
299.733
299.72
299.706
299.693
299.68
299.668
299.657
299.646
299.636
299.627
299.619
299.611
299.604
299.597
299.591
299.586
299.581
299.576
299.573
299.569
299.567
299.564
299.563
299.562
299.561
299.561
299.561
299.561
299.563
299.564
299.566
299.568
299.571
299.574
299.577
299.581
299.584
299.588
299.593
299.597
299.602
299.607
299.613
299.618
299.622
299.625
299.627
299.631
299.635
299.64
299.645
299.65
299.654
299.658
299.66
299.662
299.663
299.663
299.662
299.661
299.658
299.655
299.652
299.65
299.65
299.653
299.661
299.676
299.702
299.741
299.798
299.876
299.98
300.112
300.271
300.454
300.656
300.87
301.089
298.861
298.983
299.104
299.221
299.33
299.43
299.518
299.591
299.653
299.703
299.743
299.772
299.79
299.801
299.805
299.804
299.798
299.79
299.781
299.77
299.756
299.742
299.728
299.715
299.702
299.69
299.678
299.667
299.657
299.648
299.639
299.631
299.623
299.617
299.61
299.605
299.6
299.595
299.592
299.588
299.585
299.583
299.581
299.58
299.579
299.579
299.579
299.58
299.58
299.582
299.584
299.586
299.588
299.592
299.595
299.598
299.602
299.606
299.611
299.615
299.62
299.626
299.631
299.636
299.639
299.642
299.645
299.649
299.653
299.659
299.665
299.67
299.675
299.679
299.682
299.684
299.686
299.687
299.687
299.686
299.684
299.681
299.678
299.673
299.67
299.669
299.672
299.679
299.693
299.718
299.757
299.813
299.892
299.995
300.125
300.283
300.464
300.664
300.875
301.091
298.862
298.987
299.109
299.228
299.339
299.44
299.526
299.602
299.662
299.714
299.753
299.781
299.8
299.81
299.814
299.812
299.807
299.799
299.791
299.779
299.765
299.752
299.738
299.725
299.713
299.701
299.69
299.679
299.669
299.66
299.652
299.644
299.637
299.631
299.625
299.62
299.616
299.612
299.608
299.605
299.603
299.601
299.6
299.599
299.598
299.598
299.599
299.599
299.601
299.602
299.604
299.607
299.61
299.613
299.617
299.621
299.625
299.629
299.634
299.639
299.644
299.649
299.653
299.655
299.658
299.662
299.666
299.672
299.678
299.684
299.69
299.695
299.699
299.703
299.705
299.708
299.709
299.71
299.71
299.71
299.708
299.705
299.701
299.696
299.691
299.69
299.691
299.697
299.711
299.735
299.773
299.829
299.907
300.009
300.139
300.295
300.474
300.672
300.879
301.093
298.863
298.99
299.115
299.235
299.348
299.45
299.535
299.613
299.672
299.724
299.763
299.791
299.809
299.819
299.823
299.821
299.816
299.81
299.801
299.788
299.775
299.762
299.749
299.736
299.724
299.713
299.702
299.692
299.683
299.674
299.667
299.66
299.653
299.647
299.642
299.637
299.633
299.63
299.627
299.624
299.622
299.62
299.619
299.619
299.618
299.619
299.619
299.62
299.622
299.624
299.626
299.629
299.632
299.635
299.639
299.643
299.648
299.653
299.657
299.662
299.666
299.669
299.671
299.674
299.679
299.684
299.69
299.697
299.703
299.708
299.713
299.717
299.722
299.725
299.728
299.73
299.732
299.733
299.733
299.733
299.731
299.728
299.724
299.718
299.713
299.71
299.711
299.716
299.729
299.752
299.79
299.845
299.922
300.024
300.153
300.307
300.484
300.68
300.882
301.094
298.864
298.993
299.12
299.242
299.357
299.458
299.546
299.622
299.684
299.735
299.774
299.801
299.819
299.829
299.832
299.831
299.826
299.82
299.811
299.798
299.785
299.773
299.76
299.748
299.737
299.726
299.716
299.706
299.698
299.69
299.683
299.676
299.67
299.665
299.66
299.656
299.652
299.649
299.646
299.644
299.643
299.641
299.64
299.64
299.64
299.64
299.641
299.643
299.644
299.646
299.649
299.652
299.655
299.658
299.662
299.667
299.671
299.675
299.679
299.682
299.684
299.687
299.691
299.696
299.702
299.708
299.715
299.721
299.726
299.73
299.735
299.74
299.744
299.747
299.75
299.753
299.755
299.756
299.756
299.755
299.754
299.751
299.746
299.741
299.735
299.731
299.731
299.735
299.747
299.77
299.807
299.862
299.938
300.039
300.167
300.32
300.495
300.687
300.886
301.095
298.865
298.996
299.125
299.25
299.366
299.466
299.559
299.631
299.694
299.745
299.784
299.811
299.829
299.839
299.842
299.841
299.836
299.831
299.821
299.809
299.797
299.785
299.773
299.761
299.75
299.74
299.73
299.722
299.714
299.707
299.7
299.694
299.689
299.684
299.68
299.676
299.673
299.67
299.668
299.666
299.664
299.663
299.663
299.663
299.663
299.663
299.664
299.666
299.667
299.67
299.672
299.675
299.678
299.682
299.686
299.689
299.692
299.694
299.696
299.699
299.703
299.708
299.714
299.72
299.726
299.732
299.737
299.742
299.747
299.752
299.757
299.762
299.766
299.77
299.774
299.777
299.779
299.78
299.779
299.778
299.777
299.774
299.769
299.763
299.757
299.752
299.751
299.754
299.766
299.788
299.824
299.879
299.954
300.055
300.181
300.332
300.507
300.693
300.891
301.097
298.867
298.999
299.131
299.257
299.374
299.475
299.571
299.642
299.705
299.756
299.795
299.822
299.839
299.849
299.853
299.852
299.848
299.842
299.832
299.82
299.809
299.797
299.786
299.775
299.765
299.755
299.746
299.738
299.731
299.724
299.718
299.713
299.709
299.704
299.701
299.697
299.695
299.692
299.69
299.689
299.687
299.687
299.686
299.686
299.686
299.687
299.688
299.69
299.691
299.694
299.696
299.699
299.702
299.704
299.706
299.708
299.709
299.712
299.716
299.721
299.726
299.732
299.738
299.744
299.749
299.754
299.758
299.762
299.767
299.773
299.779
299.784
299.789
299.794
299.798
299.801
299.803
299.804
299.803
299.801
299.799
299.796
299.791
299.785
299.778
299.773
299.771
299.774
299.785
299.806
299.842
299.896
299.971
300.07
300.195
300.346
300.518
300.699
300.896
301.098
298.868
299.003
299.136
299.265
299.382
299.486
299.583
299.654
299.716
299.767
299.806
299.833
299.85
299.86
299.863
299.862
299.859
299.853
299.843
299.832
299.821
299.81
299.8
299.789
299.78
299.771
299.763
299.756
299.749
299.743
299.738
299.733
299.729
299.726
299.723
299.72
299.718
299.716
299.714
299.713
299.712
299.711
299.711
299.711
299.711
299.712
299.713
299.714
299.716
299.718
299.719
299.721
299.722
299.723
299.724
299.727
299.731
299.735
299.739
299.745
299.75
299.756
299.761
299.765
299.77
299.774
299.778
299.783
299.789
299.795
299.801
299.807
299.813
299.818
299.822
299.825
299.827
299.828
299.827
299.825
299.821
299.818
299.813
299.807
299.8
299.794
299.791
299.794
299.804
299.825
299.86
299.913
299.988
300.086
300.21
300.36
300.527
300.705
300.901
301.1
298.869
299.006
299.142
299.273
299.391
299.497
299.594
299.666
299.727
299.779
299.817
299.844
299.861
299.871
299.874
299.873
299.871
299.864
299.855
299.845
299.834
299.824
299.814
299.804
299.795
299.787
299.78
299.774
299.768
299.763
299.758
299.755
299.751
299.748
299.746
299.743
299.741
299.74
299.738
299.737
299.737
299.736
299.736
299.736
299.736
299.737
299.738
299.739
299.739
299.74
299.74
299.741
299.742
299.745
299.747
299.751
299.755
299.759
299.764
299.768
299.773
299.777
299.781
299.785
299.789
299.794
299.8
299.806
299.813
299.819
299.825
299.83
299.836
299.841
299.845
299.848
299.85
299.851
299.85
299.848
299.844
299.84
299.835
299.828
299.821
299.815
299.812
299.814
299.823
299.844
299.878
299.931
300.005
300.103
300.226
300.374
300.535
300.711
300.905
301.101
298.87
299.01
299.147
299.28
299.4
299.508
299.606
299.68
299.738
299.79
299.829
299.856
299.873
299.882
299.885
299.883
299.882
299.876
299.867
299.858
299.848
299.838
299.829
299.82
299.812
299.804
299.798
299.792
299.788
299.783
299.78
299.776
299.774
299.771
299.769
299.768
299.766
299.765
299.764
299.763
299.762
299.762
299.762
299.762
299.762
299.763
299.762
299.762
299.761
299.762
299.763
299.765
299.767
299.77
299.773
299.776
299.78
299.783
299.787
299.79
299.794
299.797
299.801
299.805
299.811
299.817
299.823
299.83
299.836
299.842
299.848
299.853
299.859
299.864
299.868
299.871
299.873
299.874
299.872
299.87
299.866
299.861
299.856
299.849
299.842
299.835
299.832
299.833
299.843
299.863
299.897
299.949
300.022
300.119
300.242
300.387
300.543
300.718
300.909
301.103
298.871
299.013
299.153
299.288
299.411
299.519
299.618
299.694
299.751
299.803
299.842
299.869
299.885
299.894
299.897
299.896
299.894
299.888
299.88
299.871
299.862
299.853
299.844
299.836
299.828
299.822
299.816
299.812
299.808
299.804
299.801
299.799
299.797
299.795
299.794
299.792
299.791
299.791
299.79
299.789
299.789
299.789
299.788
299.788
299.788
299.787
299.786
299.786
299.787
299.788
299.789
299.791
299.793
299.796
299.798
299.801
299.803
299.806
299.809
299.812
299.815
299.818
299.823
299.828
299.834
299.841
299.848
299.853
299.859
299.865
299.87
299.876
299.881
299.886
299.89
299.893
299.895
299.896
299.894
299.892
299.887
299.882
299.877
299.87
299.862
299.855
299.852
299.853
299.862
299.882
299.915
299.967
300.04
300.137
300.26
300.398
300.551
300.726
300.913
301.104
298.872
299.017
299.159
299.296
299.423
299.53
299.63
299.708
299.766
299.816
299.855
299.882
299.898
299.907
299.91
299.909
299.907
299.901
299.893
299.885
299.876
299.867
299.859
299.852
299.846
299.84
299.835
299.831
299.828
299.825
299.823
299.822
299.82
299.819
299.818
299.818
299.817
299.817
299.816
299.816
299.816
299.815
299.815
299.814
299.813
299.813
299.813
299.813
299.814
299.815
299.816
299.818
299.819
299.821
299.822
299.824
299.826
299.828
299.831
299.833
299.837
299.841
299.846
299.852
299.859
299.865
299.871
299.876
299.882
299.888
299.893
299.899
299.903
299.908
299.912
299.915
299.916
299.917
299.915
299.912
299.908
299.902
299.897
299.89
299.883
299.876
299.872
299.873
299.882
299.901
299.935
299.986
300.058
300.155
300.276
300.409
300.56
300.734
300.918
301.106
298.874
299.021
299.166
299.304
299.434
299.541
299.643
299.722
299.781
299.829
299.869
299.896
299.912
299.921
299.924
299.923
299.92
299.914
299.907
299.899
299.89
299.883
299.875
299.869
299.863
299.858
299.854
299.851
299.849
299.847
299.845
299.845
299.844
299.844
299.843
299.843
299.843
299.843
299.843
299.843
299.843
299.843
299.842
299.841
299.841
299.841
299.841
299.841
299.842
299.842
299.843
299.844
299.844
299.845
299.846
299.848
299.849
299.851
299.854
299.857
299.861
299.866
299.872
299.878
299.883
299.889
299.894
299.9
299.905
299.91
299.916
299.921
299.925
299.93
299.933
299.936
299.937
299.937
299.936
299.933
299.928
299.922
299.916
299.91
299.903
299.896
299.892
299.893
299.902
299.921
299.954
300.005
300.077
300.174
300.29
300.419
300.568
300.742
300.923
301.107
298.875
299.025
299.172
299.313
299.445
299.553
299.656
299.737
299.797
299.844
299.884
299.911
299.927
299.935
299.938
299.937
299.934
299.928
299.921
299.913
299.905
299.898
299.891
299.885
299.88
299.876
299.873
299.871
299.869
299.868
299.868
299.868
299.868
299.868
299.868
299.869
299.869
299.869
299.87
299.87
299.87
299.87
299.869
299.869
299.869
299.869
299.869
299.869
299.869
299.869
299.869
299.869
299.87
299.87
299.871
299.873
299.874
299.876
299.88
299.883
299.888
299.893
299.898
299.903
299.908
299.913
299.918
299.923
299.928
299.933
299.938
299.943
299.947
299.951
299.954
299.956
299.957
299.957
299.955
299.952
299.947
299.941
299.935
299.929
299.922
299.916
299.912
299.913
299.921
299.94
299.973
300.024
300.097
300.192
300.304
300.43
300.577
300.75
300.927
301.109
298.876
299.029
299.179
299.322
299.456
299.565
299.67
299.751
299.812
299.859
299.899
299.926
299.942
299.95
299.952
299.951
299.948
299.942
299.935
299.928
299.921
299.914
299.908
299.902
299.898
299.895
299.893
299.891
299.89
299.89
299.89
299.891
299.891
299.892
299.893
299.894
299.895
299.896
299.896
299.897
299.897
299.897
299.897
299.897
299.897
299.897
299.897
299.896
299.896
299.896
299.896
299.896
299.896
299.897
299.898
299.899
299.901
299.904
299.907
299.911
299.915
299.919
299.924
299.928
299.932
299.937
299.941
299.946
299.951
299.956
299.96
299.965
299.968
299.972
299.974
299.976
299.977
299.976
299.974
299.971
299.966
299.96
299.954
299.948
299.941
299.935
299.931
299.932
299.941
299.96
299.993
300.044
300.117
300.21
300.316
300.441
300.587
300.757
300.932
301.11
298.878
299.033
299.186
299.332
299.467
299.578
299.685
299.767
299.828
299.876
299.916
299.943
299.958
299.966
299.967
299.966
299.962
299.957
299.95
299.943
299.936
299.93
299.924
299.92
299.916
299.914
299.912
299.911
299.911
299.911
299.912
299.914
299.915
299.917
299.918
299.92
299.921
299.922
299.923
299.924
299.924
299.924
299.924
299.925
299.925
299.925
299.925
299.924
299.924
299.924
299.924
299.924
299.925
299.925
299.927
299.928
299.93
299.933
299.935
299.939
299.942
299.946
299.95
299.953
299.957
299.961
299.965
299.97
299.974
299.978
299.982
299.986
299.99
299.992
299.995
299.996
299.996
299.995
299.992
299.989
299.984
299.978
299.972
299.966
299.96
299.954
299.95
299.952
299.961
299.98
300.013
300.065
300.136
300.226
300.329
300.451
300.597
300.764
300.936
301.112
298.879
299.037
299.193
299.342
299.478
299.591
299.7
299.782
299.844
299.894
299.934
299.96
299.975
299.982
299.983
299.981
299.977
299.972
299.965
299.958
299.952
299.946
299.941
299.937
299.934
299.933
299.932
299.931
299.932
299.933
299.935
299.937
299.939
299.941
299.943
299.945
299.947
299.948
299.95
299.951
299.951
299.952
299.953
299.953
299.953
299.953
299.953
299.953
299.953
299.953
299.953
299.954
299.954
299.955
299.956
299.958
299.96
299.962
299.964
299.967
299.97
299.973
299.976
299.979
299.982
299.986
299.989
299.993
299.997
300.001
300.004
300.008
300.011
300.013
300.014
300.015
300.014
300.013
300.01
300.006
300.001
299.995
299.989
299.983
299.978
299.972
299.969
299.971
299.98
300
300.034
300.085
300.155
300.242
300.342
300.462
300.607
300.77
300.941
301.113
298.881
299.042
299.2
299.352
299.489
299.604
299.715
299.797
299.86
299.913
299.953
299.978
299.993
299.999
300
299.997
299.993
299.988
299.981
299.974
299.968
299.963
299.959
299.955
299.953
299.952
299.951
299.952
299.953
299.955
299.957
299.959
299.962
299.965
299.967
299.97
299.972
299.974
299.976
299.977
299.978
299.98
299.981
299.981
299.982
299.982
299.983
299.983
299.983
299.983
299.983
299.984
299.985
299.985
299.987
299.988
299.99
299.992
299.994
299.996
299.998
300
300.002
300.005
300.008
300.011
300.014
300.017
300.02
300.023
300.026
300.029
300.031
300.033
300.034
300.033
300.032
300.03
300.027
300.023
300.017
300.012
300.005
300
299.995
299.99
299.987
299.99
300
300.02
300.054
300.104
300.173
300.256
300.356
300.474
300.617
300.777
300.945
301.115
298.882
299.046
299.208
299.363
299.499
299.618
299.73
299.813
299.877
299.933
299.972
299.997
300.011
300.017
300.017
300.013
300.009
300.004
299.997
299.991
299.985
299.98
299.977
299.974
299.972
299.971
299.971
299.972
299.974
299.976
299.979
299.982
299.985
299.988
299.992
299.995
299.997
300
300.002
300.004
300.006
300.008
300.009
300.01
300.011
300.012
300.012
300.013
300.013
300.013
300.014
300.015
300.015
300.016
300.017
300.019
300.02
300.021
300.023
300.024
300.025
300.027
300.029
300.031
300.033
300.036
300.038
300.041
300.043
300.046
300.048
300.05
300.052
300.052
300.053
300.052
300.05
300.047
300.043
300.039
300.033
300.027
300.021
300.016
300.012
300.007
300.005
300.008
300.019
300.039
300.073
300.123
300.191
300.271
300.369
300.485
300.628
300.784
300.949
301.116
298.884
299.051
299.215
299.373
299.51
299.633
299.745
299.828
299.897
299.953
299.992
300.016
300.029
300.035
300.035
300.031
300.026
300.021
300.014
300.008
300.003
299.998
299.995
299.992
299.991
299.991
299.991
299.993
299.995
299.998
300.001
300.004
300.008
300.012
300.016
300.019
300.022
300.025
300.028
300.031
300.034
300.036
300.038
300.039
300.04
300.041
300.042
300.043
300.043
300.044
300.045
300.045
300.046
300.047
300.048
300.049
300.05
300.051
300.052
300.052
300.053
300.054
300.056
300.057
300.059
300.061
300.063
300.065
300.067
300.068
300.07
300.071
300.072
300.072
300.071
300.07
300.067
300.064
300.059
300.054
300.049
300.043
300.037
300.032
300.028
300.024
300.023
300.026
300.037
300.058
300.092
300.141
300.208
300.286
300.382
300.497
300.638
300.791
300.953
301.118
298.885
299.055
299.222
299.383
299.521
299.649
299.76
299.844
299.918
299.973
300.012
300.035
300.048
300.053
300.053
300.048
300.044
300.038
300.032
300.026
300.021
300.017
300.013
300.012
300.011
300.01
300.011
300.013
300.016
300.019
300.023
300.027
300.031
300.035
300.04
300.043
300.047
300.051
300.054
300.058
300.061
300.064
300.066
300.067
300.069
300.07
300.071
300.072
300.073
300.074
300.075
300.076
300.077
300.078
300.078
300.079
300.079
300.08
300.08
300.08
300.08
300.081
300.082
300.083
300.084
300.086
300.087
300.088
300.09
300.091
300.092
300.092
300.092
300.091
300.09
300.087
300.084
300.08
300.075
300.07
300.064
300.057
300.051
300.046
300.043
300.04
300.039
300.044
300.055
300.076
300.11
300.159
300.224
300.301
300.395
300.509
300.648
300.798
300.957
301.119
298.887
299.06
299.23
299.393
299.532
299.665
299.774
299.862
299.938
299.994
300.032
300.055
300.068
300.073
300.072
300.067
300.062
300.057
300.05
300.044
300.039
300.035
300.033
300.031
300.03
300.03
300.031
300.034
300.037
300.041
300.045
300.049
300.054
300.059
300.063
300.068
300.072
300.076
300.081
300.085
300.088
300.091
300.093
300.095
300.097
300.099
300.1
300.102
300.103
300.104
300.105
300.106
300.107
300.107
300.108
300.108
300.108
300.108
300.107
300.107
300.108
300.108
300.109
300.109
300.11
300.111
300.111
300.112
300.113
300.113
300.113
300.113
300.112
300.11
300.108
300.105
300.101
300.096
300.09
300.084
300.078
300.071
300.065
300.061
300.057
300.055
300.055
300.06
300.072
300.094
300.127
300.176
300.24
300.315
300.408
300.521
300.657
300.805
300.961
301.12
298.888
299.064
299.238
299.402
299.544
299.681
299.788
299.883
299.959
300.014
300.052
300.075
300.087
300.092
300.091
300.087
300.081
300.075
300.069
300.063
300.058
300.055
300.052
300.051
300.05
300.05
300.052
300.055
300.058
300.062
300.067
300.072
300.077
300.082
300.087
300.091
300.097
300.102
300.107
300.111
300.114
300.117
300.12
300.122
300.124
300.127
300.129
300.13
300.132
300.133
300.134
300.135
300.136
300.136
300.136
300.135
300.135
300.135
300.135
300.135
300.135
300.135
300.135
300.135
300.135
300.136
300.136
300.136
300.136
300.135
300.134
300.133
300.131
300.129
300.126
300.122
300.117
300.112
300.105
300.099
300.092
300.085
300.079
300.074
300.072
300.069
300.07
300.076
300.089
300.111
300.144
300.193
300.256
300.33
300.421
300.532
300.667
300.812
300.965
301.122
298.89
299.069
299.245
299.411
299.558
299.695
299.804
299.903
299.979
300.034
300.071
300.095
300.107
300.112
300.111
300.107
300.101
300.095
300.089
300.083
300.078
300.074
300.072
300.071
300.071
300.071
300.073
300.076
300.08
300.084
300.089
300.094
300.1
300.105
300.11
300.116
300.122
300.128
300.132
300.136
300.139
300.143
300.146
300.148
300.151
300.154
300.156
300.158
300.159
300.16
300.161
300.162
300.162
300.162
300.162
300.162
300.162
300.161
300.162
300.162
300.161
300.161
300.161
300.161
300.161
300.16
300.16
300.159
300.158
300.157
300.156
300.153
300.151
300.148
300.144
300.139
300.133
300.127
300.12
300.113
300.105
300.098
300.091
300.087
300.085
300.082
300.084
300.091
300.104
300.127
300.16
300.208
300.271
300.344
300.434
300.545
300.675
300.819
300.97
301.123
298.891
299.074
299.253
299.419
299.572
299.707
299.824
299.923
299.999
300.054
300.091
300.115
300.127
300.132
300.131
300.127
300.121
300.114
300.109
300.103
300.098
300.095
300.093
300.092
300.092
300.092
300.094
300.098
300.102
300.106
300.111
300.117
300.122
300.128
300.134
300.141
300.147
300.152
300.156
300.16
300.164
300.167
300.171
300.174
300.177
300.179
300.181
300.183
300.185
300.186
300.187
300.187
300.187
300.187
300.187
300.187
300.188
300.188
300.188
300.188
300.188
300.188
300.187
300.187
300.186
300.185
300.184
300.183
300.181
300.179
300.177
300.174
300.17
300.166
300.161
300.156
300.149
300.142
300.134
300.126
300.118
300.111
300.103
300.099
300.097
300.095
300.097
300.104
300.119
300.142
300.176
300.223
300.286
300.358
300.447
300.557
300.684
300.826
300.974
301.125
298.893
299.079
299.261
299.428
299.586
299.721
299.843
299.942
300.018
300.074
300.111
300.135
300.147
300.152
300.151
300.148
300.141
300.134
300.129
300.124
300.119
300.116
300.114
300.113
300.113
300.114
300.116
300.12
300.124
300.128
300.134
300.139
300.145
300.151
300.159
300.166
300.171
300.175
300.179
300.183
300.187
300.191
300.194
300.197
300.2
300.203
300.205
300.207
300.208
300.209
300.21
300.21
300.211
300.212
300.212
300.213
300.214
300.214
300.214
300.214
300.214
300.213
300.212
300.212
300.21
300.209
300.207
300.206
300.203
300.201
300.197
300.194
300.189
300.184
300.179
300.172
300.165
300.157
300.148
300.14
300.131
300.123
300.115
300.11
300.108
300.107
300.109
300.117
300.132
300.156
300.191
300.238
300.3
300.372
300.46
300.569
300.693
300.832
300.978
301.126
298.895
299.083
299.269
299.437
299.599
299.738
299.862
299.961
300.038
300.093
300.131
300.155
300.167
300.172
300.171
300.167
300.161
300.155
300.15
300.145
300.14
300.137
300.136
300.135
300.135
300.137
300.139
300.142
300.146
300.151
300.156
300.162
300.168
300.176
300.183
300.188
300.193
300.197
300.201
300.205
300.209
300.213
300.216
300.219
300.222
300.224
300.226
300.228
300.229
300.23
300.232
300.233
300.235
300.236
300.237
300.238
300.239
300.239
300.239
300.239
300.239
300.238
300.237
300.236
300.235
300.233
300.231
300.228
300.225
300.222
300.218
300.213
300.208
300.202
300.195
300.188
300.18
300.171
300.162
300.153
300.144
300.135
300.127
300.121
300.119
300.118
300.121
300.13
300.145
300.169
300.205
300.252
300.314
300.385
300.473
300.579
300.702
300.839
300.982
301.127
298.896
299.088
299.275
299.449
299.609
299.756
299.88
299.98
300.057
300.113
300.151
300.175
300.187
300.192
300.192
300.188
300.181
300.175
300.171
300.167
300.162
300.159
300.158
300.157
300.158
300.159
300.162
300.165
300.169
300.173
300.178
300.185
300.192
300.199
300.205
300.21
300.214
300.218
300.223
300.227
300.23
300.234
300.237
300.239
300.241
300.244
300.246
300.248
300.25
300.252
300.255
300.257
300.259
300.261
300.262
300.263
300.264
300.264
300.264
300.264
300.263
300.263
300.261
300.26
300.258
300.256
300.253
300.25
300.246
300.242
300.237
300.232
300.226
300.219
300.212
300.204
300.195
300.185
300.176
300.165
300.156
300.146
300.138
300.132
300.13
300.129
300.133
300.141
300.157
300.182
300.218
300.266
300.327
300.399
300.486
300.589
300.711
300.846
300.986
301.129
298.898
299.093
299.282
299.461
299.623
299.772
299.898
299.998
300.076
300.132
300.17
300.194
300.207
300.213
300.212
300.208
300.202
300.197
300.192
300.188
300.185
300.182
300.18
300.18
300.181
300.182
300.185
300.188
300.192
300.196
300.202
300.208
300.215
300.221
300.226
300.23
300.235
300.239
300.243
300.246
300.249
300.252
300.255
300.257
300.26
300.263
300.266
300.269
300.272
300.276
300.278
300.281
300.283
300.284
300.286
300.287
300.288
300.288
300.288
300.288
300.287
300.286
300.285
300.283
300.28
300.278
300.275
300.271
300.267
300.262
300.257
300.25
300.244
300.236
300.228
300.219
300.209
300.199
300.188
300.178
300.167
300.157
300.149
300.144
300.14
300.14
300.143
300.152
300.169
300.194
300.23
300.279
300.34
300.411
300.499
300.598
300.72
300.852
300.99
301.13
298.899
299.098
299.288
299.47
299.639
299.789
299.915
300.016
300.094
300.151
300.189
300.214
300.227
300.233
300.233
300.23
300.224
300.218
300.213
300.21
300.207
300.205
300.204
300.203
300.204
300.206
300.208
300.211
300.215
300.22
300.225
300.232
300.237
300.242
300.246
300.251
300.255
300.258
300.262
300.265
300.267
300.27
300.273
300.277
300.281
300.285
300.289
300.292
300.296
300.299
300.301
300.304
300.306
300.308
300.309
300.31
300.311
300.311
300.311
300.311
300.31
300.309
300.307
300.305
300.302
300.299
300.295
300.291
300.286
300.281
300.275
300.268
300.26
300.252
300.243
300.233
300.223
300.212
300.201
300.189
300.179
300.168
300.159
300.155
300.151
300.15
300.153
300.163
300.18
300.205
300.242
300.291
300.354
300.424
300.508
300.609
300.729
300.859
300.994
301.131
298.901
299.103
299.296
299.48
299.653
299.804
299.932
300.034
300.112
300.169
300.209
300.233
300.247
300.253
300.254
300.251
300.246
300.241
300.236
300.232
300.229
300.228
300.227
300.227
300.227
300.229
300.231
300.234
300.238
300.243
300.25
300.255
300.258
300.262
300.266
300.27
300.273
300.277
300.28
300.282
300.286
300.289
300.294
300.299
300.303
300.307
300.311
300.315
300.318
300.321
300.324
300.326
300.328
300.33
300.331
300.332
300.333
300.333
300.333
300.332
300.331
300.33
300.328
300.325
300.322
300.319
300.314
300.31
300.304
300.298
300.292
300.284
300.276
300.267
300.258
300.247
300.236
300.225
300.213
300.201
300.189
300.178
300.169
300.164
300.16
300.159
300.163
300.173
300.19
300.216
300.253
300.302
300.366
300.436
300.517
300.62
300.738
300.865
300.998
301.133
298.902
299.107
299.304
299.492
299.667
299.82
299.948
300.052
300.13
300.188
300.227
300.253
300.267
300.274
300.275
300.273
300.269
300.263
300.258
300.254
300.251
300.25
300.249
300.249
300.25
300.251
300.254
300.258
300.262
300.268
300.272
300.276
300.279
300.282
300.285
300.289
300.292
300.295
300.298
300.302
300.307
300.312
300.317
300.321
300.326
300.33
300.333
300.337
300.34
300.343
300.346
300.348
300.35
300.352
300.353
300.354
300.354
300.354
300.354
300.353
300.351
300.35
300.347
300.344
300.341
300.337
300.332
300.327
300.321
300.315
300.308
300.3
300.291
300.281
300.271
300.26
300.248
300.236
300.224
300.211
300.199
300.188
300.179
300.173
300.169
300.168
300.172
300.182
300.2
300.227
300.264
300.314
300.378
300.444
300.527
300.631
300.747
300.872
301.002
301.134
298.904
299.111
299.312
299.504
299.681
299.835
299.965
300.069
300.148
300.206
300.246
300.271
300.286
300.293
300.295
300.294
300.29
300.285
300.281
300.277
300.274
300.272
300.271
300.272
300.273
300.275
300.278
300.282
300.286
300.291
300.294
300.296
300.299
300.302
300.305
300.308
300.311
300.314
300.319
300.324
300.329
300.334
300.339
300.343
300.347
300.351
300.355
300.358
300.361
300.364
300.366
300.369
300.37
300.372
300.373
300.373
300.374
300.373
300.373
300.372
300.37
300.368
300.365
300.362
300.358
300.354
300.349
300.343
300.337
300.33
300.322
300.314
300.304
300.294
300.283
300.272
300.26
300.247
300.234
300.221
300.208
300.197
300.189
300.182
300.177
300.177
300.181
300.192
300.21
300.237
300.275
300.325
300.387
300.452
300.539
300.642
300.756
300.878
301.006
301.135
298.906
299.116
299.32
299.515
299.694
299.85
299.981
300.086
300.166
300.224
300.264
300.29
300.305
300.313
300.315
300.315
300.312
300.307
300.304
300.3
300.297
300.296
300.295
300.295
300.297
300.299
300.302
300.306
300.309
300.312
300.314
300.316
300.319
300.322
300.324
300.328
300.332
300.337
300.342
300.347
300.352
300.356
300.361
300.365
300.369
300.372
300.376
300.379
300.381
300.384
300.386
300.388
300.39
300.391
300.392
300.392
300.392
300.391
300.39
300.389
300.387
300.385
300.382
300.378
300.374
300.369
300.364
300.358
300.351
300.344
300.335
300.326
300.317
300.306
300.295
300.283
300.27
300.257
300.244
300.23
300.218
300.206
300.197
300.19
300.185
300.185
300.19
300.201
300.22
300.248
300.286
300.337
300.391
300.461
300.552
300.652
300.764
300.884
301.009
301.136
298.907
299.12
299.328
299.527
299.707
299.865
299.997
300.102
300.183
300.241
300.282
300.308
300.324
300.332
300.335
300.335
300.333
300.33
300.326
300.323
300.321
300.319
300.319
300.319
300.321
300.323
300.326
300.329
300.331
300.332
300.334
300.337
300.339
300.342
300.345
300.35
300.355
300.36
300.365
300.369
300.373
300.377
300.381
300.385
300.389
300.392
300.395
300.398
300.4
300.403
300.405
300.406
300.408
300.408
300.409
300.409
300.409
300.408
300.407
300.405
300.403
300.4
300.397
300.393
300.388
300.383
300.377
300.371
300.364
300.356
300.347
300.338
300.327
300.317
300.305
300.292
300.28
300.266
300.253
300.239
300.226
300.216
300.206
300.198
300.193
300.193
300.198
300.21
300.229
300.258
300.298
300.343
300.398
300.474
300.562
300.662
300.772
300.89
301.013
301.138
298.909
299.125
299.337
299.538
299.721
299.88
300.013
300.119
300.2
300.258
300.299
300.326
300.342
300.351
300.355
300.355
300.354
300.352
300.348
300.346
300.344
300.343
300.342
300.343
300.344
300.346
300.349
300.35
300.351
300.353
300.355
300.357
300.36
300.363
300.368
300.373
300.377
300.382
300.386
300.39
300.394
300.398
300.401
300.405
300.408
300.411
300.413
300.416
300.418
300.42
300.422
300.423
300.424
300.425
300.425
300.425
300.424
300.423
300.421
300.419
300.417
300.414
300.41
300.406
300.401
300.395
300.389
300.382
300.375
300.366
300.357
300.348
300.337
300.326
300.314
300.301
300.288
300.275
300.261
300.247
300.234
300.223
300.213
300.206
300.201
300.201
300.206
300.218
300.238
300.268
300.306
300.348
300.407
300.487
300.573
300.672
300.78
300.896
301.017
301.139
298.911
299.13
299.345
299.549
299.734
299.895
300.029
300.135
300.216
300.275
300.316
300.343
300.36
300.369
300.373
300.375
300.374
300.372
300.37
300.368
300.366
300.365
300.365
300.365
300.366
300.368
300.369
300.37
300.371
300.373
300.375
300.378
300.381
300.386
300.39
300.394
300.399
300.402
300.406
300.41
300.413
300.417
300.42
300.423
300.426
300.428
300.431
300.433
300.435
300.436
300.438
300.439
300.44
300.44
300.44
300.439
300.438
300.437
300.435
300.432
300.43
300.426
300.422
300.417
300.412
300.406
300.399
300.392
300.384
300.376
300.366
300.356
300.346
300.334
300.322
300.309
300.296
300.282
300.268
300.255
300.242
300.231
300.221
300.213
300.209
300.209
300.214
300.227
300.248
300.278
300.309
300.354
300.424
300.498
300.584
300.682
300.789
300.903
301.02
301.14
298.912
299.135
299.353
299.559
299.747
299.909
300.044
300.151
300.232
300.292
300.333
300.36
300.377
300.387
300.392
300.393
300.393
300.392
300.39
300.389
300.387
300.387
300.386
300.387
300.388
300.389
300.389
300.39
300.392
300.393
300.396
300.399
300.403
300.407
300.411
300.415
300.418
300.422
300.425
300.428
300.431
300.434
300.437
300.44
300.442
300.445
300.447
300.449
300.451
300.452
300.453
300.453
300.454
300.454
300.454
300.453
300.452
300.45
300.447
300.445
300.441
300.437
300.433
300.428
300.422
300.416
300.409
300.401
300.393
300.384
300.374
300.364
300.353
300.341
300.329
300.316
300.303
300.289
300.275
300.262
300.249
300.238
300.228
300.221
300.216
300.217
300.223
300.236
300.257
300.28
300.316
300.367
300.436
300.509
300.595
300.692
300.797
300.909
301.024
301.141
298.914
299.14
299.362
299.57
299.76
299.923
300.059
300.167
300.248
300.307
300.349
300.376
300.394
300.404
300.409
300.412
300.412
300.411
300.41
300.409
300.408
300.407
300.407
300.408
300.408
300.408
300.409
300.41
300.412
300.414
300.417
300.42
300.424
300.427
300.43
300.434
300.437
300.44
300.443
300.445
300.448
300.451
300.453
300.456
300.458
300.46
300.462
300.464
300.465
300.466
300.467
300.467
300.468
300.467
300.466
300.466
300.464
300.462
300.459
300.456
300.452
300.448
300.443
300.437
300.431
300.425
300.417
300.41
300.401
300.392
300.382
300.371
300.36
300.348
300.335
300.322
300.309
300.296
300.282
300.269
300.256
300.245
300.235
300.228
300.224
300.225
300.231
300.245
300.261
300.286
300.324
300.385
300.447
300.521
300.606
300.702
300.805
300.915
301.028
301.143
298.916
299.145
299.37
299.581
299.772
299.938
300.074
300.182
300.264
300.323
300.365
300.392
300.41
300.42
300.426
300.429
300.43
300.43
300.429
300.428
300.427
300.427
300.427
300.427
300.427
300.427
300.428
300.429
300.431
300.434
300.437
300.44
300.443
300.445
300.448
300.451
300.454
300.456
300.459
300.461
300.464
300.466
300.468
300.471
300.473
300.474
300.476
300.477
300.479
300.48
300.48
300.48
300.48
300.48
300.479
300.477
300.475
300.473
300.47
300.466
300.463
300.458
300.453
300.447
300.44
300.433
300.426
300.417
300.409
300.399
300.389
300.378
300.366
300.354
300.342
300.329
300.315
300.302
300.288
300.275
300.263
300.252
300.242
300.235
300.232
300.233
300.24
300.25
300.266
300.293
300.343
300.397
300.46
300.533
300.618
300.712
300.813
300.921
301.032
301.144
298.917
299.151
299.378
299.592
299.785
299.952
300.089
300.197
300.279
300.338
300.38
300.408
300.425
300.436
300.442
300.446
300.447
300.447
300.447
300.447
300.446
300.445
300.445
300.445
300.445
300.446
300.447
300.448
300.45
300.452
300.455
300.457
300.46
300.462
300.465
300.467
300.469
300.472
300.474
300.476
300.478
300.481
300.483
300.484
300.486
300.488
300.489
300.491
300.492
300.492
300.493
300.493
300.492
300.492
300.491
300.489
300.487
300.485
300.481
300.477
300.473
300.468
300.462
300.456
300.449
300.442
300.434
300.425
300.416
300.406
300.396
300.384
300.373
300.36
300.348
300.335
300.321
300.308
300.295
300.281
300.269
300.259
300.25
300.243
300.24
300.241
300.245
300.255
300.273
300.311
300.357
300.409
300.472
300.546
300.63
300.722
300.822
300.927
301.035
301.145
298.919
299.156
299.386
299.603
299.798
299.965
300.103
300.211
300.293
300.353
300.394
300.422
300.44
300.452
300.458
300.462
300.464
300.464
300.464
300.464
300.463
300.463
300.462
300.462
300.463
300.463
300.464
300.465
300.467
300.469
300.471
300.473
300.475
300.478
300.48
300.482
300.484
300.486
300.488
300.49
300.492
300.494
300.496
300.498
300.499
300.501
300.502
300.503
300.504
300.505
300.505
300.505
300.504
300.504
300.502
300.501
300.498
300.496
300.492
300.488
300.483
300.478
300.472
300.465
300.459
300.451
300.442
300.433
300.424
300.414
300.403
300.391
300.379
300.367
300.354
300.341
300.328
300.315
300.302
300.289
300.277
300.266
300.258
300.251
300.248
300.248
300.252
300.263
300.29
300.326
300.369
300.423
300.486
300.559
300.642
300.733
300.831
300.934
301.039
301.146
298.921
299.161
299.394
299.614
299.81
299.979
300.117
300.226
300.308
300.367
300.408
300.437
300.455
300.466
300.473
300.477
300.479
300.48
300.48
300.48
300.479
300.479
300.479
300.479
300.479
300.48
300.48
300.482
300.483
300.485
300.486
300.488
300.49
300.492
300.493
300.495
300.497
300.499
300.501
300.503
300.505
300.506
300.508
300.51
300.511
300.513
300.514
300.515
300.516
300.516
300.517
300.517
300.516
300.515
300.514
300.512
300.51
300.507
300.503
300.499
300.495
300.489
300.484
300.476
300.468
300.46
300.451
300.442
300.433
300.423
300.41
300.398
300.387
300.374
300.362
300.349
300.336
300.322
300.309
300.296
300.284
300.274
300.266
300.26
300.256
300.255
300.261
300.279
300.305
300.34
300.384
300.437
300.501
300.573
300.655
300.744
300.84
300.94
301.043
301.148
298.922
299.166
299.403
299.624
299.823
299.993
300.131
300.24
300.321
300.381
300.422
300.45
300.468
300.48
300.487
300.491
300.493
300.494
300.495
300.494
300.494
300.494
300.494
300.494
300.494
300.495
300.495
300.496
300.497
300.499
300.5
300.502
300.503
300.505
300.506
300.508
300.51
300.511
300.513
300.515
300.517
300.518
300.52
300.522
300.523
300.525
300.526
300.527
300.528
300.528
300.529
300.529
300.528
300.527
300.526
300.524
300.522
300.519
300.515
300.511
300.506
300.501
300.494
300.487
300.48
300.472
300.462
300.452
300.443
300.431
300.419
300.406
300.395
300.383
300.37
300.357
300.344
300.33
300.317
300.305
300.294
300.284
300.275
300.268
300.264
300.265
300.275
300.294
300.32
300.355
300.399
300.453
300.516
300.588
300.668
300.756
300.849
300.947
301.047
301.149
298.924
299.171
299.411
299.635
299.835
300.006
300.145
300.253
300.335
300.394
300.435
300.463
300.481
300.493
300.5
300.504
300.507
300.508
300.508
300.508
300.508
300.508
300.508
300.508
300.508
300.509
300.509
300.51
300.511
300.512
300.513
300.514
300.515
300.517
300.518
300.52
300.521
300.523
300.524
300.526
300.528
300.53
300.531
300.533
300.535
300.536
300.537
300.538
300.539
300.54
300.54
300.541
300.54
300.539
300.538
300.536
300.534
300.531
300.528
300.523
300.518
300.513
300.506
300.499
300.492
300.483
300.474
300.464
300.455
300.444
300.43
300.416
300.405
300.393
300.381
300.368
300.354
300.34
300.326
300.313
300.302
300.293
300.284
300.277
300.275
300.279
300.29
300.309
300.336
300.372
300.416
300.47
300.532
300.603
300.682
300.768
300.859
300.954
301.052
301.15
298.926
299.176
299.419
299.646
299.847
300.019
300.158
300.266
300.348
300.406
300.447
300.475
300.494
300.505
300.513
300.517
300.519
300.519
300.52
300.52
300.521
300.521
300.521
300.521
300.521
300.521
300.522
300.522
300.523
300.524
300.525
300.526
300.527
300.528
300.529
300.531
300.532
300.534
300.535
300.537
300.539
300.54
300.542
300.544
300.546
300.547
300.549
300.55
300.551
300.552
300.552
300.553
300.552
300.552
300.551
300.549
300.547
300.544
300.541
300.536
300.532
300.526
300.52
300.512
300.505
300.496
300.487
300.477
300.466
300.455
300.442
300.43
300.418
300.405
300.393
300.379
300.365
300.35
300.336
300.323
300.311
300.301
300.294
300.289
300.289
300.294
300.307
300.326
300.354
300.39
300.435
300.488
300.55
300.62
300.697
300.78
300.869
300.961
301.056
301.152
298.928
299.182
299.427
299.656
299.86
300.032
300.171
300.279
300.36
300.418
300.459
300.487
300.505
300.517
300.524
300.527
300.53
300.531
300.531
300.532
300.532
300.532
300.533
300.533
300.533
300.533
300.534
300.534
300.534
300.535
300.536
300.536
300.537
300.538
300.54
300.541
300.542
300.544
300.546
300.547
300.549
300.551
300.553
300.554
300.556
300.558
300.56
300.561
300.563
300.564
300.564
300.565
300.565
300.565
300.564
300.562
300.56
300.558
300.554
300.55
300.546
300.54
300.534
300.527
300.519
300.51
300.501
300.491
300.48
300.468
300.456
300.443
300.43
300.417
300.404
300.39
300.376
300.361
300.347
300.334
300.323
300.314
300.307
300.304
300.305
300.312
300.325
300.346
300.374
300.41
300.455
300.507
300.568
300.637
300.712
300.793
300.879
300.969
301.06
301.153
298.93
299.187
299.436
299.667
299.872
300.045
300.184
300.292
300.372
300.43
300.47
300.498
300.516
300.527
300.534
300.538
300.541
300.542
300.543
300.543
300.543
300.543
300.543
300.544
300.544
300.544
300.544
300.545
300.545
300.545
300.546
300.547
300.547
300.548
300.55
300.551
300.552
300.554
300.555
300.557
300.559
300.561
300.563
300.565
300.567
300.569
300.571
300.572
300.574
300.575
300.576
300.577
300.578
300.578
300.577
300.576
300.574
300.572
300.569
300.565
300.561
300.555
300.549
300.542
300.534
300.525
300.516
300.506
300.495
300.483
300.47
300.458
300.444
300.431
300.417
300.403
300.389
300.374
300.361
300.348
300.338
300.329
300.324
300.322
300.324
300.332
300.346
300.367
300.396
300.432
300.476
300.528
300.588
300.654
300.728
300.806
300.89
300.976
301.065
301.155
298.931
299.192
299.444
299.678
299.884
300.057
300.196
300.304
300.383
300.441
300.481
300.508
300.526
300.537
300.544
300.549
300.551
300.552
300.553
300.553
300.553
300.553
300.553
300.554
300.554
300.554
300.555
300.555
300.555
300.555
300.556
300.556
300.557
300.558
300.559
300.56
300.562
300.563
300.565
300.567
300.569
300.571
300.573
300.575
300.577
300.579
300.581
300.583
300.585
300.587
300.588
300.589
300.59
300.59
300.59
300.59
300.588
300.586
300.584
300.58
300.576
300.571
300.565
300.558
300.551
300.542
300.533
300.522
300.511
300.499
300.487
300.474
300.46
300.447
300.433
300.418
300.404
300.39
300.377
300.365
300.355
300.348
300.343
300.342
300.346
300.354
300.369
300.391
300.419
300.455
300.499
300.55
300.608
300.673
300.744
300.82
300.901
300.984
301.07
301.156
298.933
299.198
299.453
299.688
299.896
300.07
300.209
300.315
300.395
300.451
300.491
300.518
300.535
300.547
300.554
300.558
300.561
300.562
300.563
300.563
300.563
300.563
300.563
300.563
300.564
300.564
300.564
300.564
300.564
300.565
300.565
300.565
300.566
300.567
300.568
300.569
300.571
300.572
300.574
300.576
300.578
300.58
300.582
300.584
300.587
300.589
300.592
300.594
300.596
300.598
300.6
300.601
300.602
300.603
300.603
300.603
300.602
300.601
300.599
300.596
300.592
300.587
300.582
300.575
300.568
300.559
300.55
300.54
300.529
300.517
300.505
300.492
300.478
300.464
300.45
300.436
300.422
300.409
300.396
300.385
300.376
300.369
300.365
300.365
300.37
300.379
300.395
300.416
300.445
300.48
300.523
300.573
300.629
300.692
300.761
300.834
300.912
300.992
301.075
301.158
298.935
299.203
299.461
299.699
299.908
300.082
300.221
300.327
300.405
300.461
300.5
300.527
300.544
300.556
300.563
300.567
300.57
300.571
300.572
300.572
300.572
300.572
300.572
300.572
300.572
300.573
300.573
300.573
300.573
300.574
300.574
300.574
300.575
300.576
300.577
300.578
300.579
300.581
300.583
300.585
300.587
300.589
300.591
300.594
300.596
300.599
300.601
300.604
300.606
300.609
300.611
300.613
300.614
300.616
300.616
300.617
300.616
300.615
300.614
300.611
300.608
300.604
300.599
300.593
300.586
300.578
300.569
300.559
300.548
300.537
300.524
300.512
300.498
300.484
300.471
300.457
300.443
300.43
300.418
300.407
300.399
300.393
300.39
300.391
300.396
300.406
300.422
300.444
300.472
300.507
300.548
300.597
300.651
300.712
300.778
300.849
300.923
301
301.08
301.16
298.937
299.209
299.47
299.71
299.92
300.094
300.232
300.338
300.415
300.471
300.51
300.536
300.553
300.564
300.571
300.576
300.578
300.58
300.581
300.581
300.581
300.581
300.581
300.581
300.581
300.581
300.582
300.582
300.582
300.582
300.582
300.583
300.583
300.584
300.585
300.586
300.588
300.589
300.591
300.593
300.595
300.598
300.6
300.603
300.605
300.608
300.611
300.614
300.616
300.619
300.622
300.624
300.626
300.628
300.629
300.63
300.63
300.629
300.628
300.626
300.624
300.62
300.615
300.61
300.604
300.596
300.588
300.579
300.568
300.557
300.545
300.533
300.52
300.506
300.493
300.479
300.466
300.454
300.442
300.433
300.425
300.42
300.418
300.42
300.425
300.436
300.452
300.473
300.501
300.535
300.575
300.622
300.674
300.733
300.796
300.864
300.935
301.009
301.085
301.162
298.939
299.214
299.478
299.721
299.932
300.106
300.244
300.348
300.425
300.48
300.518
300.544
300.561
300.572
300.579
300.584
300.586
300.588
300.589
300.589
300.589
300.59
300.59
300.589
300.589
300.589
300.59
300.59
300.59
300.59
300.591
300.591
300.592
300.592
300.593
300.594
300.596
300.597
300.599
300.601
300.603
300.606
300.608
300.611
300.614
300.617
300.62
300.623
300.626
300.629
300.632
300.634
300.637
300.639
300.64
300.642
300.642
300.643
300.642
300.641
300.639
300.636
300.632
300.627
300.622
300.615
300.607
300.599
300.589
300.578
300.567
300.555
300.543
300.53
300.517
300.504
300.491
300.48
300.47
300.461
300.454
300.45
300.449
300.451
300.457
300.467
300.483
300.504
300.531
300.564
300.603
300.647
300.698
300.754
300.815
300.879
300.947
301.018
301.09
301.163
298.941
299.22
299.487
299.731
299.943
300.117
300.254
300.358
300.434
300.488
300.526
300.552
300.569
300.58
300.587
300.591
300.594
300.596
300.597
300.597
300.597
300.597
300.598
300.598
300.597
300.597
300.598
300.598
300.598
300.599
300.599
300.599
300.599
300.6
300.601
300.602
300.603
300.605
300.607
300.609
300.611
300.613
300.616
300.619
300.622
300.625
300.628
300.631
300.634
300.638
300.641
300.644
300.647
300.649
300.651
300.653
300.654
300.655
300.655
300.655
300.653
300.651
300.648
300.644
300.639
300.633
300.627
300.619
300.61
300.6
300.59
300.579
300.567
300.555
300.543
300.531
300.519
300.509
300.5
300.492
300.486
300.482
300.481
300.484
300.49
300.501
300.516
300.536
300.562
300.594
300.631
300.674
300.722
300.776
300.833
300.895
300.96
301.027
301.095
301.165
298.943
299.225
299.496
299.742
299.954
300.128
300.265
300.368
300.443
300.496
300.533
300.559
300.575
300.587
300.594
300.598
300.601
300.603
300.604
300.604
300.605
300.605
300.605
300.605
300.605
300.605
300.605
300.605
300.606
300.606
300.606
300.607
300.607
300.608
300.609
300.61
300.611
300.612
300.614
300.616
300.618
300.62
300.623
300.626
300.629
300.632
300.635
300.639
300.642
300.646
300.649
300.652
300.655
300.658
300.661
300.663
300.665
300.666
300.667
300.667
300.667
300.665
300.663
300.66
300.656
300.651
300.646
300.639
300.631
300.622
300.613
300.603
300.592
300.581
300.57
300.559
300.549
300.54
300.531
300.524
300.519
300.516
300.516
300.519
300.525
300.535
300.55
300.57
300.595
300.625
300.661
300.702
300.748
300.798
300.853
300.911
300.972
301.036
301.101
301.167
298.945
299.231
299.504
299.752
299.965
300.139
300.275
300.376
300.45
300.503
300.54
300.565
300.582
300.593
300.6
300.605
300.607
300.609
300.611
300.611
300.612
300.612
300.612
300.612
300.613
300.613
300.613
300.613
300.613
300.613
300.614
300.614
300.614
300.615
300.616
300.617
300.618
300.619
300.621
300.623
300.625
300.627
300.63
300.632
300.635
300.639
300.642
300.645
300.649
300.653
300.656
300.66
300.663
300.667
300.67
300.672
300.675
300.677
300.678
300.679
300.679
300.679
300.677
300.675
300.672
300.668
300.664
300.658
300.652
300.644
300.636
300.627
300.618
300.609
300.599
300.589
300.58
300.572
300.564
300.559
300.554
300.552
300.552
300.555
300.561
300.572
300.586
300.605
300.629
300.658
300.691
300.73
300.773
300.821
300.872
300.927
300.985
301.045
301.107
301.169
298.947
299.237
299.512
299.762
299.976
300.149
300.283
300.384
300.457
300.509
300.546
300.57
300.587
300.598
300.605
300.61
300.613
300.616
300.617
300.618
300.618
300.619
300.619
300.619
300.62
300.62
300.62
300.62
300.62
300.62
300.621
300.621
300.621
300.622
300.623
300.623
300.624
300.626
300.627
300.629
300.631
300.633
300.636
300.638
300.641
300.644
300.648
300.651
300.655
300.659
300.662
300.666
300.67
300.673
300.677
300.68
300.683
300.685
300.687
300.689
300.69
300.69
300.69
300.689
300.687
300.684
300.681
300.677
300.672
300.666
300.659
300.652
300.644
300.636
300.628
300.62
300.612
300.606
300.597
300.593
300.59
300.589
300.589
300.593
300.599
300.609
300.623
300.641
300.664
300.691
300.723
300.759
300.799
300.844
300.893
300.944
300.998
301.055
301.112
301.171
298.949
299.242
299.52
299.771
299.985
300.158
300.291
300.391
300.463
300.514
300.55
300.575
300.591
300.603
300.61
300.615
300.619
300.621
300.623
300.624
300.625
300.625
300.626
300.626
300.626
300.626
300.626
300.627
300.627
300.627
300.627
300.628
300.628
300.628
300.629
300.63
300.631
300.632
300.633
300.635
300.636
300.639
300.641
300.644
300.646
300.649
300.653
300.656
300.66
300.664
300.668
300.672
300.675
300.679
300.683
300.687
300.69
300.693
300.695
300.698
300.699
300.701
300.701
300.701
300.701
300.699
300.697
300.694
300.69
300.686
300.681
300.675
300.669
300.663
300.657
300.65
300.644
300.639
300.636
300.63
300.627
300.626
300.627
300.631
300.637
300.647
300.661
300.678
300.699
300.725
300.754
300.788
300.826
300.868
300.913
300.961
301.012
301.064
301.118
301.173
298.95
299.247
299.528
299.78
299.994
300.165
300.298
300.396
300.467
300.518
300.553
300.578
300.595
300.606
300.614
300.619
300.623
300.626
300.628
300.629
300.63
300.631
300.631
300.632
300.632
300.632
300.633
300.633
300.633
300.633
300.633
300.634
300.634
300.635
300.635
300.636
300.636
300.637
300.639
300.64
300.642
300.643
300.646
300.648
300.651
300.654
300.657
300.66
300.664
300.668
300.672
300.676
300.68
300.684
300.688
300.692
300.695
300.699
300.702
300.705
300.707
300.709
300.711
300.712
300.712
300.712
300.711
300.71
300.708
300.705
300.702
300.698
300.694
300.689
300.684
300.68
300.675
300.67
300.67
300.665
300.664
300.664
300.665
300.669
300.676
300.686
300.699
300.715
300.735
300.759
300.786
300.818
300.853
300.892
300.934
300.978
301.025
301.074
301.124
301.175
298.952
299.251
299.534
299.787
300
300.171
300.302
300.4
300.47
300.52
300.555
300.58
300.597
300.609
300.617
300.623
300.627
300.63
300.632
300.634
300.635
300.636
300.636
300.637
300.638
300.638
300.638
300.638
300.639
300.639
300.639
300.639
300.64
300.64
300.641
300.641
300.642
300.643
300.644
300.645
300.646
300.648
300.65
300.652
300.655
300.657
300.66
300.664
300.667
300.671
300.675
300.679
300.683
300.687
300.691
300.696
300.7
300.704
300.707
300.711
300.714
300.717
300.719
300.721
300.723
300.724
300.724
300.724
300.723
300.722
300.721
300.719
300.716
300.714
300.711
300.708
300.705
300.703
300.702
300.7
300.7
300.701
300.703
300.708
300.715
300.724
300.736
300.752
300.77
300.793
300.818
300.848
300.88
300.916
300.955
300.996
301.039
301.084
301.13
301.177
298.953
299.255
299.539
299.792
300.005
300.175
300.304
300.401
300.471
300.52
300.556
300.58
300.598
300.61
300.619
300.625
300.629
300.633
300.635
300.637
300.639
300.64
300.641
300.642
300.642
300.643
300.643
300.644
300.644
300.644
300.644
300.645
300.645
300.645
300.646
300.646
300.647
300.647
300.648
300.649
300.65
300.652
300.653
300.655
300.658
300.66
300.663
300.666
300.67
300.673
300.677
300.681
300.685
300.69
300.694
300.698
300.703
300.707
300.711
300.715
300.719
300.722
300.726
300.728
300.731
300.733
300.735
300.736
300.737
300.738
300.738
300.738
300.737
300.736
300.735
300.734
300.733
300.733
300.733
300.733
300.734
300.736
300.74
300.745
300.752
300.761
300.773
300.788
300.805
300.826
300.85
300.877
300.907
300.94
300.975
301.013
301.052
301.094
301.136
301.179
298.954
299.257
299.542
299.795
300.006
300.175
300.304
300.399
300.468
300.518
300.554
300.579
300.597
300.61
300.619
300.626
300.631
300.635
300.638
300.64
300.642
300.643
300.645
300.646
300.646
300.647
300.647
300.648
300.648
300.649
300.649
300.649
300.65
300.65
300.65
300.65
300.651
300.651
300.652
300.653
300.654
300.655
300.657
300.658
300.66
300.663
300.665
300.668
300.671
300.675
300.678
300.682
300.687
300.691
300.695
300.7
300.705
300.709
300.714
300.718
300.722
300.727
300.73
300.734
300.738
300.741
300.744
300.746
300.749
300.751
300.752
300.754
300.755
300.756
300.757
300.758
300.759
300.76
300.761
300.765
300.766
300.769
300.774
300.78
300.787
300.797
300.809
300.823
300.839
300.858
300.88
300.905
300.933
300.962
300.995
301.029
301.065
301.103
301.141
301.18
298.955
299.258
299.542
299.794
300.004
300.171
300.299
300.394
300.463
300.513
300.55
300.576
300.594
300.608
300.618
300.626
300.632
300.636
300.639
300.642
300.644
300.646
300.647
300.649
300.649
300.65
300.651
300.652
300.652
300.652
300.653
300.653
300.653
300.654
300.654
300.654
300.655
300.655
300.656
300.656
300.657
300.658
300.659
300.661
300.662
300.664
300.667
300.669
300.672
300.676
300.679
300.683
300.687
300.691
300.696
300.701
300.705
300.71
300.715
300.72
300.724
300.729
300.734
300.738
300.742
300.747
300.75
300.754
300.758
300.761
300.764
300.767
300.77
300.773
300.776
300.779
300.781
300.784
300.788
300.792
300.794
300.8
300.805
300.812
300.82
300.83
300.841
300.855
300.87
300.888
300.909
300.931
300.956
300.984
301.013
301.044
301.077
301.111
301.146
301.182
298.954
299.256
299.539
299.789
299.997
300.163
300.29
300.385
300.455
300.506
300.543
300.57
300.59
300.605
300.616
300.625
300.631
300.636
300.64
300.643
300.646
300.648
300.649
300.651
300.652
300.653
300.654
300.654
300.655
300.655
300.656
300.656
300.657
300.657
300.657
300.657
300.658
300.658
300.658
300.659
300.66
300.66
300.661
300.663
300.664
300.666
300.668
300.67
300.673
300.676
300.679
300.683
300.687
300.691
300.696
300.7
300.705
300.71
300.715
300.72
300.725
300.73
300.736
300.741
300.746
300.75
300.755
300.76
300.764
300.769
300.773
300.778
300.782
300.786
300.791
300.795
300.799
300.804
300.809
300.814
300.821
300.825
300.832
300.839
300.848
300.858
300.87
300.883
300.898
300.915
300.934
300.955
300.977
301.002
301.029
301.057
301.087
301.118
301.15
301.183
298.953
299.252
299.531
299.778
299.984
300.148
300.275
300.371
300.442
300.495
300.534
300.563
300.585
300.601
300.613
300.622
300.63
300.635
300.64
300.643
300.646
300.649
300.65
300.652
300.653
300.655
300.656
300.656
300.657
300.658
300.658
300.659
300.659
300.659
300.66
300.66
300.66
300.66
300.661
300.661
300.662
300.662
300.663
300.664
300.665
300.667
300.669
300.671
300.673
300.676
300.679
300.683
300.686
300.691
300.695
300.7
300.704
300.709
300.715
300.72
300.725
300.731
300.736
300.742
300.747
300.752
300.758
300.763
300.769
300.774
300.779
300.785
300.79
300.796
300.801
300.807
300.813
300.819
300.825
300.831
300.838
300.845
300.853
300.861
300.871
300.881
300.893
300.906
300.92
300.936
300.954
300.973
300.994
301.017
301.041
301.067
301.095
301.123
301.153
301.184
298.95
299.244
299.519
299.762
299.965
300.129
300.256
300.354
300.427
300.482
300.524
300.554
300.578
300.595
300.609
300.619
300.627
300.634
300.639
300.643
300.646
300.649
300.651
300.653
300.654
300.656
300.657
300.658
300.659
300.659
300.66
300.66
300.661
300.661
300.661
300.662
300.662
300.662
300.662
300.663
300.663
300.664
300.664
300.665
300.666
300.668
300.669
300.671
300.673
300.676
300.679
300.682
300.686
300.69
300.694
300.698
300.703
300.708
300.713
300.719
300.724
300.73
300.736
300.741
300.747
300.753
300.759
300.765
300.771
300.777
300.783
300.789
300.795
300.801
300.808
300.814
300.821
300.828
300.835
300.843
300.851
300.859
300.867
300.876
300.886
300.897
300.909
300.922
300.936
300.951
300.968
300.986
301.006
301.027
301.05
301.074
301.1
301.127
301.156
301.185
298.947
299.234
299.503
299.741
299.942
300.106
300.235
300.335
300.411
300.469
300.513
300.546
300.571
300.59
300.605
300.616
300.625
300.632
300.638
300.642
300.646
300.649
300.651
300.653
300.655
300.656
300.657
300.658
300.659
300.66
300.661
300.661
300.662
300.662
300.662
300.663
300.663
300.663
300.663
300.664
300.664
300.664
300.665
300.666
300.667
300.668
300.669
300.671
300.673
300.676
300.679
300.682
300.685
300.689
300.693
300.697
300.702
300.707
300.712
300.718
300.723
300.729
300.735
300.741
300.747
300.753
300.759
300.765
300.771
300.778
300.784
300.791
300.797
300.804
300.811
300.818
300.825
300.833
300.84
300.849
300.857
300.866
300.875
300.885
300.895
300.906
300.918
300.931
300.945
300.96
300.976
300.994
301.013
301.033
301.055
301.078
301.103
301.13
301.157
301.186
298.943
299.224
299.488
299.723
299.923
300.087
300.218
300.32
300.399
300.459
300.505
300.54
300.566
300.587
300.602
300.614
300.624
300.631
300.637
300.641
300.645
300.648
300.651
300.653
300.655
300.656
300.657
300.659
300.659
300.66
300.661
300.661
300.662
300.662
300.663
300.663
300.663
300.663
300.664
300.664
300.664
300.665
300.665
300.666
300.667
300.668
300.67
300.671
300.673
300.676
300.678
300.681
300.685
300.689
300.693
300.697
300.702
300.707
300.712
300.717
300.723
300.728
300.734
300.74
300.746
300.752
300.759
300.765
300.771
300.778
300.784
300.791
300.798
300.805
300.812
300.819
300.826
300.834
300.842
300.85
300.859
300.868
300.877
300.887
300.898
300.909
300.921
300.934
300.948
300.963
300.979
300.997
301.015
301.035
301.057
301.08
301.105
301.131
301.158
301.186
)
;

boundaryField
{
    Adiabatic_walls
    {
        type            calculated;
        value           nonuniform List<scalar> 
200
(
298.943
299.224
299.488
299.723
299.923
300.087
300.218
300.32
300.399
300.459
300.505
300.54
300.566
300.587
300.602
300.614
300.624
300.631
300.637
300.641
300.645
300.648
300.651
300.653
300.655
300.656
300.657
300.659
300.659
300.66
300.661
300.661
300.662
300.662
300.663
300.663
300.663
300.663
300.664
300.664
300.664
300.665
300.665
300.666
300.667
300.668
300.67
300.671
300.673
300.676
300.678
300.681
300.685
300.689
300.693
300.697
300.702
300.707
300.712
300.717
300.723
300.728
300.734
300.74
300.746
300.752
300.759
300.765
300.771
300.778
300.784
300.791
300.798
300.805
300.812
300.819
300.826
300.834
300.842
300.85
300.859
300.868
300.877
300.887
300.898
300.909
300.921
300.934
300.948
300.963
300.979
300.997
301.015
301.035
301.057
301.08
301.105
301.131
301.158
301.186
298.813
298.839
298.864
298.889
298.912
298.934
298.955
298.974
298.992
299.009
299.024
299.039
299.052
299.065
299.076
299.087
299.097
299.107
299.116
299.125
299.133
299.141
299.148
299.155
299.162
299.169
299.175
299.181
299.187
299.193
299.199
299.204
299.21
299.215
299.22
299.225
299.23
299.235
299.24
299.245
299.25
299.255
299.259
299.263
299.268
299.272
299.275
299.279
299.282
299.286
299.289
299.291
299.294
299.296
299.298
299.3
299.302
299.304
299.305
299.307
299.308
299.31
299.311
299.313
299.314
299.316
299.318
299.319
299.321
299.323
299.325
299.327
299.329
299.332
299.334
299.337
299.34
299.344
299.348
299.352
299.357
299.363
299.37
299.378
299.389
299.401
299.418
299.439
299.465
299.5
299.546
299.606
299.683
299.785
299.914
300.077
300.276
300.511
300.775
301.056
)
;
    }
    Left
    {
        type            calculated;
        value           uniform 298.8;
    }
    Right
    {
        type            calculated;
        value           uniform 301.2;
    }
    frontAndBack
    {
        type            empty;
    }
}

