/*--------------------------------*- C++ -*----------------------------------*\
  =========                 |
  \\      /  F ield         | OpenFOAM: The Open Source CFD Toolbox
   \\    /   O peration     | Website:  https://openfoam.org
    \\  /    A nd           | Version:  6
     \\/     M anipulation  |
\*---------------------------------------------------------------------------*/
FoamFile
{
    version     2.0;
    format      ascii;
    class       volScalarField;
    location    "0";
    object      p_rgh;
}
// * * * * * * * * * * * * * * * * * * * * * * * * * * * * * * * * * * * * * //

dimensions      [0 2 -2 0 0 0 0];

internalField   nonuniform List<scalar> 
10000
(
70.87
70.2582
69.8988
70.2193
71.2772
73.0385
75.3271
77.9164
80.5459
82.9423
84.8546
86.0869
86.518
86.0982
84.8452
82.8707
80.1554
76.7959
73.2332
69.4462
65.4588
61.6132
58.0168
54.7732
51.9619
49.6173
47.7731
46.4446
45.6187
45.2747
45.3923
45.9272
46.8244
48.0417
49.5187
51.1934
53.0111
54.9182
56.8606
58.7877
60.6573
62.4306
64.0679
65.5431
66.8352
67.9274
68.8059
69.4617
69.8977
70.119
70.129
69.9346
69.5487
68.9911
68.2835
67.4436
66.4872
65.4341
64.3078
63.1264
61.9107
60.6796
59.4433
58.2175
57.0268
55.8919
54.8203
53.8153
52.8773
52.0062
51.2015
50.4606
49.7773
49.1439
48.5531
47.9964
47.4614
46.9339
46.3992
45.8419
45.2429
44.5802
43.8314
42.974
41.9886
40.8622
39.5895
38.1762
36.639
35.0045
33.3071
31.5719
29.8405
27.9926
26.0225
24.0257
21.9628
20.0704
18.7342
18.3633
71.419
70.8686
70.7224
71.1395
72.187
73.8506
75.9771
78.3412
80.6935
82.7879
84.4025
85.3605
85.5492
84.9244
83.5107
81.3316
78.8067
75.5685
71.952
68.245
64.2335
60.4945
57.0488
53.969
51.331
49.1677
47.4992
46.3358
45.6711
45.4755
45.717
46.3586
47.3458
48.6288
50.1484
51.8476
53.673
55.5683
57.4821
59.3701
61.1912
62.9079
64.483
65.8943
67.1245
68.156
68.9766
69.5815
69.974
70.1592
70.1395
69.922
69.5221
68.9593
68.2527
67.4182
66.4708
65.4313
64.3201
63.1621
61.9699
60.7513
59.5227
58.3057
57.1299
56.0062
54.9385
53.9331
52.9899
52.1084
51.2882
50.5276
49.8219
49.163
48.5424
47.9516
47.3794
46.8116
46.2339
45.6318
44.9878
44.2809
43.4898
42.5947
41.5802
40.4375
39.1652
37.7704
36.2725
34.7022
33.0973
31.4883
29.9528
28.1337
26.2222
24.4195
22.4716
20.5807
19.1054
18.4147
71.604
71.0859
71.0266
71.5214
72.5761
74.1748
76.1831
78.388
80.5388
82.3952
83.7489
84.4387
84.3647
83.4875
81.8303
79.447
76.3843
72.9263
69.925
66.606
62.4471
58.6477
55.2454
52.2607
49.7485
47.7319
46.2335
45.2519
44.7674
44.7564
45.1852
46.0039
47.1534
48.5862
50.243
52.0591
53.9812
55.9573
57.9351
59.8689
61.7191
63.4513
65.0329
66.4392
67.6543
68.666
69.4637
70.0444
70.4103
70.5658
70.5176
70.2753
69.8529
69.2689
68.5419
67.6873
66.7214
65.6636
64.5384
63.3653
62.1598
60.9456
59.7157
58.4573
57.2409
56.1124
55.038
54.0137
53.0511
52.1498
51.3075
50.5224
49.7907
49.1054
48.4577
47.8384
47.2363
46.6384
46.0306
45.3981
44.7234
43.9855
43.1645
42.2426
41.2055
40.045
38.7614
37.3653
35.8801
34.3396
32.7802
31.2272
29.6496
28.2168
26.673
24.7485
22.6977
20.5749
18.7298
17.5418
71.4533
70.9284
70.9003
71.4405
72.5144
74.0746
75.9806
78.0255
79.9633
81.5573
82.6092
82.9734
82.5699
81.3771
79.4384
76.8594
73.7503
70.6651
66.3994
62.1569
58.8153
55.1336
51.8396
48.9887
46.6282
44.784
43.4767
42.7121
42.4648
42.7033
43.3899
44.4736
45.892
47.5854
49.4915
51.5459
53.6913
55.8718
58.031
60.1241
62.1166
63.9696
65.6487
67.132
68.4065
69.4642
70.2936
70.8893
71.2576
71.4075
71.3465
71.0839
70.6338
70.0153
69.249
68.353
67.3437
66.2388
65.058
63.8277
62.5766
61.3043
60.0399
58.7759
57.4737
56.2456
55.1461
54.0959
53.0922
52.1522
51.2722
50.4503
49.6841
48.9665
48.2877
47.6386
47.0092
46.3864
45.7545
45.0976
44.3987
43.6379
42.7938
41.847
40.7831
39.5955
38.2868
36.8704
35.3746
33.8457
32.3334
30.8858
29.5555
28.0625
26.4595
24.5804
22.3853
19.9188
17.5592
15.7302
70.8357
70.3995
70.4393
71.0417
72.1568
73.7028
75.5158
77.3849
79.0724
80.3505
81.0344
80.9944
80.1672
78.5461
76.1735
73.1438
69.5407
65.4707
61.1461
57.433
54.2384
50.4255
47.0258
44.2008
41.9278
40.2248
39.1051
38.5676
38.5814
39.1133
40.1215
41.543
43.3134
45.3692
47.6394
50.0525
52.5437
55.0549
57.5294
59.9138
62.1705
64.2604
66.1479
67.8131
69.2439
70.4289
71.3584
72.0313
72.4546
72.639
72.5945
72.3303
71.8603
71.2081
70.3985
69.4489
68.3745
67.1964
65.9373
64.6189
63.2641
61.9117
60.5563
59.2314
57.8812
56.515
55.3064
54.2136
53.1516
52.1469
51.2093
50.3348
49.5191
48.7553
48.0362
47.353
46.693
46.0411
45.3823
44.7014
43.9801
43.1954
42.3236
41.3454
40.2466
39.0187
37.6632
36.197
34.6553
33.0937
31.5616
30.1141
28.6923
27.363
25.8007
23.8604
21.4341
18.556
15.6103
13.0526
69.774
69.514
69.7023
70.4194
71.6157
73.184
74.934
76.6431
78.0762
79.0202
79.3075
78.828
77.5362
75.4515
72.6325
69.188
65.2576
61.0035
56.7685
52.003
47.541
44.0465
40.7495
37.9922
35.8115
34.2304
33.2726
32.9454
33.2179
34.0504
35.4003
37.1998
39.3794
41.8688
44.5854
47.4519
50.3988
53.3574
56.2651
59.0626
61.7043
64.1513
66.3665
68.3221
70.0075
71.4131
72.5272
73.3497
73.8928
74.166
74.1771
73.9412
73.4774
72.8077
71.9576
70.95
69.8032
68.5375
67.1774
65.7503
64.2812
62.7864
61.3134
59.8599
58.4651
56.9803
55.5404
54.3814
53.2661
52.1706
51.1494
50.1989
49.3148
48.4924
47.7228
46.9943
46.2937
45.6067
44.918
44.21
43.4609
42.6458
41.7401
40.7234
39.5783
38.2928
36.8683
35.3267
33.7108
32.0875
30.5088
29.0958
27.5956
26.2106
24.6152
22.5256
19.8051
16.4827
12.9375
9.63491
68.2907
68.2752
68.699
69.6108
70.9493
72.5899
74.3213
75.908
77.1182
77.7518
77.66
76.7567
75.011
72.4587
69.1781
65.2751
60.8881
56.1591
51.2603
46.1452
41.0237
37.4252
34.0352
31.189
28.9673
27.4029
26.5215
26.3291
26.7972
27.8855
29.5494
31.7162
34.3067
37.2477
40.4493
43.8218
47.2901
50.7745
54.1998
57.5036
60.6325
63.5363
66.177
68.5239
70.5579
72.2697
73.6531
74.7037
75.4298
75.8469
75.9672
75.8032
75.3748
74.7107
73.8407
72.7862
71.5659
70.2074
68.7415
67.1946
65.592
63.9573
62.3073
60.7041
59.1491
57.6144
56.0501
54.6056
53.4171
52.2563
51.1219
50.0749
49.1067
48.2095
47.3728
46.5856
45.8356
45.1068
44.3804
43.6362
42.852
42.0014
41.0557
39.9894
38.7824
37.4214
35.9078
34.2654
32.5424
30.8184
29.1504
27.7665
26.2878
24.7336
22.9625
20.6397
17.5735
13.7922
9.6659
5.65108
66.4086
66.6847
67.4066
68.5862
70.1297
71.8935
73.6512
75.1597
76.1939
76.57
76.1578
74.8945
72.77
69.8273
66.1592
61.8804
57.1279
52.0396
46.7707
41.3704
36.4604
31.6565
27.6307
24.5418
22.1474
20.4764
19.5565
19.389
19.9499
21.202
23.098
25.565
28.516
31.8714
35.5397
39.4175
43.416
47.4526
51.4386
55.2971
58.9721
62.4037
65.5383
68.3439
70.8034
72.899
74.617
75.9571
76.9312
77.5502
77.8246
77.7735
77.4221
76.7973
75.9287
74.8437
73.5673
72.1282
70.557
68.8852
67.1453
65.3654
63.5643
61.762
60.033
58.4228
56.6261
54.9561
53.6857
52.4091
51.1613
49.9984
48.9284
47.9394
47.0222
46.1661
45.3565
44.5751
43.8011
43.0134
42.1881
41.2949
40.3001
39.1731
37.8913
36.4403
34.8183
33.0477
31.1797
29.2984
27.4346
26.0206
24.4696
22.7383
20.791
18.2237
14.8114
10.5911
5.93019
1.27194
64.1182
64.7208
65.7716
67.2612
69.0505
70.9688
72.7812
74.2476
75.1525
75.3323
74.6795
73.1496
70.7532
67.544
63.6194
59.0962
54.1134
48.8106
43.3302
37.8146
32.4014
26.5951
22.0149
18.7651
16.1366
14.235
13.1416
12.8648
13.3847
14.6712
16.6774
19.3313
22.5461
26.2313
30.2892
34.6158
39.1051
43.6614
48.1948
52.6153
56.8457
60.8217
64.4865
67.7946
70.7174
73.2386
75.3441
77.0243
78.2869
79.1484
79.6239
79.7295
79.487
78.9289
78.0929
77.0073
75.6952
74.1886
72.5258
70.7431
68.8738
66.9469
64.9862
63.0159
61.0716
59.2182
57.461
55.5945
53.932
52.671
51.3205
50.0099
48.8167
47.7232
46.7152
45.7792
44.8983
44.0539
43.2253
42.3887
41.5153
40.5703
39.5166
38.3203
36.9543
35.3988
33.6475
31.7192
29.6667
27.5619
25.4532
23.4645
22.0972
20.2903
18.1725
15.3615
11.619
6.99519
1.86206
-3.3478
61.389
62.3356
63.7201
65.523
67.5616
69.6375
71.5086
72.9477
73.7583
73.7992
72.9875
71.2973
68.7556
65.4241
61.4014
56.8001
51.754
46.396
40.8498
35.2869
29.7201
22.645
17.4793
14.2213
11.4463
9.25912
7.88638
7.37878
7.72713
8.91224
10.8947
13.5992
16.9434
20.8396
25.1749
29.84
34.7323
39.7412
44.7556
49.6823
54.4394
58.9442
63.1232
66.9293
70.3292
73.2953
75.803
77.8429
79.4257
80.5631
81.2658
81.5527
81.4502
80.9924
80.217
79.1529
77.8281
76.2806
74.5506
72.6749
70.6894
68.6292
66.5234
64.4005
62.2893
60.2477
58.377
56.3412
54.4152
52.9466
51.5162
50.1207
48.8014
47.5995
46.4928
45.4675
44.5077
43.5944
42.7052
41.8128
40.8834
39.879
38.7599
37.4878
36.0289
34.357
32.4638
30.3695
28.1395
25.8515
23.7405
21.2545
19.3898
17.5355
15.2176
12.1499
8.09255
3.10871
-2.42347
-8.07919
58.1867
59.4686
61.1699
63.2563
65.5112
67.7174
69.6308
71.0402
71.7783
71.7301
70.8368
69.0894
66.5286
63.2204
59.2609
54.7523
49.8136
44.5592
39.0776
33.5606
27.6925
21.7815
16.4459
12.0308
8.67284
6.01291
4.2269
3.37252
3.43805
4.39815
6.22451
8.84984
12.183
16.1403
20.6193
25.4998
30.6655
36.0072
41.4097
46.761
51.963
56.9295
61.5809
65.8545
69.7017
73.0911
75.9964
78.4011
80.309
81.7284
82.6719
83.1615
83.2216
82.8839
82.189
81.1716
79.8627
78.3004
76.526
74.5799
72.5035
70.3351
68.105
65.8438
63.5863
61.3599
59.2468
57.2404
55.1036
53.265
51.9174
50.3675
48.9133
47.595
46.3864
45.2699
44.2296
43.2447
42.2898
41.3348
40.3439
39.2755
38.0855
36.7298
35.1674
33.3666
31.3165
29.0411
26.6182
24.1485
22.0042
19.5743
17.0744
14.7487
12.0836
8.70013
4.3257
-0.976617
-6.82959
-12.8195
54.4858
56.0651
58.0425
60.3614
62.7774
65.0641
66.9884
68.3593
69.0397
68.9442
68.0396
66.3314
63.8685
60.7184
56.9715
52.7184
48.0574
43.0799
37.8368
32.4571
26.5643
22.2739
17.0423
11.5058
7.48504
4.36885
2.19047
0.972265
0.708315
1.37958
2.9525
5.37532
8.57556
12.4655
16.9394
21.8868
27.1944
32.7405
38.3985
44.0541
49.604
54.9466
59.9881
64.6572
68.8996
72.6758
75.9479
78.6911
80.9076
82.6053
83.7935
84.49
84.7188
84.5148
83.9213
82.9735
81.7024
80.1478
78.3552
76.3685
74.2309
71.9819
69.6543
67.2831
64.9092
62.5702
60.2947
58.2261
56.0114
53.8197
52.1824
50.6783
49.1664
47.7334
46.4261
45.2212
44.1016
43.0441
42.0208
41.0004
39.9448
38.8085
37.5411
36.092
34.4135
32.4663
30.2301
27.7163
24.9743
22.0445
19.3352
16.9528
14.2216
11.604
8.65713
4.99395
0.346828
-5.20839
-11.2918
-17.5014
50.2721
52.0893
54.2815
56.7651
59.275
61.585
63.4828
64.8048
65.4442
65.3434
64.4928
62.9108
60.6491
57.7739
54.3679
50.5119
46.2867
41.7697
37.0036
32.0777
26.804
22.2399
16.784
11.37
7.30331
4.00653
1.59252
0.0984662
-0.477557
-0.125447
1.14746
3.29454
6.2522
9.9522
14.3003
19.1837
24.488
30.0953
35.8786
41.7152
47.4917
53.0962
58.4302
63.4129
67.9788
72.0771
75.6624
78.7063
81.2052
83.1614
84.5796
85.4761
85.876
85.8152
85.3358
84.4725
83.2579
81.7355
79.9529
77.9553
75.7865
73.4876
71.095
68.6473
66.1862
63.7499
61.3677
59.0894
56.915
54.6468
52.6027
51.1379
49.5013
47.9986
46.6108
45.3326
44.1425
43.0176
41.9293
40.8449
39.7238
38.5157
37.1647
35.6145
33.8121
31.7126
29.2898
26.555
23.5519
20.4425
16.7724
14.0878
11.2547
8.33065
5.07031
1.11832
-3.77724
-9.52857
-15.757
-22.0784
45.5383
47.5228
49.8541
52.4252
54.957
57.233
59.0696
60.336
60.9569
60.8978
60.1653
58.7875
56.815
54.3103
51.3448
47.9893
44.3111
40.3733
36.2143
31.8837
27.3296
22.6503
16.8711
11.6883
7.94061
4.70261
2.18861
0.502823
-0.324736
-0.269432
0.681295
2.50624
5.1607
8.58659
12.7006
17.4007
22.5801
28.1236
33.9016
39.788
45.6676
51.422
56.9449
62.144
66.9455
71.2924
75.1321
78.4282
81.1687
83.3507
84.9775
86.0635
86.6308
86.7136
86.354
85.5879
84.4498
82.9834
81.2367
79.2559
77.0875
74.7744
72.3541
69.866
67.3526
64.8533
62.4019
60.027
57.8324
55.5906
53.2992
51.5103
49.9785
48.4091
46.9519
45.6103
44.3605
43.1778
42.0324
40.8892
39.7036
38.4209
36.9809
35.3229
33.3892
31.1311
28.5217
25.5817
22.3888
19.2779
15.6539
11.9202
8.46117
5.04856
1.39194
-2.87543
-8.00201
-13.8972
-20.1911
-26.5246
40.2897
42.3655
44.7493
47.3234
49.8054
51.9937
53.7406
54.9509
55.5807
55.6131
55.0625
53.9612
52.3528
50.291
47.8351
45.0457
41.9816
38.6875
35.1994
31.5442
27.6889
23.4133
17.6617
12.6875
9.25714
6.15356
3.63558
1.84113
0.819314
0.617062
1.26686
2.76448
5.08274
8.17965
11.9881
16.4194
21.3746
26.7443
32.4026
38.2249
44.095
49.8889
55.4947
60.8141
65.7666
70.2872
74.3146
77.8054
80.7416
83.1154
84.9265
86.1854
86.9104
87.1342
86.8995
86.2432
85.199
83.8099
82.1239
80.1895
78.0558
75.7663
73.3572
70.8678
68.3428
65.8237
63.3461
60.9402
58.6542
56.4746
54.2825
52.0906
50.4618
48.857
47.397
46.0223
44.7378
43.5175
42.3292
41.1351
39.888
38.5297
36.9959
35.2199
33.1351
30.6824
27.8202
24.5389
20.8897
17.1548
13.3944
9.30848
5.43339
1.60379
-2.42521
-6.98883
-12.3114
-18.2936
-24.5763
-30.8305
34.5422
36.6294
38.976
41.4632
43.8198
45.8687
47.5033
48.6631
49.3315
49.507
49.2019
48.4413
47.256
45.6886
43.7855
41.5881
39.1568
36.5295
33.7241
30.7533
27.623
23.8994
18.6611
14.0634
10.8583
7.9287
5.4749
3.64699
2.50548
2.10751
2.49873
3.69039
5.67402
8.4251
11.8923
16
20.6603
25.7747
31.2249
36.8898
42.653
48.3899
53.9852
59.3375
64.3608
68.9818
73.1318
76.7619
79.8491
82.3799
84.3478
85.7599
86.6327
86.9971
86.8933
86.3567
85.4213
84.1303
82.5328
80.6773
78.6128
76.383
74.0241
71.5755
69.0826
66.5873
64.1239
61.7225
59.4159
57.2528
55.1969
52.9348
50.9556
49.4144
47.9137
46.5414
45.2478
44.0124
42.7997
41.5682
40.268
38.8382
37.211
35.3155
33.0802
30.4449
27.3735
23.8636
20.1264
15.1332
11.0813
6.73847
2.41099
-1.8786
-6.31001
-11.1769
-16.675
-22.6967
-28.8996
-34.9928
28.3268
30.3381
32.5536
34.859
37.0124
38.8705
40.3715
41.4912
42.2317
42.5985
42.5948
42.2313
41.5155
40.4648
39.1251
37.5225
35.702
33.7062
31.5559
29.2346
26.8141
23.6319
19.2107
15.2477
12.2438
9.51042
7.18789
5.40566
4.22593
3.70609
3.90035
4.83458
6.51676
8.93606
12.0562
15.8181
20.1478
24.9586
30.1405
35.5785
41.1595
46.7631
52.2729
57.5846
62.6074
67.2634
71.4788
75.1988
78.3954
81.0494
83.149
84.6975
85.7096
86.2134
86.2458
85.8402
85.0302
83.8601
82.3794
80.6354
78.6754
76.5426
74.2749
71.912
69.4979
67.0732
64.6712
62.3224
60.0585
57.9212
55.9304
53.987
51.7415
49.9356
48.4446
47.0993
45.8386
44.6199
43.4071
42.1569
40.8166
39.3218
37.5994
35.5731
33.1636
30.3034
26.9387
23.0632
19.0144
14.5079
9.36151
4.34115
-0.567912
-5.37711
-10.2421
-15.4193
-21.0747
-27.093
-33.154
-39.0137
21.6899
23.5276
25.5124
27.5373
29.4043
31.0175
32.3626
33.4498
34.2946
34.9023
35.2512
35.3203
35.1008
34.5784
33.7783
32.7243
31.4668
30.0377
28.4622
26.7163
24.9803
22.2204
18.7414
15.6143
12.838
10.3605
8.24672
6.59347
5.46081
4.90251
4.97688
5.72102
7.1573
9.28557
12.0842
15.5116
19.5069
23.9944
28.8763
34.0468
39.3983
44.8155
50.1832
55.3963
60.3619
65
69.2336
73.0018
76.2712
79.0189
81.2292
82.9016
84.0467
84.6893
84.8639
84.6026
83.938
82.9133
81.577
79.9764
78.1574
76.1624
74.0293
71.7974
69.5088
67.2018
64.909
62.6606
60.4856
58.4193
56.4948
54.8081
52.6893
50.499
48.9591
47.6412
46.4422
45.2813
44.1013
42.8573
41.4958
39.9486
38.1382
35.9854
33.4111
30.3553
26.7567
22.7445
17.4826
12.6229
7.25444
1.77989
-3.64073
-8.94704
-14.2383
-19.7151
-25.5027
-31.4751
-37.337
-42.8987
14.6936
16.2484
17.8893
19.5284
21.0212
22.3287
23.4908
24.5549
25.5365
26.4217
27.1669
27.7025
27.9798
27.9617
27.6609
27.0768
26.289
25.3271
24.2155
22.9402
21.808
19.3796
16.839
14.6227
12.1362
9.99023
8.16265
6.722
5.72494
5.21631
5.25463
5.88682
7.1516
9.0535
11.5818
14.7131
18.398
22.5717
27.1514
32.0414
37.1411
42.3408
47.5297
52.6053
57.4741
62.0548
66.2682
70.0501
73.3634
76.182
78.4869
80.2733
81.5475
82.3307
82.6557
82.5536
82.0551
81.2013
80.0389
78.6148
76.9745
75.1588
73.2041
71.1485
69.0323
66.892
64.7586
62.6609
60.6258
58.6829
56.8515
55.2573
53.595
51.3766
49.4153
48.1313
47.0022
45.9217
44.8186
43.6142
42.2528
40.6655
38.7696
36.481
33.7155
30.4041
26.4671
22.3443
17.1974
11.3816
5.37577
-0.704091
-6.70438
-12.5426
-18.2751
-24.0495
-29.9485
-35.8363
-41.4478
-46.6548
7.40835
8.56082
9.73495
10.8709
11.8927
12.8333
13.7829
14.8213
15.9709
17.1752
18.3445
19.363
20.1278
20.5617
20.6835
20.4559
20.0178
19.3886
18.596
17.6628
17.0057
14.8847
13.2257
11.8893
9.7664
8.01776
6.54018
5.38455
4.60347
4.2264
4.31175
4.91804
6.10288
7.86038
10.1872
13.0823
16.5063
20.4017
24.7024
29.3223
34.1696
39.1427
44.1362
49.0521
53.7991
58.2949
62.4603
66.2308
69.5672
72.4399
74.8265
76.7189
78.1203
79.0488
79.5351
79.608
79.2963
78.6392
77.6815
76.4687
75.045
73.4494
71.7164
69.8824
67.9862
66.0623
64.1388
62.2414
60.3941
58.6222
56.9438
55.4485
54.1636
52.2318
50.015
48.521
47.4943
46.4956
45.4829
44.3641
43.0371
41.43
39.4629
37.0512
34.1112
30.581
26.5011
21.2466
15.8663
9.77412
3.30472
-3.30784
-9.85458
-16.2089
-22.3714
-28.4278
-34.4118
-40.1761
-45.4897
-50.2911
-0.0810459
0.537917
1.10845
1.61694
2.06242
2.56159
3.27104
4.28521
5.62158
7.18174
8.80554
10.3082
11.5283
12.3436
12.8031
12.7946
12.6107
12.1537
11.4888
10.7326
10.3486
8.59478
7.69988
7.06963
5.36347
4.07673
3.03878
2.25775
1.77945
1.61248
1.82112
2.48613
3.69356
5.39739
7.59976
10.3355
13.5672
17.2372
21.3019
25.6831
30.2958
35.0519
39.85
44.5978
49.2096
53.6043
57.7046
61.4468
64.7909
67.7047
70.1634
72.1567
73.6855
74.7655
75.4245
75.6887
75.5849
75.1504
74.4279
73.4608
72.2912
70.9561
69.4877
67.92
66.2903
64.6307
62.9657
61.3168
59.7042
58.1487
56.6687
55.3131
54.183
52.7355
50.7272
48.8474
47.813
46.9982
46.0623
45.0195
43.7584
42.1585
40.1305
37.5944
34.4807
30.7665
26.6815
21.2227
15.0128
8.31419
1.25653
-5.94201
-13.0586
-19.9359
-26.5239
-32.8479
-38.8913
-44.4954
-49.467
-53.816
-7.68607
-7.74239
-7.92433
-8.18196
-8.41919
-8.43849
-8.00783
-7.01292
-5.46295
-3.51492
-1.41041
0.577814
2.23596
3.39032
4.16114
4.02911
3.66765
3.18123
2.40757
1.75008
1.64924
0.58363
0.536308
0.482077
-0.748143
-1.56134
-2.33148
-2.77737
-2.95346
-2.89582
-2.50763
-1.67795
-0.30978
1.44147
3.59547
6.26089
9.38234
12.8873
16.7722
20.9618
25.3701
29.9323
34.5478
39.1309
43.6052
47.8916
51.9174
55.6204
58.9606
61.9057
64.4298
66.5216
68.1799
69.418
70.2607
70.732
70.8571
70.6706
70.2125
69.5239
68.6443
67.6082
66.4455
65.1875
63.8682
62.517
61.1555
59.8004
58.4662
57.1668
55.9185
54.7304
53.7167
52.7034
51.1225
49.3205
47.9876
47.3126
46.6138
45.6343
44.403
42.8172
40.7511
38.1005
34.769
31.128
26.2332
20.4649
13.8584
6.66566
-0.932634
-8.69191
-16.3626
-23.7488
-30.7461
-37.3161
-43.3899
-48.7969
-53.3846
-57.2381
-15.3086
-16.1994
-17.2876
-18.4587
-19.4975
-20.111
-19.9966
-19.0176
-17.2171
-14.8445
-12.2291
-9.70312
-7.61654
-6.55517
-6.2278
-6.75043
-6.83339
-6.06444
-6.20236
-7.20487
-8.28721
-9.56748
-9.36558
-9.36021
-10.2785
-10.4388
-10.2436
-9.82798
-9.48656
-9.08934
-8.55874
-7.58574
-5.9715
-4.13918
-1.98969
0.714383
3.82419
7.22071
10.9907
15.0461
19.2853
23.6863
28.14
32.5695
36.9133
41.0905
45.0378
48.6955
52.0245
54.9947
57.5799
59.7685
61.5584
62.9609
63.9983
64.6918
65.0652
65.1503
64.9838
64.6037
64.0469
63.3451
62.5255
61.6164
60.6477
59.6449
58.626
57.6034
56.5848
55.5736
54.5806
53.5687
52.6608
51.913
50.8438
49.5883
48.3259
47.4726
46.9804
46.2661
45.1156
43.5082
41.3762
38.6705
35.293
31.3198
26.0606
19.7914
12.696
4.95861
-3.20699
-11.5384
-19.7636
-27.6503
-35.0412
-41.8347
-47.9096
-53.0838
-57.2473
-60.564
-22.8416
-24.7398
-26.9026
-29.1378
-31.1034
-32.3912
-32.6234
-31.6516
-29.5607
-26.719
-23.5062
-20.4144
-18.793
-18.0327
-16.6971
-13.9224
-15.3594
-18.3614
-20.2084
-20.9804
-21.5548
-21.8078
-20.6621
-20.2283
-20.4309
-19.8408
-18.9123
-18.157
-17.99
-18.1152
-17.7894
-15.5923
-13.2253
-11.2451
-9.16446
-6.31936
-3.15301
0.150167
3.87998
7.8673
11.9684
16.2515
20.5694
24.859
29.0867
33.1586
37.0278
40.6383
43.9523
46.945
49.5892
51.8742
53.7976
55.3704
56.6125
57.5421
58.1807
58.558
58.7069
58.6618
58.4566
58.12
57.6757
57.1482
56.5634
55.9416
55.2964
54.6349
53.9564
53.2512
52.5127
51.667
50.8616
50.3339
49.9022
49.3149
48.545
47.7484
47.1833
46.668
45.7451
44.2475
42.134
39.1541
36.1519
31.7583
25.8908
19.0497
11.4175
3.12536
-5.60798
-14.5069
-23.2773
-31.6504
-39.4156
-46.4078
-52.4535
-57.3594
-61.0598
-63.7996
-30.1848
-33.27
-36.6856
-40.1425
-43.1592
-45.2009
-45.8024
-44.8171
-42.381
-38.9568
-35.0354
-32.3365
-31.1837
-25.7946
-24.085
-26.5012
-29.4173
-32.4765
-34.5358
-35.2323
-35.7315
-34.8258
-32.6495
-31.8986
-31.5991
-30.8388
-30.0097
-29.3185
-28.9009
-28.3535
-26.8678
-23.9862
-21.6389
-20.8309
-18.5307
-14.8317
-11.4734
-8.33855
-4.55953
-0.593815
3.36976
7.59218
11.8032
15.9656
20.1006
24.0742
27.8712
31.4373
34.7351
37.7507
40.4539
42.8372
44.8981
46.6466
48.1022
49.2796
50.1977
50.8836
51.3671
51.6787
51.8485
51.9014
51.8571
51.7355
51.5579
51.3395
51.0872
50.8
50.4669
50.0656
49.5286
48.8149
48.1483
47.9374
48.1776
48.4263
48.5342
48.2474
47.7236
47.1399
46.2645
44.791
42.5134
40.2137
36.8964
31.7991
25.4792
18.1839
10.022
1.16823
-8.13742
-17.6025
-26.9098
-35.7548
-43.8737
-51.0388
-57.0243
-61.6266
-64.8264
-66.95
-37.239
-41.7003
-46.5495
-51.3913
-55.583
-58.4506
-59.4346
-58.3985
-55.4906
-51.3183
-47.507
-45.0569
-37.5294
-34.4452
-37.4125
-42.6855
-45.4791
-46.454
-47.0388
-47.5832
-49.0924
-48.0833
-45.7348
-45.1918
-44.6864
-43.8094
-42.8291
-41.7589
-40.6182
-39.2019
-37.3119
-34.9526
-32.8568
-31.2468
-28.2482
-23.9517
-21.5727
-18.7588
-14.3295
-10.3199
-6.53328
-2.2793
1.8303
5.86834
9.94985
13.8323
17.5689
21.1004
24.3844
27.4291
30.1935
32.6794
34.8837
36.814
38.4906
39.9252
41.1342
42.1414
42.9734
43.6572
44.218
44.676
45.0463
45.3441
45.5846
45.7768
45.9191
45.9994
45.9923
45.8593
45.4125
44.8007
44.416
44.7439
45.8446
47.1497
48.201
48.6306
48.5702
48.0914
47.1704
45.6285
43.8096
41.1718
37.5028
31.8898
25.02
17.1989
8.48832
-0.932742
-10.811
-20.8373
-30.6709
-39.9716
-48.4223
-55.7327
-61.626
-65.8887
-68.5509
-70.0195
-43.9085
-49.9428
-56.4098
-62.7992
-68.2894
-72.0488
-73.4212
-72.2598
-68.695
-64.4336
-61.111
-51.2428
-44.4643
-49.9772
-54.5886
-55.6086
-56.865
-58.8446
-60.4675
-61.4029
-63.0687
-61.6664
-59.3576
-58.9672
-58.3365
-57.3916
-56.2708
-54.9536
-53.4451
-51.6738
-49.5963
-47.2317
-44.7824
-42.3087
-39.2688
-35.7234
-32.944
-29.6249
-24.6822
-21.6737
-18.0022
-13.3301
-9.36319
-5.43646
-1.33835
2.4425
6.13786
9.65279
12.9293
16.0194
18.8517
21.4474
23.8039
25.9226
27.8278
29.5274
31.0357
32.3728
33.5613
34.625
35.584
36.4523
37.2396
37.9556
38.6089
39.199
39.7129
40.1233
40.3873
40.3566
40.0352
39.6975
39.8636
41.0883
43.3467
45.8532
47.8419
49.0591
49.5582
49.4028
48.5838
47.1557
45.3628
42.2864
37.6685
31.6498
24.3965
16.0706
6.80925
-3.18328
-13.6354
-24.2186
-34.5684
-44.3082
-53.0682
-60.4954
-66.2634
-70.15
-72.2383
-73.0122
-50.1067
-57.9141
-66.1856
-74.2836
-81.1913
-85.9035
-87.6552
-86.2188
-82.2895
-79.1315
-68.4491
-56.1783
-61.9049
-64.6777
-64.9284
-67.1417
-69.5366
-71.4649
-73.0691
-74.4526
-75.7337
-74.4994
-72.9307
-72.7578
-72.1759
-71.2683
-70.0964
-68.6463
-66.9367
-64.9592
-62.7111
-60.2153
-57.5452
-54.7386
-51.6413
-48.2511
-44.9537
-41.4485
-37.3319
-33.9353
-30.1166
-25.1115
-22.0851
-18.0347
-13.7201
-10.0888
-6.37716
-2.85624
0.417093
3.58515
6.49512
9.21327
11.7357
14.0508
16.1937
18.1651
19.9778
21.6492
23.1963
24.6389
25.9925
27.2641
28.4572
29.574
30.6143
31.5661
32.4006
33.0725
33.4703
33.5186
33.4213
33.6648
34.9322
37.608
41.3685
45.0977
47.9031
49.811
50.8406
50.995
50.285
48.8478
46.6591
43.2647
38.0243
31.4254
23.6693
14.8025
4.97497
-5.59562
-16.6223
-27.7581
-38.613
-48.7742
-57.819
-65.3328
-70.9411
-74.4141
-75.8938
-75.931
-55.7602
-65.5402
-75.8009
-85.7636
-94.1991
-99.9088
-101.933
-100.067
-97.0597
-89.818
-71.1675
-73.5914
-74.9265
-74.3051
-76.3139
-78.3648
-80.3734
-82.5342
-84.5537
-86.8147
-87.3723
-86.4271
-85.791
-85.895
-85.5225
-84.7666
-83.668
-82.2281
-80.4783
-78.4402
-76.1293
-73.5748
-70.8177
-67.8917
-64.7595
-61.414
-57.9964
-54.4519
-50.6275
-46.9264
-43.1248
-38.8852
-35.4505
-31.2854
-27.0696
-23.8663
-19.9345
-16.3799
-13.0873
-9.77199
-6.78311
-3.92332
-1.21282
1.30693
3.70057
5.95056
8.07013
10.0765
11.9784
13.7907
15.524
17.1789
18.7507
20.2319
21.6119
22.8641
23.9416
24.7331
25.1753
25.4494
26.0314
27.6066
30.7072
35.3548
40.7279
45.4492
48.8254
51.2595
52.6884
53.024
52.2951
50.5708
47.9209
44.0265
38.2579
31.1252
22.8299
13.3982
2.98663
-8.17307
-19.7782
-31.4636
-42.8134
-53.3781
-62.6823
-70.2505
-75.6629
-78.6844
-79.5244
-78.7764
-60.8101
-72.7567
-85.1883
-97.1703
-107.247
-113.979
-116.071
-114.392
-111.335
-91.6399
-86.0465
-86.6159
-84.1005
-84.9311
-85.9253
-87.59
-89.7439
-92.15
-94.5036
-97.1943
-97.6208
-97.1793
-97.4116
-97.8665
-97.7967
-97.2985
-96.4003
-95.1153
-93.4829
-91.5396
-89.3114
-86.8327
-84.1387
-81.2612
-78.2004
-74.9617
-71.6085
-68.1399
-64.4986
-60.8271
-57.1013
-53.1819
-49.4715
-45.6087
-41.6967
-38.3211
-34.0292
-30.8983
-27.5505
-23.9201
-20.8891
-17.8295
-14.8931
-12.1664
-9.50323
-6.96628
-4.53945
-2.19998
0.0477021
2.21346
4.30281
6.3085
8.21665
10.0064
11.6607
13.1375
14.2791
15.1298
15.9018
17.0405
19.2351
23.0593
28.6027
35.4406
42.08
47.2395
51.0506
53.8311
55.445
55.7794
54.8361
52.5876
49.3114
44.7653
38.4564
30.7799
21.9038
11.8723
0.85028
-10.9156
-23.1071
-35.3411
-47.1763
-58.1263
-67.663
-75.2519
-80.4295
-82.959
-83.1355
-81.5478
-65.2145
-79.5111
-94.2879
-108.445
-120.299
-128.056
-130.349
-130.189
-117.692
-99.5495
-99.9927
-95.4153
-94.0329
-93.2453
-93.6693
-95.1536
-97.3458
-99.9517
-102.709
-104.791
-105.717
-106.341
-107.335
-108.147
-108.449
-108.304
-107.727
-106.739
-105.382
-103.697
-101.717
-99.4787
-97.0163
-94.3594
-91.5198
-88.5105
-85.3663
-82.0959
-78.6831
-75.1881
-71.6225
-67.9307
-64.2671
-60.5532
-56.7712
-53.1825
-49.3563
-45.9712
-42.4672
-38.5834
-35.7011
-32.3697
-29.1395
-26.2069
-23.2231
-20.3883
-17.6587
-14.9879
-12.4065
-9.90846
-7.49256
-5.17792
-2.98806
-0.955152
0.920533
2.40042
3.67953
5.07292
6.99199
10.124
15.0241
21.7626
30.0718
38.545
45.5398
50.6927
54.7664
57.7389
59.3126
59.4229
58.0944
55.1508
51.004
45.711
38.7708
30.4611
20.9344
10.2497
-1.42089
-13.8178
-26.6088
-39.3932
-51.7055
-63.0222
-72.7632
-80.3371
-85.2353
-87.231
-86.7454
-84.2158
-68.9438
-85.7611
-103.039
-119.518
-133.244
-141.927
-145.326
-144.159
-119.902
-113.289
-108.816
-104.731
-101.459
-99.7349
-99.5784
-100.745
-102.856
-105.567
-108.825
-110.673
-111.712
-113.285
-114.952
-116.224
-116.985
-117.285
-117.141
-116.582
-115.649
-114.386
-112.825
-111.001
-108.946
-106.687
-104.235
-101.605
-98.8174
-95.8806
-92.7936
-89.5853
-86.27
-82.8309
-79.3367
-75.7767
-72.134
-68.5332
-64.8439
-61.2511
-57.6781
-54.0527
-50.7499
-47.0199
-43.709
-40.6119
-37.2518
-34.0983
-31.0495
-28.0299
-25.1272
-22.324
-19.6154
-17.0317
-14.6014
-12.4233
-10.5297
-8.68734
-6.51036
-3.54246
0.847784
7.17291
15.3957
25.2761
35.541
44.267
50.7267
55.9696
60.172
62.8697
64.0026
63.6868
61.9508
58.3939
53.1331
46.9918
39.2968
30.2323
19.9655
8.55868
-3.80969
-16.8702
-30.2784
-43.6188
-56.4012
-68.066
-77.9817
-85.5035
-90.0653
-91.4777
-90.1328
-86.9404
-71.9842
-91.4777
-111.398
-130.362
-146.038
-155.767
-161.117
-150.003
-129.351
-123.672
-117.161
-111.684
-107.129
-104.406
-103.533
-104.254
-106.118
-108.741
-111.775
-113.667
-115.778
-117.925
-120.058
-121.785
-123.034
-123.838
-124.215
-124.195
-123.819
-123.126
-122.144
-120.905
-119.431
-117.741
-115.844
-113.75
-111.469
-109.004
-106.359
-103.547
-100.58
-97.4563
-94.211
-90.851
-87.3732
-83.8423
-80.2218
-76.5818
-72.9376
-69.227
-65.6054
-61.9618
-58.4284
-54.8273
-51.1458
-47.8037
-44.4481
-41.0509
-37.8205
-34.7063
-31.7077
-28.8669
-26.3375
-23.9269
-21.3274
-18.1183
-13.7823
-7.80044
0.215225
10.1744
21.7455
33.7101
43.9581
51.5999
57.7953
63.0281
66.6599
68.6316
69.181
68.3916
66.1778
62.2142
55.748
48.6894
40.084
30.1391
19.0327
6.82591
-6.29706
-20.0595
-34.1071
-48.0113
-61.2584
-73.252
-83.3089
-90.7335
-94.8744
-95.6632
-92.7791
-90.1779
-74.3323
-96.6335
-119.318
-140.915
-158.606
-170.253
-175.519
-154.823
-137.859
-132.179
-124.439
-117.094
-111.137
-107.26
-105.533
-105.661
-107.175
-109.882
-112.676
-114.157
-117.072
-119.822
-122.376
-124.544
-126.29
-127.633
-128.593
-129.198
-129.487
-129.489
-129.227
-128.722
-127.983
-127.022
-125.837
-124.428
-122.796
-120.938
-118.854
-116.548
-114.027
-111.296
-108.374
-105.273
-101.999
-98.5905
-95.0472
-91.4095
-87.705
-83.9111
-80.1111
-76.2763
-72.4312
-68.6581
-64.8755
-61.0492
-57.2688
-53.5962
-50.1093
-46.6429
-43.41
-40.3286
-37.085
-33.4051
-28.8526
-22.8438
-14.9456
-5.05629
6.78769
20.0919
33.5454
45.0389
53.655
60.5285
66.5985
71.0105
73.6866
74.9588
74.9418
73.5605
70.7584
66.3639
58.9936
50.853
41.1426
30.2056
18.1612
5.0758
-8.86139
-23.368
-38.0808
-52.5586
-66.266
-78.5695
-88.7349
-96.0213
-99.6925
-100.081
-95.8806
-92.8554
-75.9974
-101.206
-126.756
-151.104
-170.867
-185.541
-185.761
-160.26
-146.717
-139.016
-129.91
-120.924
-113.495
-108.353
-105.615
-104.958
-105.957
-108.507
-110.244
-112.844
-115.753
-118.869
-121.76
-124.326
-126.544
-128.427
-129.999
-131.283
-132.31
-133.102
-133.668
-134.017
-134.144
-134.045
-133.705
-133.113
-132.259
-131.128
-129.716
-128.019
-126.039
-123.78
-121.255
-118.474
-115.451
-112.213
-108.777
-105.174
-101.435
-97.5649
-93.6154
-89.5949
-85.5266
-81.4587
-77.3549
-73.319
-69.292
-65.1929
-61.3155
-57.5646
-53.6664
-49.3629
-44.1514
-37.7225
-29.7042
-19.704
-7.80906
5.8825
20.7813
35.3923
47.7961
57.1489
64.4335
71.159
76.1968
79.4389
81.3863
82.1488
81.5851
79.5243
75.8353
70.6942
62.8882
53.2466
42.3761
30.4196
17.3617
3.32829
-11.4803
-26.7738
-42.1798
-57.2426
-71.4058
-83.9984
-94.2389
-101.327
-104.471
-104.186
-100.76
-94.9698
-76.9998
-105.174
-133.661
-160.862
-183.025
-200.763
-194.939
-164.197
-154.342
-144.59
-134.006
-123.349
-114.356
-107.818
-103.893
-102.254
-102.631
-104.845
-105.415
-108.671
-111.734
-115.018
-118.137
-121.024
-123.658
-126.052
-128.23
-130.208
-132.011
-133.649
-135.114
-136.4
-137.486
-138.348
-138.957
-139.287
-139.313
-139.012
-138.367
-137.368
-136.012
-134.3
-132.238
-129.839
-127.116
-124.096
-120.801
-117.265
-113.52
-109.587
-105.509
-101.311
-97.0208
-92.6772
-88.277
-83.8582
-79.5515
-75.2353
-70.5427
-65.3207
-59.3538
-52.3781
-43.9338
-33.7042
-21.6461
-7.67889
7.83615
24.043
39.4301
52.3737
62.1336
69.6029
76.7373
82.1776
85.9372
88.5567
90.0668
90.2935
89.0524
86.1872
81.535
75.3045
66.9926
55.6662
43.8474
30.801
16.6486
1.60444
-14.1282
-30.2494
-46.3758
-62.0347
-76.6456
-89.4941
-99.7528
-106.502
-109.033
-106.876
-107.686
-97.5404
-77.3692
-108.522
-139.97
-170.062
-194.976
-215.815
-201.388
-169.36
-159.958
-148.988
-136.77
-124.481
-113.868
-105.816
-100.517
-97.629
-97.0423
-98.4204
-99.3494
-101.948
-105.053
-108.3
-111.509
-114.608
-117.571
-120.411
-123.151
-125.801
-128.376
-130.873
-133.267
-135.532
-137.628
-139.513
-141.137
-142.458
-143.437
-144.038
-144.233
-144.002
-143.336
-142.232
-140.692
-138.726
-136.349
-133.588
-130.471
-127.031
-123.305
-119.325
-115.128
-110.751
-106.218
-101.595
-96.9205
-92.128
-86.8919
-81.0972
-74.4563
-66.6106
-57.2617
-46.2902
-33.7264
-19.6791
-4.10999
12.6608
29.6087
45.245
58.4643
68.5422
75.9057
83.0893
88.7194
92.9019
96.1219
98.3332
99.3135
98.9115
96.9608
93.2956
87.7228
80.2099
71.163
58.1956
45.4723
31.3119
16.0273
-0.0757489
-16.777
-33.7617
-50.6325
-66.8952
-81.9391
-94.9964
-105.194
-111.422
-113.496
-110.222
-113.66
-100.527
-77.1407
-111.238
-145.616
-178.576
-206.675
-231.037
-206.079
-174.75
-163.588
-151.981
-138.313
-124.478
-112.223
-102.581
-95.8437
-91.8785
-90.447
-89.3779
-90.9236
-92.854
-95.7078
-98.7749
-101.931
-105.108
-108.285
-111.474
-114.698
-117.961
-121.263
-124.589
-127.897
-131.138
-134.252
-137.176
-139.841
-142.185
-144.154
-145.696
-146.773
-147.354
-147.423
-146.968
-145.991
-144.497
-142.503
-140.033
-137.12
-133.799
-130.104
-126.077
-121.75
-117.22
-112.466
-107.367
-101.693
-95.3141
-87.9931
-79.5295
-69.6772
-58.2719
-45.1344
-30.4022
-14.1478
3.16387
20.8724
38.0145
53.4732
66.3147
75.9172
82.6696
89.4429
95.2424
99.9032
103.631
106.389
108.103
108.557
107.561
104.928
100.488
94.0361
85.3838
75.2538
61.2461
47.512
32.0234
15.528
-1.68462
-19.3934
-37.2719
-54.906
-71.7744
-87.2262
-100.426
-110.429
-115.841
-116.625
-117.903
-116.945
-103.189
-76.3502
-113.312
-150.527
-186.455
-219.147
-243.44
-211.344
-179.368
-165.832
-153.686
-138.806
-123.515
-109.602
-98.2607
-89.9119
-84.6461
-82.2313
-79.2214
-80.131
-81.5773
-83.9084
-86.6008
-89.5277
-92.6238
-95.8711
-99.2822
-102.877
-106.654
-110.602
-114.687
-118.851
-123.022
-127.118
-131.057
-134.745
-138.104
-141.06
-143.547
-145.514
-146.92
-147.738
-147.952
-147.556
-146.556
-144.962
-142.799
-140.098
-136.898
-133.23
-129.206
-124.76
-119.675
-113.825
-107.075
-99.2678
-90.2408
-79.8879
-68.076
-54.7678
-40.025
-23.7338
-6.06858
12.4529
30.95
48.3426
63.636
76.0686
85.0471
90.8946
96.3845
101.441
105.813
109.879
113.491
116.164
117.494
117.44
115.885
112.616
107.445
100.22
90.6439
79.2875
64.9024
49.9206
32.9079
15.1507
-3.20276
-21.9431
-40.735
-59.1423
-76.6069
-92.4213
-105.666
-115.263
-119.662
-118.986
-128.812
-119.034
-105.319
-75.0437
-114.743
-154.581
-193.027
-232.448
-253.486
-217.46
-183.238
-166.762
-154.171
-138.402
-121.781
-106.212
-93.0377
-82.7883
-75.6462
-72.1807
-68.2897
-67.6288
-68.2969
-69.8516
-71.9631
-74.4698
-77.3076
-80.4612
-83.9433
-87.7699
-91.9322
-96.407
-101.145
-106.068
-111.083
-116.087
-120.973
-125.628
-129.953
-133.855
-137.255
-140.085
-142.293
-143.846
-144.717
-144.896
-144.381
-143.181
-141.318
-138.824
-135.8
-132.127
-127.52
-121.898
-115.129
-107.156
-97.9
-87.2994
-75.3298
-62.023
-47.3899
-31.3381
-14.086
4.16998
23.0104
41.5182
58.813
74.0065
86.1889
94.7213
99.7852
103.993
108.496
112.259
115.679
118.909
121.957
124.645
126.121
125.793
123.641
119.751
113.902
105.961
95.6402
83.1515
68.522
52.1747
33.7627
14.8292
-4.63462
-24.3975
-44.1028
-63.2779
-81.3124
-97.4164
-110.562
-119.396
-122.256
-124.405
-139.109
-121.044
-107.238
-73.2805
-115.578
-157.783
-197.743
-245.459
-262.529
-224.172
-186.674
-166.81
-153.458
-137.248
-119.489
-102.3
-87.1791
-74.7443
-65.127
-60.1267
-55.8875
-53.6243
-53.2022
-53.7853
-55.1034
-56.9879
-59.3758
-62.2545
-65.6369
-69.5332
-73.9277
-78.7854
-84.0394
-89.5933
-95.3341
-101.135
-106.868
-112.398
-117.605
-122.379
-126.623
-130.255
-133.212
-135.45
-136.936
-137.649
-137.583
-136.758
-135.218
-132.877
-129.328
-124.449
-118.184
-110.522
-101.469
-91.0798
-79.4137
-66.4989
-52.2703
-36.8088
-20.1912
-2.628
15.6091
33.9109
51.8755
68.605
83.2923
95.0366
103.184
107.794
111.045
115.168
118.648
121.704
124.518
127.122
129.46
131.523
133.008
132.906
130.493
125.984
119.532
110.964
100.044
86.6927
71.6132
53.7466
34.3767
14.4882
-5.98842
-26.7262
-47.3193
-67.2366
-85.7922
-102.078
-114.926
-122.524
-123.536
-135.617
-146.131
-123.377
-109.203
-71.137
-115.919
-160.408
-201.815
-256.237
-270.769
-231.1
-189.983
-166.386
-151.696
-135.531
-116.887
-98.1615
-81.0774
-66.4606
-54.5031
-47.0688
-42.0656
-38.3502
-36.5956
-35.9966
-36.3059
-37.3626
-39.1039
-41.5183
-44.6186
-48.4093
-52.8662
-57.9431
-63.5561
-69.5906
-75.9136
-82.3767
-88.8283
-95.1138
-101.092
-106.635
-111.626
-115.971
-119.593
-122.439
-124.465
-125.647
-125.993
-125.52
-123.737
-120.268
-115.115
-108.336
-100.09
-90.5178
-79.6831
-67.6021
-54.2824
-39.8725
-24.3168
-7.89974
9.23066
26.6525
44.0801
60.9521
76.8391
90.6684
101.585
109.194
113.443
116.081
120.04
123.525
126.585
129.277
131.627
133.691
135.51
136.982
138.01
137.996
135.808
131.003
124.02
114.968
103.61
89.6203
73.8866
54.4809
34.6769
14.0939
-7.2581
-28.8909
-50.3195
-70.9273
-89.921
-106.23
-118.48
-124.217
-126.294
-150.053
-150.114
-126.261
-111.267
-68.6886
-115.831
-162.56
-205.663
-264.576
-278.058
-237.508
-192.997
-165.742
-149.675
-133.461
-114.232
-94.0846
-75.1004
-58.4811
-44.5069
-33.9498
-27.311
-22.0995
-18.7854
-16.7999
-15.8954
-15.9231
-16.8242
-18.5868
-21.2217
-24.7278
-29.0717
-34.195
-39.9989
-46.3511
-53.0983
-60.0719
-67.0984
-74.0029
-80.6237
-86.8123
-92.4367
-97.3857
-101.57
-104.923
-107.4
-108.99
-109.612
-108.406
-105.128
-99.9258
-93.1292
-84.9251
-75.438
-64.7126
-52.9018
-39.9805
-26.0653
-11.298
4.15052
20.0822
36.2509
52.3368
67.9717
82.538
95.1306
105.048
111.92
115.732
117.987
121.591
125.449
128.744
131.647
134.151
136.243
137.989
139.44
140.539
141.165
140.941
138.975
134.318
127.069
117.667
106.05
91.6933
75.3427
54.9174
34.8804
13.6965
-8.40998
-30.8412
-53.0293
-74.2471
-93.5539
-109.664
-120.815
-123.929
-133.879
-164.15
-152.427
-129.547
-113.336
-65.9986
-115.337
-164.203
-209.106
-270.932
-284.197
-242.905
-195.465
-165.33
-147.934
-131.317
-111.769
-90.2971
-69.415
-50.6787
-34.536
-21.2958
-12.3005
-5.22526
-0.134334
3.44359
5.75802
6.94913
7.07112
6.13729
4.14185
1.09184
-2.96903
-7.9694
-13.7959
-20.2999
-27.3095
-34.6371
-42.0885
-49.4689
-56.5965
-63.3036
-69.4406
-74.8791
-79.514
-83.2739
-86.1211
-87.9154
-87.5137
-84.7427
-80.0351
-73.7417
-66.1037
-57.2979
-47.4155
-36.5196
-24.7549
-12.2133
1.02043
14.8677
29.0912
43.5616
58.0173
72.0152
84.8823
95.9577
104.638
110.649
113.998
115.889
118.892
123.158
126.898
130.236
133.173
135.677
137.746
139.42
140.749
141.687
142.108
141.693
139.792
135.474
128.332
118.843
107.183
92.7679
76.0223
55.2671
35.0431
13.3236
-9.40648
-32.5198
-55.3637
-77.0763
-96.5193
-112.137
-121.525
-123.728
-146.543
-175.617
-154.071
-132.814
-115.246
-63.1287
-114.47
-165.312
-211.958
-275.778
-289.123
-246.852
-197.043
-165.125
-146.855
-129.902
-109.763
-87.0375
-64.2414
-43.2983
-24.9929
-9.01873
2.63
11.861
18.9674
24.3402
28.2465
30.826
32.1323
32.1828
30.9803
28.5395
24.9153
20.193
14.5002
8.00125
0.885059
-6.64494
-14.3756
-22.0931
-29.5966
-36.7003
-43.2376
-49.0587
-54.0499
-58.1492
-61.2143
-62.019
-60.2451
-56.479
-51.1748
-44.6602
-37.1014
-28.6847
-19.5224
-9.65989
0.884776
12.0242
23.7068
35.8733
48.2743
60.6513
72.5065
83.3268
92.6243
99.8834
104.926
107.733
109.232
111.547
115.925
120.105
123.962
127.524
130.662
133.393
135.676
137.535
139.007
140.014
140.441
139.991
138.155
134.196
127.516
118.268
106.829
92.7644
75.9998
55.4406
35.0513
12.9628
-10.2221
-33.8734
-57.2373
-79.2873
-98.6275
-113.3
-120.172
-126.706
-162.282
-184.085
-155.561
-135.66
-116.852
-60.1451
-113.285
-165.901
-214.271
-279.557
-292.646
-248.94
-197.483
-165.098
-146.814
-129.746
-108.531
-84.5191
-59.7312
-36.4209
-15.7193
2.78695
17.2252
28.8454
38.1412
45.48
51.1322
55.2384
57.8568
59.0128
58.7223
57.0124
53.9509
49.6375
44.2136
37.8583
30.7759
23.1823
15.3058
7.37704
-0.385618
-7.78011
-14.6242
-20.7502
-26.0525
-30.3931
-32.852
-32.5314
-30.1157
-26.2269
-21.2392
-15.5297
-9.22981
-2.37393
5.10092
13.1153
21.7069
30.8111
40.4077
50.2209
59.9198
69.2213
77.6942
84.9143
90.6146
94.5498
96.6848
97.6968
99.3705
103.262
107.804
112.196
116.384
120.298
123.857
127.013
129.75
132.05
133.891
135.191
135.824
135.526
133.894
130.352
124.344
115.757
104.912
91.5489
75.2204
55.4151
34.9156
12.6256
-10.8312
-34.8508
-58.5664
-80.7543
-99.6924
-112.803
-118.056
-133.779
-178.389
-190.139
-157.485
-137.936
-118.086
-57.1155
-111.858
-166.002
-216.278
-282.517
-294.611
-248.826
-196.735
-165.374
-148.032
-130.923
-108.586
-82.9258
-56.0261
-30.2372
-6.9817
14.0038
31.2319
45.3931
57.0159
66.4502
73.9598
79.6856
83.6964
86.0307
86.723
85.8196
83.4054
79.5962
74.5466
68.4481
61.517
53.9768
46.0675
38.0335
30.1093
22.5148
15.4353
9.0491
3.51132
-0.787528
-2.30196
-1.59978
0.605789
3.62825
7.08612
10.8932
15.047
19.565
24.6002
30.1722
36.2759
42.7297
49.3177
55.9546
62.3187
68.1359
73.1448
77.0846
79.6607
80.905
81.3318
82.2289
85.1173
89.901
94.6535
99.4118
104.067
108.523
112.681
116.471
119.863
122.789
125.177
126.964
127.991
128.056
126.831
123.878
118.739
111.189
101.3
88.9729
73.6399
54.9305
34.5172
12.2785
-11.2268
-35.4092
-59.2715
-81.3465
-99.4964
-110.681
-117.121
-144.141
-193.02
-194.514
-159.802
-139.845
-119
-54.1023
-110.275
-165.729
-218.141
-284.787
-294.874
-246.344
-194.923
-166.291
-150.76
-133.535
-110.009
-82.3373
-53.2054
-24.8941
0.934775
24.4352
44.4203
61.1993
75.2322
86.8377
96.2575
103.633
109.05
112.57
114.254
114.178
112.446
109.194
104.591
98.8413
92.1684
84.7868
76.9455
68.9018
60.8989
53.1592
45.8666
39.1932
33.368
29.6725
28.4209
28.6432
29.4482
30.4019
31.3431
32.3911
33.693
35.38
37.5277
40.0593
42.9043
46.039
49.2824
52.4496
55.411
57.9688
59.8857
60.904
60.9843
60.5572
60.5644
62.3068
66.6326
71.5349
76.6704
81.9386
87.1924
92.3321
97.2397
101.823
105.988
109.667
112.769
115.201
116.83
117.494
116.916
114.792
110.743
104.529
95.9748
85.0171
71.0577
53.6364
33.6857
11.8527
-11.4241
-35.5235
-59.2879
-80.9409
-97.9795
-107.899
-118.391
-156.315
-205.311
-197.651
-162.384
-141.532
-119.661
-51.1535
-108.607
-165.192
-219.948
-286.511
-293.174
-241.483
-192.488
-168.403
-155.208
-137.57
-112.559
-82.7023
-51.2503
-20.4336
8.04043
33.9434
56.5842
76.0015
92.4812
106.276
117.589
126.561
133.309
137.93
140.533
141.229
140.155
137.46
133.328
127.97
121.605
114.436
106.711
98.6916
90.6184
82.6801
75.0965
68.0782
62.0866
58.6478
56.7599
55.2679
53.6101
51.5992
49.471
47.4555
45.6133
43.9924
42.6749
41.751
41.1928
40.8817
40.7497
40.6796
40.5518
40.1027
39.193
37.7545
36.1602
35.0752
35.5296
38.5663
43.4153
48.6328
54.2552
60.1262
66.0875
72.0116
77.7565
83.2036
88.2642
92.8144
96.7774
100.045
102.481
103.953
104.291
103.233
100.514
95.8596
88.9668
79.6762
67.3585
51.5509
32.4401
11.3009
-11.4538
-35.1795
-58.5582
-79.5713
-95.7108
-105.039
-121.953
-168.857
-215.196
-200.014
-164.97
-143.008
-120.088
-48.3047
-106.907
-164.438
-221.848
-287.689
-289.146
-234.511
-190.25
-172.397
-161.417
-142.814
-115.845
-83.7261
-50.0579
-16.8735
14.1481
42.385
67.5383
89.4958
108.362
124.254
137.323
147.704
155.565
161.068
164.395
165.708
165.179
162.972
159.278
154.295
148.223
141.275
133.677
125.655
117.452
109.262
101.268
93.729
87.9203
84.0147
80.4841
76.383
71.6509
66.4476
61.0957
55.6652
50.3352
45.2347
40.4244
35.9725
31.9032
28.3016
25.0484
21.979
18.8639
15.679
12.3312
9.11834
6.67696
5.65587
7.06938
11.2298
16.1768
21.7966
27.9435
34.4553
41.1734
47.9534
54.6306
61.0555
67.1137
72.672
77.6204
81.8564
85.2791
87.7773
89.241
89.4975
88.2846
85.352
80.3556
72.9623
62.5173
48.4657
30.7237
10.649
-11.2984
-34.4101
-57.2198
-77.7104
-92.8483
-103.095
-126.826
-180.536
-223.067
-201.887
-167.353
-144.231
-120.28
-45.582
-105.217
-163.465
-224.014
-288.154
-282.347
-226.074
-189.444
-178.847
-169.041
-148.668
-119.286
-85.1667
-49.5298
-14.2091
19.185
49.6054
77.0216
101.323
122.404
140.153
154.663
166.106
174.732
180.813
184.621
186.375
186.28
184.513
181.251
176.674
170.954
164.272
156.858
148.886
140.584
132.136
123.766
115.865
110.05
104.808
98.7667
91.6267
83.6377
75.0881
66.1844
57.2074
48.2862
39.573
31.2113
23.4135
16.1938
9.43592
3.11679
-2.87837
-8.71807
-14.2869
-19.4449
-23.6064
-26.2997
-26.718
-24.0957
-19.6377
-14.3645
-8.25308
-1.50267
5.71479
13.2529
20.9371
28.579
36.0042
43.0926
49.7094
55.7288
61.0465
65.586
69.2892
72.0639
73.7856
74.257
73.2069
70.243
64.9284
56.5741
44.441
28.3899
9.82489
-11.0055
-33.3492
-55.6418
-75.6857
-89.8003
-102.002
-132.053
-190.641
-229.205
-203.392
-169.45
-145.174
-120.231
-43.0081
-103.59
-162.341
-226.582
-287.424
-272.331
-217.375
-191.602
-187.615
-177.201
-154.201
-122.676
-86.8969
-49.6012
-12.4545
23.039
55.439
84.8376
111.231
134.2
153.473
169.054
181.18
190.269
196.698
200.841
202.959
203.292
202.01
199.252
195.16
189.878
183.544
176.356
168.461
160.078
151.348
142.446
134.648
127.924
120.327
111.234
100.838
89.4469
77.2856
64.6707
51.901
39.3196
27.2028
15.6349
4.62853
-5.66579
-15.4203
-24.6019
-33.2474
-41.3093
-48.5953
-54.6941
-59.1574
-61.4239
-60.7427
-57.1777
-52.5922
-46.9297
-40.3344
-33.0151
-25.1261
-16.8357
-8.33668
0.191976
8.57989
16.6667
24.3213
31.4353
37.9268
43.7287
48.7758
53.018
56.362
58.6407
59.584
58.7632
55.6763
49.5936
39.5507
25.4396
8.62694
-10.8188
-32.181
-53.8707
-73.3522
-87.0899
-101.649
-136.809
-198.66
-233.967
-204.617
-171.143
-145.808
-119.939
-40.605
-102.083
-161.133
-229.616
-284.904
-259.088
-210.167
-197.783
-197.572
-184.694
-159.009
-125.884
-88.8024
-50.1996
-11.6043
25.6052
59.7147
90.8707
119.02
143.538
164.024
180.369
192.959
202.306
208.947
213.337
215.808
216.622
215.891
213.72
210.159
205.296
199.245
192.174
184.222
175.607
166.506
157.105
149.086
140.335
129.706
117.303
103.342
88.1214
72.0678
55.6831
39.4043
23.5203
8.20066
-6.37497
-20.267
-33.3881
-45.6621
-57.1591
-67.7092
-77.1659
-85.2789
-91.5407
-95.6449
-96.884
-94.8846
-91.1993
-86.3439
-80.3582
-73.4009
-65.6284
-57.2098
-48.3224
-39.1471
-29.8634
-20.641
-11.6354
-2.97777
5.229
12.9133
20.0247
26.5228
32.3612
37.4608
41.6683
44.7115
46.1179
45.3627
41.6894
33.8465
21.8792
7.04235
-10.8099
-31.0363
-52.0689
-71.0299
-85.0416
-101.576
-140.425
-204.462
-237.529
-205.47
-172.416
-146.124
-119.408
-38.3896
-100.758
-159.916
-232.844
-279.781
-243.597
-206.741
-207.573
-207.06
-190.617
-163.112
-128.799
-90.773
-51.2281
-11.5986
26.8023
62.3257
95.053
124.613
150.366
171.808
188.75
201.63
211.097
217.871
222.469
225.306
226.598
226.37
224.621
221.375
216.696
210.717
203.598
195.48
186.531
176.646
167.224
157.639
145.929
131.847
115.612
97.6111
78.4341
58.7317
39.0233
19.6584
0.94785
-17.0967
-34.2645
-50.3884
-65.6051
-79.7067
-92.5458
-104.044
-114.032
-122.086
-127.916
-131.011
-130.922
-128.431
-124.738
-119.763
-113.624
-106.457
-98.4053
-89.6301
-80.3026
-70.5994
-60.6964
-50.7606
-40.9419
-31.3661
-22.1283
-13.2921
-4.89613
3.03624
10.4775
17.3617
23.5443
28.7538
32.4998
34.1966
33.0013
27.3834
17.7088
5.0356
-11.047
-29.9923
-50.2895
-69.0914
-83.5327
-101.45
-142.569
-208.02
-239.97
-205.786
-173.279
-146.131
-118.66
-36.3666
-99.6773
-158.933
-235.731
-270.798
-228.221
-209.171
-218.499
-214.442
-195.418
-166.487
-131.342
-92.7014
-52.5647
-12.2955
26.8546
63.4057
97.3671
128.017
154.726
176.91
194.325
207.384
216.884
223.694
228.398
231.464
232.989
232.982
231.373
228.148
223.45
217.388
210.09
201.657
192.129
181.41
171.116
158.663
143.356
125.307
104.956
83.0675
60.4096
37.6567
15.2313
-6.66084
-27.6254
-47.5069
-66.3627
-83.9286
-100.152
-115.023
-128.359
-139.984
-149.672
-157.044
-161.781
-163.479
-162.506
-160.206
-156.561
-151.624
-145.502
-138.306
-130.166
-121.233
-111.665
-101.632
-91.3
-80.828
-70.3581
-60.0086
-49.8656
-39.9833
-30.389
-21.0926
-12.1069
-3.48601
4.63592
11.9928
18.0949
22.3571
23.6961
20.2064
13.0433
2.60351
-11.5717
-29.0962
-48.5819
-67.4625
-82.5536
-101.145
-143.124
-209.424
-241.314
-205.32
-173.724
-145.834
-117.718
-34.5263
-98.8543
-158.507
-237.468
-256.976
-216.386
-217.516
-227.764
-219.939
-198.999
-169.09
-133.434
-94.4722
-54.062
-13.5449
25.6992
63.1807
98.0249
129.355
156.656
179.368
197.173
210.362
219.795
226.466
231.055
234.009
235.461
235.34
233.552
230.104
225.174
218.836
211.177
202.246
191.104
180.127
167.273
151.188
131.781
109.491
85.2961
60.1811
34.8133
9.759
-14.4951
-37.918
-60.1233
-80.898
-100.295
-118.231
-134.564
-149.239
-162.166
-173.107
-181.677
-187.74
-190.988
-191.683
-190.938
-188.866
-185.452
-180.759
-174.862
-167.856
-159.856
-150.997
-141.424
-131.292
-120.757
-109.965
-99.0501
-88.1184
-77.2466
-66.4776
-55.8272
-45.293
-34.8757
-24.6186
-14.6465
-5.22275
3.17358
10.0651
13.9331
12.785
8.13051
-0.113029
-12.4119
-28.4097
-46.9434
-65.8972
-82.0377
-100.684
-142.184
-208.905
-241.635
-203.713
-173.666
-145.204
-116.607
-32.8466
-98.1984
-159.14
-237.13
-238.826
-211.725
-228.243
-234.195
-223.79
-201.461
-170.927
-135.025
-95.9818
-55.5476
-15.0305
24.1801
62.165
97.4014
128.832
156.298
179.214
197.302
210.599
219.86
226.202
230.371
232.854
233.855
233.286
230.98
227.112
221.736
214.92
206.701
196.216
184.378
171.469
155.063
134.673
110.882
84.8572
57.7219
30.2713
3.22878
-23.0623
-48.0984
-71.692
-93.7963
-114.293
-133.105
-150.317
-165.806
-179.49
-191.092
-200.463
-207.481
-212.009
-214.342
-215.308
-214.984
-213.332
-210.373
-206.144
-200.702
-194.125
-186.514
-177.984
-168.665
-158.695
-148.214
-137.355
-126.237
-114.954
-103.571
-92.1189
-80.5999
-69.0005
-57.3107
-45.5646
-33.88
-22.5186
-11.9365
-2.48345
4.04262
5.42564
3.07803
-2.92363
-13.437
-27.9704
-45.4581
-64.1977
-81.6644
-100.118
-140.046
-206.816
-240.896
-200.871
-172.833
-144.148
-115.338
-31.225
-97.09
-160.982
-233.462
-219.698
-215.519
-236.517
-238.636
-226.191
-202.912
-172.02
-136.077
-97.1487
-56.8891
-16.5586
22.5271
60.5906
95.7198
126.736
153.913
176.604
194.675
208.039
217.104
222.937
226.422
228.114
228.28
226.894
223.875
219.326
213.251
205.776
196.296
184.03
171.25
154.908
134.034
109.134
81.7329
53.0187
24.0423
-4.46245
-31.8068
-57.6403
-81.8753
-104.266
-124.997
-144.044
-161.359
-176.94
-190.652
-202.356
-212.037
-219.652
-225.253
-229.209
-231.98
-233.514
-233.779
-232.766
-230.479
-226.939
-222.187
-216.287
-209.321
-201.387
-192.594
-183.062
-172.912
-162.26
-151.207
-139.834
-128.189
-116.288
-104.123
-91.668
-78.9025
-65.8541
-52.6373
-39.5233
-26.9498
-15.1269
-5.99112
-1.71415
-2.17712
-5.88319
-14.4116
-27.6293
-44.1938
-62.4842
-80.9288
-99.3759
-137.065
-203.717
-238.735
-197.101
-170.892
-142.56
-113.91
-29.598
-95.1808
-163.96
-224.124
-205.196
-224.523
-241.591
-241.219
-227.331
-203.436
-172.393
-136.572
-97.9216
-58.0102
-18.0339
20.8936
58.6823
93.0716
123.263
149.74
171.872
189.421
202.6
211.51
216.76
219.407
220.074
219.105
216.623
212.615
207.137
200.223
191.57
179.579
166.899
150.939
130.076
104.638
76.1789
46.3677
16.4316
-12.5993
-40.0583
-65.7762
-89.5519
-111.532
-131.624
-149.972
-166.58
-181.435
-194.454
-205.758
-215.401
-223.455
-230.081
-235.619
-240.132
-243.526
-245.752
-246.779
-246.585
-245.161
-242.517
-238.68
-233.694
-227.624
-220.547
-212.551
-203.735
-194.199
-184.037
-173.331
-162.143
-150.503
-138.412
-125.848
-112.772
-99.156
-85.0199
-70.4797
-55.8314
-41.5408
-27.7701
-16.7119
-9.85297
-7.76845
-8.95559
-15.3551
-27.0129
-42.9039
-60.876
-79.6334
-98.2718
-133.711
-200.472
-234.48
-192.287
-167.959
-140.455
-112.354
-28.0092
-92.7902
-166.835
-208.641
-201.274
-231.716
-244.723
-242.311
-227.408
-203.123
-172.073
-136.502
-98.2722
-58.885
-19.4743
19.1218
56.2947
89.4702
118.627
144.037
165.359
182.087
194.465
202.962
207.787
209.57
209.108
206.901
203.121
197.882
191.347
183.212
172.003
159.03
143.516
123.097
97.7849
68.8638
38.456
8.38591
-20.2164
-46.951
-71.5354
-94.072
-114.562
-133.186
-149.984
-165.024
-178.393
-190.325
-200.971
-210.448
-218.94
-226.624
-233.557
-239.599
-244.7
-248.788
-251.805
-253.709
-254.468
-254.061
-252.486
-249.754
-245.892
-240.945
-234.966
-228.023
-220.188
-211.54
-202.147
-192.068
-181.342
-169.981
-157.968
-145.264
-131.819
-117.595
-102.605
-86.9625
-70.9716
-55.0666
-39.8464
-27.6997
-18.5846
-13.3391
-11.915
-16.1325
-26.1504
-41.126
-59.0976
-77.7825
-96.6499
-130.497
-197.916
-226.501
-187.061
-164.403
-137.972
-110.746
-26.563
-90.6472
-168.277
-190.32
-206.166
-235.351
-246.032
-242.165
-226.566
-202.044
-171.087
-135.859
-98.1755
-59.496
-20.9304
16.8897
53.0433
84.9017
113.017
137.077
157.205
173.042
184.438
191.866
195.985
197.109
195.641
192.189
187.202
180.698
172.77
162.287
148.821
133.527
113.622
88.799
60.3474
30.3627
1.01445
-26.4251
-51.4751
-74.1353
-94.525
-112.777
-129.079
-143.512
-156.425
-168.088
-178.873
-188.806
-198.243
-207.22
-215.725
-223.632
-230.884
-237.389
-243.076
-247.873
-251.716
-254.554
-256.344
-257.058
-256.676
-255.195
-252.625
-248.988
-244.316
-238.648
-232.034
-224.523
-216.157
-206.97
-196.973
-186.157
-174.485
-161.902
-148.345
-133.767
-118.173
-101.676
-84.5666
-67.0474
-50.5073
-37.5654
-26.5484
-18.2785
-14.4741
-16.5828
-24.9525
-38.9051
-56.6531
-75.6252
-94.1928
-127.913
-195.487
-213.726
-182.721
-160.685
-135.311
-109.194
-25.3366
-89.5009
-165.384
-176.517
-212.179
-237.107
-245.961
-241.035
-224.934
-200.269
-169.462
-134.64
-97.5964
-59.7865
-22.3633
14.2205
48.7606
79.5609
106.742
129.339
147.925
162.448
172.846
179.264
182.127
182.219
179.929
175.61
169.513
161.836
151.724
137.803
122.395
102.934
78.6248
50.9476
22.5434
-4.7958
-30.1212
-52.8403
-72.8934
-90.4836
-105.852
-119.235
-131.032
-141.864
-151.938
-161.651
-171.128
-180.521
-189.674
-198.518
-206.998
-215.026
-222.527
-229.423
-235.639
-241.104
-245.751
-249.521
-252.366
-254.244
-255.125
-254.987
-253.824
-251.634
-248.426
-244.214
-239.018
-232.856
-225.743
-217.68
-208.655
-198.631
-187.549
-175.339
-161.921
-147.242
-131.302
-114.219
-96.2624
-77.4002
-59.7515
-46.2365
-32.9969
-22.303
-16.3976
-16.5549
-23.325
-36.2046
-53.5082
-72.8301
-90.9573
-126.974
-191.823
-198.002
-178.297
-156.791
-132.589
-107.794
-24.2776
-89.3882
-155.53
-174.068
-214.502
-237.176
-244.772
-239.091
-222.613
-197.859
-167.229
-132.845
-96.5003
-59.6541
-23.5071
11.4564
43.9116
73.9866
100.005
121.145
138.028
150.961
160.032
165.395
167.353
166.322
162.942
157.624
150.469
141.051
127.454
111.873
92.6975
68.8251
42.085
15.5334
-9.06104
-31.1175
-50.5994
-67.5714
-81.977
-94.1228
-104.569
-114.114
-123.101
-131.943
-140.868
-149.849
-158.797
-167.705
-176.491
-185.089
-193.438
-201.466
-209.105
-216.285
-222.932
-228.98
-234.359
-239.008
-242.872
-245.901
-248.053
-249.291
-249.589
-248.925
-247.282
-244.647
-241.011
-236.361
-230.678
-223.933
-216.084
-207.066
-196.798
-185.19
-172.15
-157.615
-141.585
-124.179
-105.635
-86.0295
-67.5543
-51.6287
-37.6857
-25.2765
-17.5481
-15.9391
-21.2003
-32.9977
-49.7622
-69.0747
-87.2718
-127.966
-184.339
-184.399
-171.637
-152.356
-129.808
-106.607
-22.9762
-90.6313
-141.66
-177.487
-214.993
-236.102
-242.741
-236.479
-219.691
-194.87
-164.424
-130.492
-94.8774
-59.0366
-24.1273
9.07618
39.4178
68.7686
93.093
112.775
127.983
139.223
146.775
150.887
151.906
150.167
145.836
139.263
130.433
117.35
101.912
83.5691
60.6834
35.4124
10.9487
-11.0303
-29.8553
-45.6026
-58.7094
-69.5074
-78.7043
-86.7831
-94.4799
-102.124
-110.035
-118.074
-126.243
-134.509
-142.826
-151.167
-159.477
-167.705
-175.798
-183.695
-191.34
-198.669
-205.62
-212.128
-218.127
-223.555
-228.352
-232.463
-235.834
-238.417
-240.167
-241.042
-241
-240
-238.003
-234.965
-230.833
-225.545
-219.027
-211.186
-201.917
-191.114
-178.668
-164.513
-148.645
-131.177
-112.12
-92.3956
-74.5862
-56.9421
-41.1657
-27.1217
-17.7749
-14.6072
-18.4996
-29.26
-45.4807
-64.698
-83.6623
-129.523
-171.418
-173.777
-164.344
-147.572
-127.039
-105.691
-21.14
-91.7842
-132.114
-179.028
-214.075
-234.136
-240.039
-233.307
-216.244
-191.359
-161.09
-127.611
-92.7408
-57.9372
-24.3206
7.33504
36.1358
63.8881
86.1894
104.217
117.93
127.613
133.707
136.563
136.437
133.543
128.284
120.611
108.76
93.4383
75.8852
54.2668
30.8253
9.04252
-9.803
-25.3973
-37.7905
-47.6387
-55.1861
-61.3986
-67.4795
-73.7839
-80.4961
-87.3586
-94.3933
-101.589
-108.948
-116.43
-124.017
-131.696
-139.42
-147.156
-154.866
-162.496
-170.003
-177.336
-184.442
-191.263
-197.738
-203.806
-209.407
-214.48
-218.965
-222.802
-225.93
-228.288
-229.812
-230.434
-230.086
-228.691
-226.163
-222.408
-217.319
-210.775
-202.648
-192.811
-181.15
-167.587
-152.129
-134.9
-115.675
-96.2163
-79.4552
-60.679
-42.8491
-27.5016
-16.8598
-12.415
-15.1372
-24.9491
-40.6653
-59.5716
-80.6267
-128.159
-158.105
-163.961
-156.994
-142.701
-124.401
-105.123
-18.8161
-87.8843
-130.109
-178.278
-212.086
-231.453
-236.788
-229.654
-212.337
-187.382
-157.277
-124.24
-90.1192
-56.3715
-24.0752
6.05906
33.6219
58.7722
79.4143
95.6296
107.788
116.056
120.78
122.312
120.952
117.088
110.759
100.416
86.224
70.1111
50.3657
29.2673
10.0289
-5.94603
-18.4048
-27.8125
-34.5439
-39.5108
-44.0311
-48.6556
-53.7855
-59.0733
-64.6362
-70.7361
-76.9357
-83.2491
-89.7437
-96.3639
-103.132
-110.06
-117.093
-124.223
-131.428
-138.656
-145.886
-153.074
-160.177
-167.151
-173.937
-180.479
-186.718
-192.592
-198.035
-202.978
-207.347
-211.067
-214.051
-216.209
-217.443
-217.647
-216.705
-214.489
-210.862
-205.677
-198.782
-190.034
-179.31
-166.524
-151.682
-134.856
-116.187
-97.9724
-79.556
-60.9104
-42.1612
-26.1487
-14.6297
-9.24289
-11.0377
-20.0265
-35.2535
-52.673
-79.3449
-121.207
-147.78
-154.472
-149.785
-137.938
-122.016
-104.972
-16.8428
-80.426
-130.624
-176.7
-209.487
-228.237
-233.09
-225.591
-208.028
-182.996
-153.039
-120.429
-87.0506
-54.3683
-23.4352
5.07329
30.9618
53.6263
72.9484
87.448
97.8863
104.679
108.077
108.455
106.174
101.276
92.5699
80.0543
65.6678
48.2786
29.8451
13.453
0.384868
-9.19235
-15.9402
-20.4524
-23.7754
-26.9952
-30.6639
-34.6255
-38.9467
-43.457
-48.1175
-53.1122
-58.1466
-63.6248
-69.3117
-75.012
-80.8771
-86.9767
-93.2235
-99.647
-106.243
-112.948
-119.769
-126.67
-133.616
-140.579
-147.5
-154.33
-161.017
-167.495
-173.698
-179.55
-184.968
-189.863
-194.133
-197.666
-200.341
-202.026
-202.574
-201.831
-199.63
-195.802
-190.176
-182.597
-172.933
-161.1
-147.126
-130.774
-112.989
-96.9337
-77.9222
-58.394
-39.2662
-22.8932
-10.9223
-4.97655
-6.14145
-14.5757
-29.2175
-43.6078
-77.2362
-115.827
-136.9
-145.277
-142.859
-133.443
-119.992
-105.303
-16.135
-74.7603
-128.932
-174.114
-206.32
-224.562
-229
-221.166
-203.372
-178.262
-148.441
-116.238
-83.5802
-51.9468
-22.3852
4.44931
28.4281
48.6237
66.7023
79.8457
88.7344
94.0893
96.3096
95.7376
92.3574
85.4835
75.0419
62.6268
47.9046
32.2118
18.5634
8.138
0.976843
-3.64009
-6.33228
-8.40598
-10.874
-13.6582
-16.7343
-20.0287
-23.5364
-27.2143
-31.0069
-35.191
-39.2763
-43.3347
-48.019
-52.8741
-57.8507
-63.1134
-68.4848
-74.1195
-80.0324
-86.1026
-92.4032
-98.8906
-105.533
-112.328
-119.207
-126.134
-133.063
-139.923
-146.654
-153.176
-159.399
-165.227
-170.545
-175.225
-179.128
-182.099
-183.969
-184.558
-183.679
-181.144
-176.767
-170.386
-161.86
-151.116
-138.241
-122.918
-107.049
-90.9106
-72.2548
-52.5846
-33.798
-17.5796
-5.62272
0.485077
-0.377111
-8.55501
-20.5341
-36.4563
-73.274
-109.162
-127.86
-136.771
-136.393
-129.36
-118.423
-106.17
-14.7607
-71.8425
-126.483
-170.971
-202.695
-220.491
-224.561
-216.422
-198.415
-173.236
-143.549
-111.738
-79.7683
-49.1381
-20.8929
4.33576
26.3691
44.6825
60.7643
72.6622
80.3227
84.5044
85.6906
83.9476
79.0382
71.0111
60.758
48.8069
35.8354
24.7042
16.6122
11.435
8.4681
6.99172
5.70123
3.97028
1.88513
-0.404833
-2.84795
-5.41362
-8.09305
-10.884
-13.7734
-16.8227
-20.0222
-23.3048
-27.2413
-30.5902
-34.2147
-38.9636
-43.425
-48.2667
-53.4798
-58.7977
-64.4946
-70.4573
-76.6618
-83.1527
-89.8196
-96.6496
-103.61
-110.618
-117.622
-124.546
-131.291
-137.763
-143.838
-149.376
-154.229
-158.226
-161.18
-162.894
-163.166
-161.799
-158.603
-153.412
-146.077
-136.553
-124.794
-110.664
-97.5263
-81.1279
-62.8276
-43.7559
-25.7309
-10.1557
1.325
7.17204
6.11329
-0.577659
-7.44492
-32.7005
-73.4859
-99.7399
-119.095
-128.94
-130.491
-125.8
-117.388
-107.613
-12.2626
-70.4219
-123.869
-167.533
-198.712
-216.076
-219.805
-211.395
-193.203
-167.973
-138.428
-107
-75.6873
-46.0002
-18.9762
4.78831
25.0837
41.8176
55.6174
65.9017
72.4467
75.6436
75.8002
73.0057
67.6125
59.6622
50.5258
40.1763
31.2318
25.0313
21.4261
19.6834
19.1064
18.3731
17.2373
15.8196
14.2255
12.5355
10.7834
8.98071
7.12566
5.20858
3.22258
1.1331
-1.08333
-3.40749
-5.98489
-8.71179
-11.6724
-15.5729
-18.0969
-22.4147
-27.1726
-31.6009
-36.7024
-42.0326
-47.6756
-53.761
-60.0507
-66.6008
-73.3925
-80.3053
-87.3219
-94.3638
-101.322
-108.116
-114.621
-120.684
-126.156
-130.864
-134.607
-137.178
-138.373
-137.996
-135.859
-131.81
-125.683
-117.573
-107.179
-95.2449
-83.1246
-67.1841
-49.6524
-31.9043
-15.1062
-0.64673
9.88147
14.8816
14.1561
12.6223
2.91528
-36.9953
-66.3161
-92.3148
-111.167
-121.948
-125.272
-122.855
-116.944
-109.656
-10.1845
-68.3402
-120.83
-163.749
-194.37
-211.318
-214.742
-206.105
-187.772
-162.526
-133.144
-102.101
-71.4226
-42.6212
-16.7197
5.72333
24.5021
39.6652
51.3484
59.8893
65.2153
67.5446
67.1195
64.3059
58.9349
52.4807
44.7128
37.6138
32.8223
30.3264
29.4204
29.4932
29.3076
28.7132
27.8917
26.9542
25.963
24.9595
23.9603
22.9635
21.9554
20.9161
19.8263
18.6558
17.3721
15.9657
14.3612
12.5429
10.5068
8.03404
5.46798
2.10097
-1.55334
-4.44191
-9.52882
-14.1539
-19.1566
-24.819
-30.5368
-36.6481
-43.099
-49.6758
-56.4517
-63.332
-70.1838
-76.9679
-83.5554
-89.7813
-95.5139
-100.583
-104.781
-107.897
-109.742
-110.134
-108.902
-105.908
-100.973
-94.3846
-85.1825
-75.6041
-64.0496
-49.39
-33.3355
-17.2391
-2.10183
10.7803
19.7877
24.4168
26.6956
27.3112
2.77206
-35.9903
-61.1563
-85.5166
-104.126
-115.81
-120.805
-120.588
-117.127
-112.306
-8.3448
-65.7899
-117.412
-159.598
-189.656
-206.211
-209.37
-200.563
-182.148
-156.939
-127.756
-97.1158
-67.062
-39.1031
-14.2381
7.01586
24.526
38.0817
47.9111
54.888
59.2302
61.0407
60.6368
58.1806
54.0506
48.8864
43.4413
39.6211
37.8032
37.4559
37.9111
38.2315
38.1782
37.9247
37.6003
37.2749
36.9828
36.7403
36.5481
36.3925
36.2496
36.0902
35.8859
35.6051
35.2138
34.6849
33.9616
33.0023
31.7968
30.234
28.3778
26.0911
23.3345
20.3646
15.8051
13.5511
8.7018
3.08801
-1.78985
-7.39328
-13.3753
-19.3477
-25.6733
-32.1361
-38.565
-45.0263
-51.3607
-57.3805
-63.0082
-68.0843
-72.3862
-75.7042
-77.8968
-78.8139
-78.3154
-76.2754
-72.5376
-67.4993
-59.817
-52.2866
-41.2197
-28.1223
-14.1634
-0.13752
12.8622
23.7695
31.8006
37.9689
42.915
31.7365
-5.24407
-28.619
-55.7733
-79.3231
-98.0038
-110.546
-117.133
-119.031
-117.946
-115.548
-6.51432
-63.0208
-113.69
-155.083
-184.561
-200.742
-203.686
-194.774
-176.35
-151.244
-122.314
-92.1078
-62.6848
-35.5438
-11.6534
8.50413
24.8638
36.964
45.1302
50.8931
54.5565
56.1786
56.0458
54.414
51.7776
48.2462
45.2419
43.7635
43.7138
44.3497
45.0681
45.5012
45.7832
46.0426
46.348
46.7345
47.2158
47.7906
48.4454
49.1555
49.8889
50.6088
51.2782
51.8615
52.3224
52.625
52.7183
52.5574
52.1181
51.3319
50.1953
48.6653
46.6656
44.3112
41.3016
38.3069
34.243
29.1313
26.9206
20.8191
15.2106
10.1362
4.34545
-1.45182
-7.12107
-13.0152
-18.8056
-24.2606
-29.4519
-34.2205
-38.2819
-41.4423
-43.6648
-44.8588
-44.9178
-43.707
-41.1106
-37.4522
-31.7208
-25.5997
-16.0009
-4.64478
7.07194
18.6767
29.5061
38.8893
47.7086
54.6995
51.1681
21.4693
1.2977
-25.1832
-51.1345
-74.1604
-92.8953
-106.218
-114.292
-118.195
-119.394
-119.351
-4.67266
-60.0662
-109.668
-150.19
-179.061
-194.892
-197.679
-188.739
-170.39
-145.468
-116.857
-87.1311
-58.3578
-32.026
-9.07919
9.97337
24.9098
35.937
42.8597
47.8766
51.1005
52.6666
52.935
52.343
51.1639
49.4275
48.2402
48.1456
48.8394
49.8142
50.6721
51.4301
52.2191
53.1127
54.1398
55.3081
56.6136
58.0418
59.5681
61.1579
62.7702
64.3621
65.8907
67.3146
68.5938
69.6873
70.5453
71.1226
71.3875
71.2934
70.8215
69.9447
68.6101
66.8681
64.6176
61.9992
58.8578
55.1101
51.6647
46.1789
42.4193
39.6792
33.1344
28.1253
23.4693
18.2176
13.2433
8.7648
4.273
0.0165863
-3.4881
-6.12155
-8.0726
-9.33862
-9.8259
-9.34529
-7.84114
-5.4972
-1.27074
4.17256
11.5977
20.4437
29.7339
39.292
47.8902
58.1856
64.3463
63.815
42.7226
26.4227
3.55715
-22.1368
-47.2747
-69.9662
-88.7668
-102.821
-112.282
-118.068
-121.443
-123.668
-2.8109
-56.9303
-105.34
-144.898
-173.127
-188.632
-191.33
-182.456
-164.278
-139.63
-111.415
-82.223
-54.1226
-28.5834
-6.48014
11.4973
25.0799
34.5542
41.318
46.0908
48.9192
50.3061
50.7999
50.989
51.1838
51.0332
51.0037
51.5761
52.5876
53.7586
54.9211
56.1669
57.5754
59.1795
60.9829
62.9737
65.132
67.4314
69.8382
72.3099
74.7971
77.2496
79.6194
81.8605
83.9283
85.7772
87.357
88.6227
89.5411
90.0768
90.2076
89.9116
89.1583
87.9715
86.3164
84.238
81.7375
78.7507
75.5703
71.7844
68.1357
64.5034
58.275
56.4524
54.4927
48.2612
44.0031
40.8578
37.0134
33.2511
30.7268
29.0845
27.6958
26.4691
25.5883
25.4089
25.8678
27.1427
29.525
34.1926
39.9078
46.4151
53.1703
61.6781
68.6614
73.6895
73.1236
58.7076
47.623
28.8429
5.28791
-19.7524
-44.3743
-66.7408
-85.6072
-100.333
-111.071
-118.615
-124.045
-128.433
-0.929489
-53.6042
-100.685
-139.183
-166.732
-181.934
-184.619
-175.915
-158.023
-133.754
-106.02
-77.4253
-50.035
-25.2929
-4.0015
13.1402
25.9539
34.5639
41.2284
45.6402
48.0824
49.017
49.367
49.7955
50.9308
52.0953
52.8473
53.7469
54.9574
56.3959
57.9993
59.8281
61.9183
64.2729
66.8774
69.7053
72.7241
75.8966
79.1801
82.5252
85.8755
89.1725
92.3634
95.3978
98.2269
100.8
103.066
104.98
106.511
107.628
108.311
108.541
108.302
107.611
106.466
104.897
102.935
100.566
97.9324
94.9718
91.8344
88.6318
84.8697
82.1679
79.2978
73.56
72.4518
72.9888
69.4663
64.8972
63.2887
63.0422
62.2763
60.9155
59.5239
58.8493
58.6119
59.269
60.1053
63.2946
67.6733
72.8612
76.5871
79.3429
82.7161
82.5854
73.6032
66.2399
50.5177
29.8263
6.31577
-18.3621
-42.4785
-64.4952
-83.398
-98.7158
-110.614
-119.782
-127.134
-133.569
0.96513
-50.0792
-95.6773
-133.013
-159.842
-174.766
-177.519
-169.104
-151.628
-127.86
-100.704
-72.7711
-46.132
-22.2181
-1.9259
14.5287
26.0626
35.0504
41.3017
45.2507
47.4605
48.4274
48.4432
48.614
49.797
52.078
53.548
54.7192
56.1543
57.9333
60.0393
62.4898
65.2832
68.3986
71.8054
75.4652
79.3355
83.3697
87.516
91.7179
95.9123
100.034
104.023
107.826
111.389
114.657
117.579
120.11
122.217
123.877
125.069
125.78
126.002
125.753
125.051
123.928
122.422
120.558
118.433
116.073
113.547
110.977
108.262
105.772
103.344
100.418
98.9205
97.8644
94.737
90.709
93.1808
95.4786
95.8629
93.6827
91.0948
89.874
89.1446
89.3655
88.6957
89.4335
90.0067
91.8329
95.2385
96.6846
94.005
89.5716
83.3441
69.2267
51.1576
29.8148
6.2687
-18.0082
-41.571
-63.1973
-82.0865
-97.9108
-110.849
-121.503
-130.639
-138.993
2.86464
-46.3525
-90.2965
-126.353
-152.414
-167.088
-170.002
-162.009
-145.098
-121.973
-95.5106
-68.3095
-42.4256
-19.2091
-0.144225
15.1033
26.9
35.5441
41.3814
44.9757
46.8271
47.5442
47.7473
47.5592
48.1807
50.7689
53.0746
54.586
56.3141
58.4877
61.1185
64.1926
67.6803
71.5424
75.7339
80.2053
84.9043
89.7771
94.7638
99.7993
104.814
109.735
114.498
119.042
123.31
127.245
130.794
133.911
136.564
138.73
140.394
141.542
142.175
142.316
141.991
141.239
140.106
138.638
136.92
135.01
132.977
130.924
128.86
126.921
125.143
123.387
122.086
121.016
119.577
118.239
119.155
120.104
119.499
116.669
113.942
113.982
114.174
114.438
113.682
114.807
115.917
114.665
112.333
109.838
106.716
97.6751
85.6971
69.5991
50.3716
28.5191
5.09436
-18.6652
-41.6109
-62.7914
-81.6016
-97.8387
-111.695
-123.692
-134.476
-144.62
4.76422
-42.4197
-84.5243
-119.167
-144.402
-158.854
-162.029
-154.607
-138.432
-116.116
-90.4927
-64.1295
-39.0425
-16.5846
2.60243
16.4452
27.1443
34.908
40.2358
43.6373
45.5883
46.3825
46.4454
46.4136
46.4851
48.119
51.4648
53.5154
55.5694
58.1324
61.2728
64.9462
69.0978
73.6733
78.6164
83.8671
89.3634
95.0432
100.84
106.679
112.484
118.176
123.683
128.939
133.884
138.457
142.601
146.271
149.435
152.072
154.166
155.708
156.701
157.17
157.151
156.686
155.828
154.636
153.194
151.578
149.864
148.146
146.479
144.952
143.63
142.486
141.645
141.055
140.568
140.277
140.662
141.042
140.718
139.427
137.976
137.441
136.765
136.42
135.245
135.062
134.436
131.703
126.831
120.178
111.803
100.142
85.7567
68.1577
48.005
25.932
2.84471
-20.272
-42.5231
-63.1969
-81.8574
-98.4071
-113.063
-126.267
-138.55
-150.353
6.65621
-38.2745
-78.343
-111.424
-135.761
-150.008
-153.548
-146.867
-131.628
-110.331
-85.7581
-60.4626
-36.3837
-14.5008
2.62437
15.9826
26.1131
33.4289
38.3828
41.5045
43.313
44.2938
44.6357
44.6158
44.6699
45.4841
48.8653
51.5823
53.9888
56.9031
60.5126
64.7401
69.5081
74.7497
80.398
86.3847
92.6384
99.0875
105.658
112.266
118.827
125.256
131.475
137.411
143.001
148.178
152.883
157.07
160.706
163.77
166.248
168.132
169.425
170.154
170.358
170.084
169.388
168.336
167.015
165.511
163.911
162.307
160.78
159.415
158.277
157.385
156.793
156.492
156.424
156.568
156.999
157.407
157.476
157.057
156.326
155.637
154.58
153.57
152.051
150.292
146.957
141.553
134.205
124.942
113.674
99.7462
83.4529
64.7126
44.0724
22.1213
-0.405294
-22.7441
-44.2126
-64.3091
-82.7526
-99.5228
-114.861
-129.144
-142.776
-156.092
8.52685
-33.9154
-71.7371
-103.091
-126.44
-140.484
-144.483
-138.705
-124.596
-104.5
-81.1203
-57.0289
-34.5799
-13.9457
2.2452
15.0017
24.5839
31.4023
35.9679
38.8241
40.474
41.3557
41.8814
42.147
42.4277
42.8843
44.8263
48.7224
51.5385
54.799
58.8323
63.553
68.8759
74.7249
81.0229
87.6931
94.6556
101.829
109.131
116.469
123.749
130.88
137.775
144.357
150.555
156.3
161.527
166.189
170.252
173.695
176.501
178.663
180.184
181.092
181.426
181.234
180.572
179.51
178.139
176.55
174.837
173.098
171.429
169.924
168.656
167.669
167.009
166.68
166.64
166.838
167.233
167.633
167.845
167.732
167.27
166.545
165.356
163.677
162.161
159.05
153.644
146.145
136.627
125.164
111.757
96.1801
78.672
59.359
38.6966
17.1966
-4.54981
-25.9745
-46.5786
-66.0267
-84.1842
-101.096
-116.998
-132.231
-147.085
-161.769
10.358
-29.3495
-64.7005
-94.1452
-116.396
-130.223
-134.768
-130.067
-117.328
-98.7087
-76.7867
-53.8914
-30.6151
-13.3707
1.62128
13.5954
22.5488
28.8548
33.0216
35.5896
37.0602
37.8618
38.3415
38.8187
39.2489
40.0129
41.3474
45.0514
48.2739
51.8626
56.2339
61.365
67.1668
73.5526
80.4356
87.7289
95.3443
103.191
111.178
119.203
127.163
134.957
142.491
149.682
156.451
162.723
168.432
173.524
177.964
181.729
184.801
187.171
188.841
189.837
190.197
189.968
189.203
187.974
186.373
184.493
182.434
180.299
178.199
176.236
174.501
173.059
171.965
171.241
170.861
170.778
170.925
171.154
171.312
171.254
170.866
170.088
168.849
166.598
165.005
160.865
153.961
144.935
133.867
120.916
106.178
89.6723
71.6366
52.2953
32.0408
11.2968
-9.46933
-29.8484
-49.5161
-68.262
-86.056
-103.027
-119.402
-135.455
-151.393
-167.307
12.1296
-24.5925
-57.239
-84.5712
-105.583
-119.145
-124.281
-120.783
-109.579
-92.6164
-72.4399
-51.8383
-31.2348
-13.7938
0.519761
11.7774
20.1059
25.897
29.657
31.9175
33.1718
33.8454
34.2761
34.7298
35.4437
36.2354
37.5796
40.0534
44.3225
48.1864
52.7357
58.1708
64.3602
71.1993
78.5907
86.4372
94.6418
103.105
111.724
120.391
128.989
137.409
145.546
153.31
160.614
167.376
173.525
179
183.765
187.795
191.069
193.573
195.31
196.3
196.58
196.192
195.189
193.64
191.633
189.264
186.633
183.852
181.039
178.312
175.777
173.524
171.631
170.141
169.056
168.35
167.965
167.782
167.666
167.463
167.014
166.158
164.936
162.268
160.553
155.85
148.11
138.205
126.284
112.585
97.2875
80.5431
62.6044
43.7281
24.2679
4.55727
-15.0601
-34.2861
-52.9335
-70.9288
-88.3081
-105.25
-121.996
-138.755
-155.639
-172.64
13.8174
-19.6739
-49.3811
-74.384
-93.9878
-107.203
-112.96
-110.802
-101.356
-86.2866
-67.7589
-46.0639
-29.5901
-13.9307
-0.673812
9.74654
17.4014
22.654
25.991
27.9252
28.9337
29.4311
29.7523
30.1561
30.8499
31.9837
33.4094
35.5452
39.5324
43.5819
48.3169
53.9726
60.452
67.6494
75.4604
83.7787
92.4993
101.515
110.711
119.969
129.163
138.17
146.877
155.183
162.992
170.214
176.766
182.586
187.631
191.873
195.289
197.861
199.586
200.482
200.583
199.929
198.565
196.558
193.99
190.957
187.558
183.91
180.138
176.371
172.737
169.348
166.313
163.705
161.56
159.891
158.666
157.801
157.18
156.652
156.033
155.097
153.978
151.126
149.389
144.482
136.521
126.392
114.315
100.588
85.4365
69.0842
51.8054
33.8413
15.4979
-2.94164
-21.2427
-39.2317
-56.8018
-73.9822
-90.8935
-107.738
-124.752
-142.093
-159.786
-177.725
15.3941
-14.6344
-41.1773
-63.6269
-81.6226
-94.3547
-100.688
-99.9176
-92.3773
-79.5685
-64.0161
-45.9564
-29.1225
-14.3452
-2.02087
7.57863
14.5576
19.2656
22.1696
23.7617
24.4966
24.7726
24.9201
25.196
25.8027
26.8851
28.4543
30.6493
33.6996
38.2897
43.0974
48.8234
55.4734
62.9167
71.0426
79.7377
88.89
98.3841
108.096
117.892
127.637
137.195
146.443
155.268
163.562
171.221
178.154
184.293
189.59
194.009
197.524
200.11
201.762
202.497
202.345
201.337
199.518
196.945
193.7
189.874
185.561
180.876
175.953
170.932
165.954
161.161
156.687
152.643
149.109
146.144
143.759
141.911
140.52
139.456
138.539
137.504
136.523
133.936
132.033
127.297
119.709
109.973
98.3887
85.2871
70.9211
55.5223
39.3706
22.7142
5.79088
-11.1878
-28.038
-44.6883
-61.1263
-77.4444
-93.8235
-110.49
-127.67
-145.462
-163.81
-182.524
16.8227
-9.54031
-32.7117
-52.3853
-68.5515
-80.6219
-87.4332
-88.0349
-82.3636
-71.4206
-56.1449
-42.1842
-27.6079
-14.3057
-3.14395
5.53342
11.7879
15.9278
18.3817
19.6108
20.0435
20.0559
19.9699
20.0441
20.4826
21.4491
23.0282
25.084
28.0652
32.2562
37.1282
42.8054
49.492
57.0516
65.3709
74.3331
83.8188
93.7049
103.857
114.131
124.38
134.457
144.224
153.553
162.32
170.411
177.725
184.181
189.724
194.309
197.904
200.482
202.034
202.574
202.126
200.718
198.389
195.196
191.213
186.523
181.213
175.396
169.212
162.803
156.323
149.933
143.793
138.056
132.847
128.272
124.396
121.233
118.756
116.876
115.44
114.184
113.172
110.988
108.869
104.88
98.1842
89.3616
78.8423
66.9232
53.8708
39.926
25.3245
10.292
-4.95158
-20.2706
-35.5483
-50.7721
-66.006
-81.3982
-97.1745
-113.572
-130.795
-148.89
-167.718
-187.024
18.0595
-4.49102
-24.1179
-40.8026
-54.9054
-66.1073
-73.2838
-75.319
-71.8909
-63.7323
-51.0312
-38.6601
-25.8051
-13.9266
-3.94974
3.77729
9.28618
12.8446
14.8357
15.6814
15.7834
15.4938
15.1204
14.9208
15.0995
15.8228
17.2159
19.3348
22.0592
25.6629
30.4599
36.0554
42.6186
50.1511
58.5265
67.6272
77.3289
87.5014
98.0041
108.685
119.385
129.945
140.21
150.034
159.28
167.819
175.536
182.335
188.147
192.922
196.62
199.21
200.677
201.03
200.291
198.489
195.66
191.853
187.134
181.581
175.277
168.329
160.871
153.043
145.003
136.928
129.002
121.404
114.295
107.837
102.153
97.3189
93.3706
90.2787
87.949
86.1817
84.9477
83.2256
81.3786
78.255
72.5329
64.924
55.8747
45.5968
34.2914
22.1817
9.48816
-3.62203
-16.9622
-30.4445
-44.0146
-57.7071
-71.6497
-86.0296
-101.102
-117.11
-134.227
-152.441
-171.546
-191.223
19.0608
0.390669
-15.5703
-29.0647
-40.8426
-50.8864
-58.1451
-61.3609
-60.0506
-55.3029
-45.3089
-34.1898
-23.0683
-12.7785
-4.10865
2.59113
7.30849
10.2583
11.7677
12.209
11.9518
11.3257
10.6194
10.0815
9.91585
10.2881
11.3371
13.1295
15.6749
19.1287
23.4444
28.7523
35.0285
42.3724
50.6474
59.7344
69.5093
79.8404
90.5851
101.585
112.67
123.666
134.402
144.717
154.459
163.48
171.644
178.838
184.982
190.014
193.886
196.555
198.001
198.233
197.272
195.147
191.888
187.541
182.167
175.842
168.642
160.661
152.02
142.86
133.336
123.623
113.914
104.402
95.2825
86.7612
79.0071
72.1524
66.3069
61.5267
57.7915
54.9918
53.086
51.5845
51.9499
48.7704
43.369
37.0362
29.6838
21.3172
12.0698
2.09015
-8.42946
-19.3768
-30.6111
-42.0851
-53.8055
-65.846
-78.3781
-91.622
-105.849
-121.3
-138.111
-156.216
-175.345
-195.134
19.7768
4.9551
-7.29283
-17.434
-26.6341
-35.2213
-42.2454
-46.2435
-46.2372
-40.9498
-36.0782
-28.0889
-19.15
-10.6359
-3.38019
2.22265
6.10274
8.41183
9.41739
9.43619
8.79766
7.80666
6.72862
5.79702
5.21374
5.149
5.74944
7.13938
9.34379
12.2553
16.1027
20.9243
27.0316
33.9556
41.9383
50.8284
60.5063
70.844
81.6976
92.9031
104.281
115.645
126.815
137.615
147.871
157.412
166.083
173.755
180.33
185.73
189.889
192.755
194.305
194.547
193.5
191.185
187.635
182.897
177.036
170.118
162.205
153.386
143.777
133.504
122.704
111.539
100.203
88.8986
77.823
67.1947
57.224
48.1074
40.0126
33.0487
27.299
22.786
19.5284
17.2862
16.9908
14.866
10.9059
6.14407
0.591981
-5.76774
-12.8352
-20.5349
-28.724
-37.3416
-46.3138
-55.6312
-65.3534
-75.5978
-86.5671
-98.5096
-111.7
-126.37
-142.618
-160.328
-179.179
-198.778
20.1591
9.03116
0.450472
-6.23263
-12.6273
-19.4726
-26.0269
-30.8125
-32.8018
-30.835
-26.9537
-20.9954
-14.0657
-7.33039
-1.5376
2.91453
5.91083
7.54104
8.01615
7.59703
6.563
5.18421
3.70127
2.33048
1.2685
0.68803
0.737198
1.54557
3.21243
5.80043
9.21294
13.4256
18.6614
25.1187
32.6303
41.1408
50.5383
60.7048
71.4994
82.7595
94.3048
105.946
117.491
128.745
139.514
149.61
158.858
167.108
174.236
180.14
184.741
187.979
189.82
190.262
189.318
187.014
183.389
178.489
172.374
165.108
156.758
147.405
137.145
126.081
114.34
102.073
89.4492
76.6413
63.8451
51.2981
39.2089
27.783
17.2546
7.80225
-0.448682
-7.40949
-12.9804
-16.719
-22.6823
-21.3235
-23.2689
-26.5771
-30.5273
-35.0564
-40.0696
-45.5514
-51.4289
-57.6893
-64.333
-71.4019
-79.0063
-87.3108
-96.5468
-106.986
-118.901
-132.51
-147.881
-164.862
-183.098
-202.172
20.1673
12.4363
7.37594
4.19818
0.834535
-3.89923
-9.52298
-14.6332
-18.6387
-18.553
-16.2429
-12.3615
-7.5136
-2.62128
1.64385
4.88447
6.94575
7.85787
7.77344
6.89752
5.45379
3.66981
1.75991
-0.0771365
-1.65487
-2.80459
-3.38016
-3.25266
-2.29889
-0.464413
2.2801
5.90969
10.3819
16.3061
23.0927
31.0063
39.9089
49.691
60.2232
71.3534
82.9078
94.6936
106.507
118.144
129.399
140.068
149.95
158.866
166.667
173.234
178.469
182.289
184.641
185.516
184.93
182.908
179.479
174.692
168.619
161.333
152.891
143.359
132.83
121.407
109.187
96.2803
82.8361
69.016
54.9726
40.9108
27.05
13.601
0.78981
-11.1595
-22.0536
-31.7559
-40.1164
-46.5572
-55.4479
-54.4102
-56.0575
-58.7498
-61.7853
-65.0422
-68.4636
-72.0864
-75.9209
-80.0133
-84.4337
-89.2923
-94.7514
-101.028
-108.387
-117.119
-127.507
-139.758
-153.912
-169.813
-187.097
-205.328
19.7658
14.968
13.168
13.457
13.2951
11.0345
6.89979
2.28344
-0.984213
-3.79778
-3.95941
-2.26945
0.500833
3.55224
6.26829
8.26072
9.34945
9.51285
8.84228
7.48707
5.61725
3.4161
1.06978
-1.2437
-3.3559
-5.10955
-6.36076
-6.97515
-6.82174
-5.7725
-3.76948
-0.943656
2.71122
7.48915
13.7163
20.7933
28.9714
38.1425
48.1926
58.9827
70.3452
82.09
94.0176
105.925
117.596
128.804
139.326
148.965
157.551
164.935
170.988
175.601
178.713
180.302
180.364
178.913
175.989
171.652
165.971
159.013
150.844
141.546
131.199
119.876
107.673
94.6868
81.0165
66.7807
52.1164
37.1921
22.1769
7.26803
-7.3131
-21.3508
-34.6134
-46.8942
-57.991
-67.5964
-76.4518
-81.665
-83.9622
-87.1296
-90.2495
-93.1093
-95.7245
-98.1725
-100.539
-102.934
-105.491
-108.396
-111.863
-116.168
-121.618
-128.534
-137.202
-147.847
-160.511
-175.032
-191.083
-208.221
18.9422
16.4263
17.499
21.1154
24.2282
24.6836
22.3623
18.4401
14.9718
11.1378
9.16254
8.96264
9.82612
11.1216
12.32
13.0635
13.1636
12.5585
11.281
9.42582
7.1169
4.49622
1.71663
-1.07142
-3.72207
-6.09086
-8.03658
-9.42436
-10.1258
-10.014
-8.98108
-6.93423
-4.07378
-0.420911
4.63017
10.9011
18.1465
26.4901
35.8314
46.0441
56.9778
68.4633
80.3132
92.3219
104.265
115.911
127.029
137.401
146.824
155.121
162.142
167.757
171.872
174.433
175.428
174.874
172.797
169.244
164.297
158.042
150.542
141.871
132.126
121.385
109.712
97.181
83.8853
69.905
55.3253
40.2856
24.9074
9.33306
-6.24228
-21.6348
-36.6316
-50.9956
-64.4603
-76.6618
-87.2309
-96.6371
-101.811
-107.548
-111.985
-115.539
-118.378
-120.621
-122.401
-123.882
-125.245
-126.741
-128.649
-131.291
-135.015
-140.202
-147.157
-156.116
-167.167
-180.184
-194.872
-210.803
17.7095
16.6552
20.0899
26.7872
33.1452
36.4682
36.2459
33.4163
29.3813
25.5724
22.6517
20.9622
20.1713
19.8627
19.6311
19.1695
18.2932
16.9137
15.0186
12.6555
9.90723
6.87464
3.67168
0.419721
-2.75481
-5.7202
-8.34375
-10.4982
-12.0595
-12.9004
-12.8898
-11.9472
-10.0117
-7.21018
-3.50777
1.62606
7.89721
15.22
23.6328
33.0373
43.3121
54.3059
65.841
77.7237
89.7449
101.674
113.266
124.284
134.514
143.762
151.842
158.588
163.878
167.644
169.847
170.472
169.541
167.108
163.24
158.021
151.534
143.87
135.113
125.344
114.639
103.051
90.6546
77.5192
63.69
49.2579
34.311
18.9355
3.27029
-12.5474
-28.3747
-44.0316
-59.3226
-74.0807
-88.2666
-103.743
-109.661
-116.849
-123.139
-128.319
-132.424
-135.537
-137.783
-139.361
-140.484
-141.423
-142.503
-144.116
-146.638
-150.485
-156.024
-163.525
-173.124
-184.76
-198.191
-212.999
16.1213
15.6021
20.7911
30.2227
39.7083
46.0029
48.2719
47.3445
43.6091
39.6748
36.0634
33.2165
31.0566
29.3576
27.8435
26.2705
24.4669
22.3357
19.8374
16.9808
13.8075
10.3777
6.76984
3.08142
-0.579177
-4.09858
-7.36094
-10.2476
-12.6344
-14.3932
-15.3985
-15.5313
-14.7111
-12.9778
-10.3194
-6.49642
-1.4032
4.82951
12.1522
20.5679
29.9739
40.2411
51.2226
62.7494
74.6198
86.6051
98.4703
109.983
120.912
131.034
140.147
148.065
154.63
159.735
163.32
165.352
165.822
164.762
162.247
158.361
153.179
146.802
139.329
130.835
121.405
111.105
99.9915
88.1194
75.5239
62.2591
48.3829
33.9427
19.0153
3.69016
-11.9388
-27.7519
-43.5888
-59.3137
-74.7368
-89.6199
-102.273
-112.109
-121.13
-128.566
-134.693
-139.571
-143.285
-145.994
-147.915
-149.345
-150.596
-152.087
-154.245
-157.505
-162.281
-168.893
-177.536
-188.213
-200.741
-214.715
14.2936
13.3798
19.6464
31.3335
43.6616
52.7979
57.3907
57.9842
55.9436
52.4252
48.5665
44.9692
41.7895
38.9782
36.387
33.8465
31.2163
28.404
25.3546
22.0436
18.4757
14.68
10.7085
6.6338
2.54145
-1.47545
-5.31341
-8.85778
-11.989
-14.5877
-16.5348
-17.7078
-17.9899
-17.2988
-15.7167
-13.1633
-9.30164
-4.24654
1.96005
9.26503
17.6539
27.0315
37.2703
48.2172
59.6975
71.5087
83.4226
95.2039
106.624
117.46
127.485
136.483
144.282
150.751
155.784
159.314
161.317
161.8
160.816
158.446
154.763
149.854
143.832
136.786
128.799
119.949
110.294
99.8815
88.7499
76.9437
64.487
51.4078
37.748
23.5597
8.90037
-6.17345
-21.5534
-37.1572
-52.8905
-69.0023
-85.5181
-95.6913
-106.651
-116.302
-124.681
-131.741
-137.518
-142.135
-145.734
-148.598
-151.035
-153.433
-156.23
-159.871
-164.791
-171.349
-179.784
-190.149
-202.306
-215.872
12.4474
10.3564
17.006
30.3234
45.0346
56.7934
63.7869
66.112
65.6249
62.9451
59.2654
55.3393
51.5186
47.9136
44.4992
41.1907
37.8921
34.5205
31.0097
27.3124
23.4099
19.3103
15.0399
10.6437
6.18798
1.75618
-2.55786
-6.6536
-10.4228
-13.748
-16.5058
-18.5751
-19.8421
-20.2159
-19.6153
-18.0537
-15.4527
-11.5791
-6.49906
-0.253962
7.0865
15.4959
24.8754
35.1036
46.0266
57.4568
69.1901
81.0103
92.6876
103.992
114.702
124.594
133.466
141.16
147.549
152.529
156.045
158.086
158.678
157.871
155.731
152.342
147.81
142.234
135.696
128.272
120.044
111.065
101.368
90.9997
79.9705
68.3101
56.0521
43.209
29.8261
15.9434
1.63862
-13.0354
-27.9728
-43.1195
-58.3319
-72.3673
-84.2664
-95.7215
-105.856
-114.876
-122.7
-129.409
-135.087
-139.942
-144.247
-148.342
-152.63
-157.534
-163.475
-170.816
-179.809
-190.528
-202.859
-216.443
10.9596
7.31153
13.7054
27.8201
44.1113
57.9468
67.6716
71.7192
72.3593
70.5792
67.3444
63.4312
59.3179
55.2458
51.2989
47.4705
43.7059
39.935
36.0904
32.1165
27.9772
23.6585
19.1668
14.5327
9.8118
5.0752
0.400935
-4.12067
-8.38231
-12.2668
-15.6578
-18.4398
-20.497
-21.7216
-22.0291
-21.348
-19.6314
-16.802
-12.7606
-7.50438
-1.08437
6.4187
14.964
24.4456
34.7394
45.686
57.0929
68.7548
80.4616
91.9945
103.128
113.639
123.316
131.976
139.471
145.684
150.529
153.961
155.979
156.609
155.896
153.918
150.761
146.511
141.263
135.095
128.093
120.314
111.793
102.595
92.735
82.2232
71.1067
59.3999
47.1399
34.3499
21.091
7.42965
-6.55843
-20.7901
-35.3589
-49.3307
-61.6786
-73.7708
-84.9558
-95.2494
-104.578
-112.966
-120.473
-127.238
-133.483
-139.487
-145.596
-152.181
-159.616
-168.23
-178.256
-189.756
-202.608
-216.474
10.3918
5.62096
11.3741
25.2861
41.9371
56.7192
66.8294
73.0648
75.3921
74.6966
72.102
68.4507
64.3286
60.0857
55.8909
51.7953
47.7806
43.7958
39.7784
35.6648
31.4035
26.9687
22.3617
17.604
12.7352
7.8145
2.9178
-1.86592
-6.4371
-10.6859
-14.4953
-17.7471
-20.3287
-22.1362
-23.0736
-23.0549
-22.0029
-19.8493
-16.5422
-12.0543
-6.37684
0.441966
8.31783
17.185
26.9338
37.417
48.4638
59.8839
71.4783
83.0448
94.3652
105.208
115.362
124.645
132.896
139.98
145.792
150.258
153.358
155.105
155.514
154.638
152.554
149.338
145.079
139.849
133.726
126.786
119.065
110.62
101.483
91.678
81.2544
70.2149
58.6045
46.4814
33.8804
20.8592
7.52978
-5.99072
-19.6304
-33.3186
-46.1307
-57.9258
-69.5046
-80.2739
-90.3083
-99.5944
-108.179
-116.171
-123.753
-131.162
-138.689
-146.658
-155.39
-165.171
-176.189
-188.486
-201.906
-216.098
11.1255
6.56276
11.7306
24.6124
40.4568
55.051
65.8885
72.7434
75.771
75.7064
73.546
70.1317
66.0941
61.8374
57.5781
53.4039
49.3213
45.288
41.2384
37.1055
32.8368
28.4024
23.7949
19.0277
14.1368
9.17928
4.22674
-0.636897
-5.31279
-9.69037
-13.6558
-17.0958
-19.8974
-21.9526
-23.165
-23.4483
-22.7163
-20.8906
-17.9194
-13.7824
-8.48005
-2.0418
5.47833
14.0093
23.4472
33.6516
44.4587
55.6945
67.1701
78.6845
90.0258
100.969
111.3
120.845
129.44
136.936
143.219
148.211
151.876
154.212
155.221
154.938
153.433
150.77
147.023
142.27
136.58
130.019
122.629
114.475
105.595
95.9999
85.7529
74.8853
63.4198
51.4153
38.9434
26.0573
12.8539
-0.517529
-13.9355
-27.1823
-40.0253
-52.1254
-63.5594
-74.4406
-84.602
-94.0729
-102.904
-111.208
-119.164
-127.007
-135.017
-143.501
-152.769
-163.079
-174.603
-187.355
-201.143
-215.55
)
;

boundaryField
{
    Adiabatic_walls
    {
        type            calculated;
        value           nonuniform List<scalar> 
200
(
11.1255
6.56276
11.7306
24.6124
40.4568
55.051
65.8885
72.7434
75.771
75.7064
73.546
70.1317
66.0941
61.8374
57.5781
53.4039
49.3213
45.288
41.2384
37.1055
32.8368
28.4024
23.7949
19.0277
14.1368
9.17928
4.22674
-0.636897
-5.31279
-9.69037
-13.6558
-17.0958
-19.8974
-21.9526
-23.165
-23.4483
-22.7163
-20.8906
-17.9194
-13.7824
-8.48005
-2.0418
5.47833
14.0093
23.4472
33.6516
44.4587
55.6945
67.1701
78.6845
90.0258
100.969
111.3
120.845
129.44
136.936
143.219
148.211
151.876
154.212
155.221
154.938
153.433
150.77
147.023
142.27
136.58
130.019
122.629
114.475
105.595
95.9999
85.7529
74.8853
63.4198
51.4153
38.9434
26.0573
12.8539
-0.517529
-13.9355
-27.1823
-40.0253
-52.1254
-63.5594
-74.4406
-84.602
-94.0729
-102.904
-111.208
-119.164
-127.007
-135.017
-143.501
-152.769
-163.079
-174.603
-187.355
-201.143
-215.55
70.87
70.2582
69.8988
70.2193
71.2772
73.0385
75.3271
77.9164
80.5459
82.9423
84.8546
86.0869
86.518
86.0982
84.8452
82.8707
80.1554
76.7959
73.2332
69.4462
65.4588
61.6132
58.0168
54.7732
51.9619
49.6173
47.7731
46.4446
45.6187
45.2747
45.3923
45.9272
46.8244
48.0417
49.5187
51.1934
53.0111
54.9182
56.8606
58.7877
60.6573
62.4306
64.0679
65.5431
66.8352
67.9274
68.8059
69.4617
69.8977
70.119
70.129
69.9346
69.5487
68.9911
68.2835
67.4436
66.4872
65.4341
64.3078
63.1264
61.9107
60.6796
59.4433
58.2175
57.0268
55.8919
54.8203
53.8153
52.8773
52.0062
51.2015
50.4606
49.7773
49.1439
48.5531
47.9964
47.4614
46.9339
46.3992
45.8419
45.2429
44.5802
43.8314
42.974
41.9886
40.8622
39.5895
38.1762
36.639
35.0045
33.3071
31.5719
29.8405
27.9926
26.0225
24.0257
21.9628
20.0704
18.7342
18.3633
)
;
    }
    Left
    {
        type            calculated;
        value           nonuniform List<scalar> 
100
(
70.833
71.3086
71.4229
71.2036
70.5145
69.3715
67.7918
65.7972
63.3828
60.5271
57.2072
53.4087
49.1265
44.3601
39.1195
33.424
27.3074
20.8191
14.0249
6.99925
-0.16849
-7.38499
-14.5473
-21.5439
-28.2704
-34.6244
-40.5077
-45.8324
-50.5251
-54.5283
-57.8031
-60.3247
-62.0867
-63.0954
-63.3729
-62.9555
-61.8916
-60.2369
-58.0474
-55.3861
-52.3189
-48.9236
-45.2871
-41.4906
-37.6096
-33.7121
-29.8579
-26.0978
-22.4706
-19.0048
-15.7174
-12.6183
-9.715
-7.01128
-4.50747
-2.21474
-0.174551
1.6193
3.26199
4.85662
6.45896
8.03614
9.48114
10.7869
12.0417
13.4661
15.1608
16.4101
17.2881
18.674
20.2386
21.6144
22.9356
24.2026
25.4144
26.5621
27.6308
28.6038
29.4681
30.2086
30.8051
31.2345
31.4743
31.5018
31.2972
30.8398
30.1128
29.1125
27.8434
26.3299
24.6225
22.7916
20.9456
19.217
17.7482
16.6685
16.0735
15.9684
16.2394
16.6418
)
;
    }
    Right
    {
        type            calculated;
        value           nonuniform List<scalar> 
100
(
18.2246
17.9942
16.8009
14.6256
11.5628
7.76656
3.43439
-1.2463
-6.11096
-11.0267
-15.8909
-20.639
-25.2288
-29.6398
-33.8676
-37.9142
-41.7864
-45.4934
-49.0456
-52.4541
-55.7294
-58.881
-61.9168
-64.8431
-67.6655
-70.3889
-73.0174
-75.5538
-77.9981
-80.3467
-82.5505
-84.6377
-87.0993
-89.5638
-91.403
-93.169
-95.1843
-97.1818
-98.9415
-100.519
-102.026
-103.492
-104.881
-106.112
-107.112
-107.834
-108.286
-108.499
-108.481
-108.234
-107.762
-107.072
-106.18
-105.115
-103.912
-102.62
-101.29
-99.966
-98.6973
-97.5484
-96.5953
-95.9183
-95.5801
-95.6331
-96.1343
-97.1319
-98.6671
-100.774
-103.474
-106.771
-110.657
-115.106
-120.073
-125.502
-131.319
-137.441
-143.781
-150.251
-156.754
-163.189
-169.492
-175.584
-181.402
-186.899
-192.032
-196.777
-201.115
-205.04
-208.551
-211.654
-214.367
-216.7
-218.67
-220.295
-221.577
-222.505
-223.059
-223.224
-223.024
-222.59
)
;
    }
    frontAndBack
    {
        type            empty;
    }
}

