/*--------------------------------*- C++ -*----------------------------------*\
  =========                 |
  \\      /  F ield         | OpenFOAM: The Open Source CFD Toolbox
   \\    /   O peration     | Website:  https://openfoam.org
    \\  /    A nd           | Version:  6
     \\/     M anipulation  |
\*---------------------------------------------------------------------------*/
FoamFile
{
    version     2.0;
    format      ascii;
    class       volScalarField;
    location    "0";
    object      T;
}
// * * * * * * * * * * * * * * * * * * * * * * * * * * * * * * * * * * * * * //

dimensions      [0 0 0 1 0 0 0];

internalField   nonuniform List<scalar> 
10000
(
299.063
299.089
299.114
299.138
299.161
299.183
299.203
299.222
299.24
299.257
299.273
299.287
299.301
299.314
299.326
299.338
299.348
299.358
299.368
299.377
299.386
299.394
299.401
299.409
299.416
299.422
299.428
299.434
299.44
299.445
299.45
299.454
299.458
299.462
299.465
299.469
299.471
299.474
299.476
299.478
299.48
299.482
299.483
299.484
299.485
299.486
299.486
299.487
299.487
299.487
299.488
299.488
299.488
299.488
299.488
299.488
299.488
299.488
299.488
299.488
299.489
299.489
299.489
299.49
299.49
299.49
299.491
299.492
299.493
299.493
299.494
299.496
299.497
299.499
299.5
299.502
299.505
299.508
299.511
299.515
299.52
299.526
299.533
299.542
299.553
299.566
299.583
299.605
299.632
299.667
299.713
299.772
299.849
299.949
300.077
300.24
300.443
300.689
300.974
301.287
299.063
299.09
299.116
299.14
299.163
299.185
299.206
299.225
299.243
299.26
299.276
299.29
299.304
299.317
299.329
299.34
299.351
299.361
299.37
299.379
299.388
299.396
299.403
299.41
299.417
299.424
299.43
299.436
299.441
299.446
299.451
299.455
299.459
299.463
299.466
299.47
299.472
299.475
299.477
299.479
299.481
299.483
299.484
299.485
299.486
299.487
299.487
299.488
299.488
299.488
299.488
299.489
299.489
299.489
299.489
299.489
299.489
299.489
299.489
299.489
299.489
299.489
299.49
299.49
299.49
299.491
299.492
299.492
299.493
299.494
299.495
299.496
299.497
299.499
299.501
299.503
299.505
299.508
299.511
299.515
299.52
299.525
299.532
299.54
299.551
299.564
299.58
299.6
299.627
299.661
299.704
299.761
299.836
299.933
300.059
300.22
300.424
300.672
300.963
301.283
299.064
299.092
299.118
299.144
299.168
299.191
299.212
299.232
299.251
299.268
299.284
299.299
299.313
299.325
299.337
299.348
299.359
299.368
299.377
299.386
299.394
299.401
299.409
299.415
299.422
299.428
299.434
299.44
299.445
299.45
299.454
299.458
299.462
299.466
299.469
299.472
299.475
299.478
299.48
299.482
299.484
299.485
299.486
299.487
299.488
299.489
299.489
299.49
299.49
299.49
299.49
299.49
299.49
299.49
299.49
299.49
299.49
299.49
299.49
299.491
299.491
299.491
299.491
299.491
299.492
299.492
299.493
299.493
299.494
299.495
299.496
299.497
299.498
299.5
299.501
299.503
299.505
299.508
299.511
299.515
299.519
299.524
299.531
299.539
299.548
299.56
299.576
299.595
299.62
299.652
299.693
299.748
299.82
299.914
300.039
300.2
300.404
300.657
300.953
301.28
299.065
299.095
299.123
299.151
299.176
299.201
299.224
299.245
299.264
299.282
299.299
299.314
299.328
299.341
299.352
299.363
299.373
299.382
299.39
299.398
299.405
299.412
299.419
299.425
299.431
299.437
299.442
299.447
299.452
299.456
299.461
299.464
299.468
299.471
299.475
299.477
299.48
299.482
299.484
299.486
299.488
299.489
299.49
299.491
299.492
299.492
299.493
299.493
299.493
299.493
299.493
299.493
299.493
299.493
299.493
299.493
299.493
299.493
299.493
299.493
299.493
299.493
299.493
299.493
299.494
299.494
299.494
299.495
299.496
299.496
299.497
299.498
299.499
299.501
299.502
299.504
299.506
299.509
299.512
299.515
299.519
299.524
299.53
299.537
299.546
299.557
299.572
299.59
299.613
299.643
299.683
299.736
299.806
299.9
300.023
300.185
300.392
300.647
300.947
301.278
299.066
299.098
299.13
299.159
299.188
299.214
299.239
299.262
299.283
299.302
299.32
299.336
299.35
299.363
299.374
299.385
299.394
299.402
299.41
299.417
299.423
299.429
299.435
299.44
299.445
299.45
299.455
299.459
299.463
299.467
299.47
299.474
299.477
299.48
299.482
299.485
299.487
299.489
299.491
299.492
299.494
299.495
299.496
299.496
299.497
299.497
299.498
299.498
299.498
299.498
299.498
299.498
299.497
299.497
299.497
299.497
299.497
299.496
299.496
299.496
299.496
299.496
299.496
299.496
299.496
299.497
299.497
299.497
299.498
299.499
299.499
299.5
299.501
299.503
299.504
299.506
299.508
299.51
299.512
299.516
299.519
299.524
299.529
299.536
299.544
299.555
299.568
299.585
299.608
299.637
299.676
299.728
299.797
299.89
300.014
300.177
300.386
300.644
300.946
301.278
299.068
299.103
299.137
299.17
299.202
299.231
299.259
299.284
299.307
299.328
299.347
299.363
299.378
299.391
299.403
299.413
299.422
299.43
299.436
299.442
299.447
299.452
299.457
299.461
299.465
299.469
299.472
299.475
299.478
299.481
299.484
299.486
299.489
299.491
299.493
299.495
299.497
299.498
299.499
299.501
299.501
299.502
299.503
299.503
299.504
299.504
299.504
299.504
299.504
299.504
299.503
299.503
299.503
299.502
299.502
299.501
299.501
299.501
299.5
299.5
299.5
299.5
299.5
299.5
299.5
299.5
299.5
299.5
299.501
299.501
299.502
299.503
299.504
299.505
299.506
299.508
299.51
299.512
299.514
299.517
299.52
299.524
299.529
299.536
299.543
299.553
299.566
299.583
299.604
299.633
299.671
299.723
299.792
299.886
300.011
300.176
300.386
300.646
300.948
301.279
299.07
299.108
299.146
299.183
299.218
299.25
299.281
299.309
299.334
299.357
299.377
299.395
299.411
299.425
299.436
299.446
299.455
299.462
299.468
299.473
299.477
299.481
299.484
299.487
299.489
299.492
299.494
299.496
299.498
299.499
299.501
299.502
299.504
299.505
299.506
299.508
299.509
299.509
299.51
299.511
299.511
299.512
299.512
299.512
299.512
299.512
299.512
299.511
299.511
299.51
299.51
299.509
299.509
299.508
299.508
299.507
299.506
299.506
299.505
299.505
299.505
299.504
299.504
299.504
299.504
299.504
299.504
299.504
299.505
299.505
299.506
299.506
299.507
299.508
299.509
299.511
299.512
299.514
299.516
299.519
299.522
299.526
299.53
299.536
299.544
299.553
299.565
299.581
299.602
299.631
299.669
299.721
299.791
299.886
300.013
300.179
300.391
300.651
300.953
301.281
299.071
299.114
299.156
299.197
299.235
299.271
299.305
299.335
299.363
299.388
299.41
299.43
299.447
299.461
299.473
299.483
299.492
299.498
299.504
299.508
299.511
299.513
299.515
299.516
299.518
299.519
299.519
299.52
299.52
299.521
299.521
299.522
299.522
299.522
299.523
299.523
299.523
299.523
299.523
299.523
299.523
299.523
299.523
299.522
299.522
299.521
299.521
299.52
299.519
299.519
299.518
299.517
299.516
299.515
299.514
299.514
299.513
299.512
299.511
299.511
299.51
299.51
299.509
299.509
299.509
299.509
299.509
299.509
299.509
299.509
299.51
299.51
299.511
299.512
299.513
299.514
299.516
299.517
299.519
299.522
299.524
299.528
299.532
299.538
299.545
299.554
299.565
299.581
299.602
299.631
299.669
299.722
299.793
299.89
300.018
300.186
300.399
300.659
300.959
301.284
299.074
299.12
299.166
299.211
299.253
299.293
299.329
299.363
299.394
299.421
299.445
299.466
299.484
299.499
299.512
299.522
299.531
299.537
299.542
299.545
299.547
299.549
299.549
299.549
299.549
299.549
299.548
299.547
299.546
299.546
299.545
299.544
299.543
299.542
299.541
299.541
299.54
299.539
299.538
299.538
299.537
299.536
299.535
299.534
299.533
299.532
299.531
299.53
299.529
299.528
299.527
299.526
299.524
299.523
299.522
299.521
299.52
299.519
299.518
299.518
299.517
299.516
299.516
299.515
299.515
299.514
299.514
299.514
299.514
299.514
299.515
299.515
299.516
299.516
299.517
299.518
299.52
299.521
299.523
299.525
299.528
299.531
299.535
299.54
299.547
299.555
299.567
299.583
299.604
299.632
299.672
299.725
299.798
299.896
300.026
300.196
300.41
300.669
300.966
301.286
299.076
299.127
299.177
299.225
299.271
299.314
299.354
299.391
299.424
299.454
299.48
299.503
299.522
299.538
299.551
299.562
299.57
299.577
299.581
299.584
299.585
299.586
299.585
299.584
299.583
299.581
299.579
299.577
299.575
299.572
299.57
299.568
299.566
299.564
299.562
299.56
299.559
299.557
299.555
299.554
299.552
299.551
299.549
299.547
299.546
299.544
299.543
299.541
299.54
299.538
299.537
299.535
299.534
299.532
299.531
299.53
299.528
299.527
299.526
299.525
299.524
299.523
299.522
299.522
299.521
299.521
299.52
299.52
299.52
299.52
299.52
299.521
299.521
299.522
299.522
299.523
299.524
299.526
299.527
299.529
299.531
299.534
299.538
299.543
299.549
299.558
299.569
299.585
299.606
299.635
299.675
299.73
299.804
299.903
300.035
300.207
300.421
300.68
300.974
301.289
299.078
299.133
299.187
299.239
299.289
299.336
299.379
299.419
299.455
299.487
299.515
299.539
299.559
299.576
299.59
299.602
299.61
299.616
299.621
299.623
299.624
299.623
299.622
299.62
299.617
299.614
299.611
299.608
299.604
299.601
299.597
299.594
299.591
299.588
299.584
299.582
299.579
299.576
299.574
299.571
299.569
299.566
299.564
299.562
299.56
299.558
299.556
299.554
299.552
299.55
299.548
299.546
299.544
299.542
299.541
299.539
299.537
299.536
299.535
299.533
299.532
299.531
299.53
299.529
299.528
299.528
299.527
299.527
299.527
299.527
299.527
299.527
299.527
299.527
299.528
299.529
299.53
299.531
299.532
299.534
299.536
299.539
299.542
299.547
299.553
299.561
299.573
299.588
299.61
299.639
299.68
299.735
299.811
299.912
300.046
300.218
300.434
300.69
300.981
301.292
299.08
299.139
299.197
299.253
299.307
299.357
299.404
299.446
299.485
299.519
299.548
299.574
299.596
299.614
299.629
299.64
299.649
299.655
299.659
299.661
299.662
299.66
299.658
299.655
299.652
299.648
299.643
299.639
299.634
299.63
299.625
299.62
299.616
299.612
299.608
299.604
299.6
299.596
299.593
299.59
299.586
299.583
299.58
299.578
299.575
299.572
299.569
299.567
299.564
299.562
299.56
299.557
299.555
299.553
299.551
299.549
299.547
299.545
299.544
299.542
299.541
299.54
299.538
299.537
299.536
299.536
299.535
299.534
299.534
299.534
299.533
299.533
299.534
299.534
299.534
299.535
299.536
299.537
299.538
299.539
299.541
299.544
299.547
299.552
299.557
299.566
299.577
299.592
299.614
299.644
299.685
299.742
299.819
299.922
300.057
300.231
300.446
300.701
300.989
301.295
299.082
299.145
299.207
299.267
299.324
299.378
299.427
299.473
299.514
299.55
299.581
299.608
299.631
299.65
299.665
299.677
299.686
299.692
299.696
299.698
299.698
299.696
299.694
299.69
299.685
299.68
299.675
299.67
299.664
299.658
299.653
299.647
299.642
299.636
299.631
299.626
299.622
299.617
299.613
299.609
299.605
299.601
299.597
299.594
299.59
299.587
299.584
299.581
299.578
299.575
299.572
299.569
299.567
299.564
299.562
299.56
299.558
299.556
299.554
299.552
299.55
299.549
299.547
299.546
299.545
299.544
299.543
299.542
299.542
299.541
299.541
299.541
299.541
299.541
299.541
299.541
299.542
299.543
299.544
299.545
299.547
299.549
299.552
299.557
299.562
299.57
299.581
299.597
299.619
299.649
299.691
299.749
299.827
299.932
300.069
300.243
300.458
300.712
300.996
301.297
299.084
299.151
299.217
299.28
299.341
299.398
299.451
299.499
299.542
299.58
299.613
299.641
299.665
299.685
299.7
299.712
299.721
299.727
299.731
299.732
299.732
299.73
299.727
299.722
299.717
299.712
299.705
299.699
299.693
299.686
299.679
299.673
299.667
299.661
299.655
299.649
299.643
299.638
299.633
299.628
299.623
299.619
299.615
299.61
299.606
299.603
299.599
299.595
299.592
299.588
299.585
299.582
299.579
299.576
299.574
299.571
299.568
299.566
299.564
299.562
299.56
299.558
299.557
299.555
299.554
299.553
299.552
299.551
299.55
299.549
299.549
299.549
299.548
299.548
299.548
299.549
299.549
299.55
299.551
299.552
299.553
299.555
299.558
299.562
299.568
299.576
299.587
299.602
299.624
299.655
299.698
299.757
299.836
299.942
300.08
300.256
300.47
300.722
301.003
301.3
299.086
299.157
299.226
299.293
299.357
299.418
299.473
299.523
299.569
299.609
299.643
299.673
299.697
299.717
299.733
299.746
299.754
299.76
299.764
299.765
299.764
299.762
299.758
299.753
299.747
299.741
299.734
299.727
299.72
299.712
299.705
299.698
299.691
299.684
299.677
299.671
299.665
299.659
299.653
299.647
299.642
299.637
299.632
299.627
299.623
299.618
299.614
299.61
299.606
299.602
299.598
299.595
299.592
299.588
299.585
299.582
299.58
299.577
299.575
299.572
299.57
299.568
299.566
299.565
299.563
299.562
299.561
299.56
299.559
299.558
299.557
299.557
299.556
299.556
299.556
299.556
299.557
299.557
299.558
299.559
299.56
299.562
299.565
299.569
299.574
299.582
299.593
299.608
299.63
299.662
299.705
299.765
299.846
299.953
300.092
300.268
300.482
300.732
301.01
301.302
299.087
299.162
299.235
299.306
299.373
299.436
299.495
299.548
299.595
299.636
299.672
299.703
299.728
299.748
299.764
299.777
299.785
299.791
299.794
299.795
299.793
299.79
299.786
299.781
299.774
299.767
299.76
299.752
299.745
299.737
299.729
299.721
299.713
299.706
299.699
299.692
299.685
299.678
299.672
299.666
299.66
299.654
299.649
299.644
299.638
299.634
299.629
299.624
299.62
299.616
299.612
299.608
299.604
299.601
299.597
299.594
299.591
299.588
299.586
299.583
299.581
299.578
299.576
299.575
299.573
299.571
299.57
299.569
299.568
299.567
299.566
299.565
299.565
299.565
299.564
299.564
299.565
299.565
299.565
299.566
299.567
299.569
299.572
299.575
299.58
299.588
299.599
299.615
299.637
299.669
299.713
299.773
299.855
299.963
300.103
300.28
300.493
300.741
301.016
301.304
299.089
299.167
299.244
299.318
299.389
299.455
299.516
299.571
299.62
299.663
299.7
299.731
299.757
299.777
299.793
299.805
299.814
299.819
299.821
299.822
299.82
299.816
299.812
299.806
299.799
299.792
299.784
299.776
299.767
299.759
299.751
299.743
299.734
299.727
299.719
299.711
299.704
299.697
299.69
299.684
299.677
299.671
299.665
299.659
299.654
299.649
299.644
299.639
299.634
299.629
299.625
299.621
299.617
299.613
299.609
299.606
299.603
299.6
299.597
299.594
299.591
299.589
299.587
299.585
299.583
299.581
299.58
299.578
299.577
299.576
299.575
299.575
299.574
299.573
299.573
299.573
299.573
299.573
299.573
299.574
299.575
299.576
299.579
299.582
299.587
299.595
299.606
299.621
299.644
299.676
299.721
299.782
299.864
299.974
300.115
300.291
300.504
300.75
301.022
301.306
299.091
299.173
299.253
299.33
299.404
299.473
299.536
299.593
299.644
299.688
299.726
299.758
299.784
299.805
299.82
299.832
299.84
299.844
299.846
299.846
299.844
299.84
299.834
299.828
299.821
299.813
299.805
299.796
299.788
299.779
299.77
299.762
299.753
299.745
299.737
299.729
299.722
299.714
299.707
299.7
299.693
299.687
299.681
299.675
299.669
299.663
299.658
299.653
299.648
299.643
299.638
299.634
299.629
299.625
299.621
299.618
299.614
299.611
299.608
299.605
299.602
299.6
299.597
299.595
299.593
299.591
299.59
299.588
299.587
299.586
299.585
299.584
299.583
299.582
299.582
299.582
299.581
299.581
299.582
299.582
299.583
299.584
299.586
299.59
299.595
299.602
299.613
299.628
299.651
299.684
299.729
299.791
299.874
299.984
300.126
300.302
300.515
300.759
301.027
301.308
299.093
299.178
299.261
299.342
299.418
299.49
299.555
299.615
299.667
299.712
299.751
299.783
299.809
299.83
299.845
299.856
299.863
299.867
299.869
299.867
299.864
299.86
299.854
299.847
299.84
299.832
299.823
299.815
299.806
299.797
299.788
299.779
299.77
299.762
299.754
299.746
299.738
299.73
299.723
299.715
299.708
299.702
299.695
299.689
299.683
299.677
299.671
299.666
299.661
299.656
299.651
299.646
299.642
299.637
299.633
299.629
299.626
299.622
299.619
299.616
299.613
299.61
299.608
299.606
299.604
299.602
299.6
299.598
299.597
299.596
299.594
299.593
299.593
299.592
299.591
299.591
299.59
299.59
299.59
299.59
299.591
299.592
299.594
299.597
299.602
299.609
299.62
299.636
299.659
299.692
299.737
299.8
299.884
299.995
300.137
300.313
300.525
300.767
301.033
301.31
299.094
299.183
299.269
299.353
299.432
299.506
299.574
299.635
299.689
299.735
299.775
299.807
299.833
299.853
299.868
299.878
299.885
299.888
299.888
299.886
299.883
299.878
299.871
299.864
299.856
299.848
299.839
299.83
299.821
299.812
299.803
299.794
299.785
299.777
299.768
299.76
299.752
299.744
299.737
299.729
299.722
299.715
299.709
299.702
299.696
299.69
299.684
299.678
299.673
299.668
299.663
299.658
299.653
299.649
299.645
299.641
299.637
299.633
299.63
299.627
299.624
299.621
299.619
299.616
299.614
299.612
299.61
299.608
299.607
299.606
299.604
299.603
299.602
299.601
299.601
299.6
299.6
299.599
299.599
299.599
299.6
299.601
299.602
299.605
299.61
299.617
299.628
299.644
299.667
299.7
299.746
299.809
299.894
300.005
300.148
300.324
300.535
300.775
301.038
301.312
299.096
299.187
299.277
299.363
299.446
299.522
299.592
299.655
299.71
299.757
299.797
299.829
299.855
299.874
299.889
299.898
299.904
299.906
299.905
299.903
299.899
299.893
299.886
299.879
299.87
299.862
299.853
299.844
299.835
299.825
299.816
299.807
299.799
299.79
299.781
299.773
299.765
299.757
299.75
299.742
299.735
299.728
299.721
299.715
299.708
299.702
299.696
299.69
299.685
299.68
299.674
299.67
299.665
299.66
299.656
299.652
299.648
299.645
299.641
299.638
299.635
299.632
299.629
299.627
299.625
299.622
299.621
299.619
299.617
299.616
299.614
299.613
299.612
299.611
299.61
299.61
299.609
299.608
299.608
299.608
299.608
299.609
299.611
299.614
299.618
299.625
299.636
299.652
299.675
299.709
299.755
299.819
299.904
300.016
300.159
300.335
300.544
300.783
301.043
301.313
299.097
299.192
299.284
299.374
299.458
299.537
299.609
299.673
299.729
299.777
299.817
299.85
299.875
299.894
299.907
299.916
299.92
299.922
299.921
299.917
299.912
299.906
299.899
299.891
299.882
299.873
299.864
299.855
299.846
299.837
299.828
299.819
299.81
299.801
299.793
299.785
299.777
299.769
299.761
299.754
299.746
299.739
299.733
299.726
299.72
299.713
299.707
299.702
299.696
299.691
299.686
299.681
299.676
299.671
299.667
299.663
299.659
299.655
299.652
299.649
299.646
299.643
299.64
299.638
299.635
299.633
299.631
299.629
299.628
299.626
299.625
299.624
299.622
299.621
299.62
299.619
299.619
299.618
299.617
299.617
299.617
299.618
299.619
299.622
299.627
299.634
299.644
299.661
299.684
299.717
299.764
299.828
299.914
300.027
300.169
300.345
300.554
300.791
301.048
301.315
299.099
299.196
299.291
299.383
299.471
299.552
299.625
299.691
299.748
299.797
299.837
299.869
299.893
299.912
299.924
299.932
299.935
299.936
299.934
299.929
299.924
299.917
299.909
299.901
299.892
299.883
299.874
299.865
299.855
299.846
299.837
299.828
299.82
299.811
299.803
299.795
299.787
299.779
299.771
299.764
299.757
299.75
299.743
299.737
299.73
299.724
299.718
299.712
299.707
299.701
299.696
299.691
299.687
299.682
299.678
299.674
299.67
299.666
299.663
299.66
299.656
299.654
299.651
299.648
299.646
299.644
299.642
299.64
299.638
299.637
299.635
299.634
299.633
299.632
299.63
299.629
299.629
299.628
299.627
299.627
299.627
299.627
299.628
299.631
299.635
299.642
299.653
299.669
299.693
299.726
299.774
299.838
299.924
300.037
300.18
300.356
300.563
300.798
301.052
301.317
299.1
299.2
299.298
299.393
299.482
299.565
299.641
299.708
299.766
299.815
299.855
299.886
299.91
299.928
299.939
299.946
299.948
299.948
299.945
299.94
299.933
299.926
299.918
299.909
299.9
299.891
299.882
299.873
299.864
299.855
299.846
299.837
299.828
299.82
299.812
299.804
299.796
299.788
299.781
299.773
299.766
299.76
299.753
299.746
299.74
299.734
299.728
299.723
299.717
299.712
299.707
299.702
299.697
299.693
299.689
299.685
299.681
299.677
299.674
299.67
299.667
299.664
299.662
299.659
299.657
299.655
299.653
299.651
299.649
299.648
299.646
299.645
299.643
299.642
299.641
299.64
299.639
299.638
299.637
299.636
299.636
299.636
299.637
299.64
299.644
299.651
299.662
299.678
299.702
299.736
299.783
299.848
299.935
300.048
300.191
300.366
300.572
300.805
301.057
301.318
299.102
299.204
299.305
299.402
299.493
299.578
299.655
299.723
299.782
299.831
299.871
299.903
299.926
299.942
299.953
299.958
299.96
299.958
299.954
299.949
299.942
299.934
299.926
299.917
299.908
299.898
299.889
299.88
299.871
299.862
299.853
299.844
299.836
299.828
299.82
299.812
299.804
299.797
299.789
299.782
299.775
299.769
299.762
299.756
299.75
299.744
299.738
299.732
299.727
299.722
299.717
299.712
299.708
299.703
299.699
299.695
299.691
299.688
299.685
299.681
299.678
299.676
299.673
299.67
299.668
299.666
299.664
299.662
299.66
299.659
299.657
299.656
299.654
299.653
299.651
299.65
299.649
299.648
299.647
299.646
299.646
299.646
299.647
299.649
299.653
299.66
299.671
299.687
299.711
299.745
299.793
299.858
299.945
300.059
300.202
300.376
300.581
300.812
301.061
301.32
299.103
299.208
299.311
299.41
299.504
299.591
299.669
299.738
299.798
299.847
299.887
299.918
299.94
299.956
299.965
299.97
299.97
299.968
299.963
299.957
299.949
299.941
299.932
299.923
299.914
299.905
299.895
299.886
299.877
299.868
299.86
299.851
299.843
299.835
299.827
299.819
299.812
299.805
299.798
299.791
299.784
299.777
299.771
299.765
299.759
299.753
299.748
299.742
299.737
299.732
299.727
299.723
299.718
299.714
299.71
299.706
299.702
299.699
299.696
299.692
299.69
299.687
299.684
299.682
299.679
299.677
299.675
299.673
299.672
299.67
299.668
299.667
299.665
299.664
299.662
299.661
299.659
299.658
299.657
299.656
299.655
299.655
299.656
299.658
299.663
299.669
299.68
299.697
299.721
299.755
299.803
299.869
299.956
300.069
300.212
300.386
300.59
300.819
301.066
301.321
299.104
299.211
299.317
299.418
299.514
299.602
299.682
299.752
299.812
299.861
299.901
299.931
299.953
299.968
299.976
299.98
299.979
299.976
299.971
299.964
299.956
299.947
299.938
299.929
299.92
299.91
299.901
299.892
299.883
299.875
299.866
299.858
299.85
299.842
299.834
299.827
299.82
299.812
299.806
299.799
299.792
299.786
299.78
299.774
299.768
299.763
299.757
299.752
299.747
299.742
299.737
299.733
299.729
299.725
299.721
299.717
299.713
299.71
299.707
299.704
299.701
299.698
299.696
299.693
299.691
299.689
299.687
299.685
299.683
299.681
299.68
299.678
299.677
299.675
299.673
299.672
299.67
299.669
299.667
299.666
299.666
299.665
299.666
299.668
299.672
299.679
299.69
299.706
299.73
299.765
299.813
299.879
299.967
300.08
300.223
300.396
300.598
300.826
301.07
301.323
299.105
299.215
299.322
299.425
299.523
299.613
299.694
299.765
299.825
299.875
299.914
299.944
299.965
299.979
299.987
299.989
299.988
299.984
299.978
299.97
299.962
299.953
299.944
299.935
299.925
299.916
299.907
299.898
299.889
299.881
299.872
299.864
299.856
299.849
299.841
299.834
299.827
299.82
299.814
299.807
299.801
299.795
299.789
299.783
299.778
299.772
299.767
299.762
299.757
299.752
299.748
299.744
299.74
299.736
299.732
299.728
299.725
299.722
299.718
299.716
299.713
299.71
299.708
299.705
299.703
299.701
299.699
299.697
299.695
299.693
299.692
299.69
299.688
299.687
299.685
299.683
299.681
299.68
299.678
299.677
299.676
299.676
299.676
299.678
299.682
299.689
299.699
299.716
299.74
299.775
299.824
299.89
299.978
300.091
300.233
300.406
300.607
300.832
301.074
301.324
299.106
299.218
299.327
299.433
299.532
299.623
299.705
299.777
299.838
299.888
299.927
299.956
299.977
299.989
299.996
299.998
299.996
299.991
299.985
299.977
299.968
299.959
299.95
299.94
299.931
299.921
299.912
299.904
299.895
299.887
299.879
299.871
299.863
299.856
299.849
299.842
299.835
299.828
299.822
299.816
299.81
299.804
299.798
299.793
299.787
299.782
299.777
299.772
299.768
299.763
299.759
299.755
299.751
299.747
299.743
299.74
299.737
299.733
299.731
299.728
299.725
299.722
299.72
299.718
299.716
299.713
299.711
299.71
299.708
299.706
299.704
299.702
299.7
299.698
299.697
299.695
299.693
299.691
299.689
299.688
299.687
299.686
299.686
299.688
299.692
299.699
299.709
299.726
299.75
299.785
299.834
299.901
299.989
300.102
300.244
300.416
300.616
300.839
301.078
301.326
299.107
299.221
299.332
299.439
299.54
299.633
299.716
299.789
299.85
299.899
299.938
299.967
299.987
299.999
300.005
300.006
300.004
299.998
299.991
299.983
299.974
299.965
299.955
299.946
299.936
299.927
299.918
299.91
299.901
299.893
299.885
299.878
299.87
299.863
299.856
299.849
299.843
299.837
299.83
299.825
299.819
299.813
299.808
299.802
299.797
299.792
299.788
299.783
299.779
299.774
299.77
299.766
299.762
299.759
299.755
299.752
299.749
299.746
299.743
299.74
299.738
299.735
299.733
299.731
299.728
299.726
299.724
299.722
299.72
299.719
299.717
299.715
299.713
299.711
299.709
299.707
299.705
299.702
299.701
299.699
299.697
299.697
299.697
299.698
299.702
299.709
299.719
299.736
299.761
299.796
299.845
299.912
300
300.113
300.255
300.426
300.624
300.846
301.083
301.327
299.108
299.223
299.337
299.446
299.548
299.642
299.726
299.799
299.861
299.91
299.949
299.978
299.997
300.008
300.014
300.014
300.011
300.005
299.998
299.99
299.981
299.971
299.961
299.952
299.943
299.933
299.925
299.916
299.908
299.9
299.892
299.885
299.878
299.871
299.864
299.858
299.852
299.846
299.84
299.834
299.829
299.823
299.818
299.813
299.808
299.803
299.799
299.794
299.79
299.786
299.782
299.778
299.775
299.771
299.768
299.765
299.762
299.759
299.756
299.753
299.751
299.749
299.746
299.744
299.742
299.74
299.738
299.736
299.734
299.732
299.73
299.728
299.726
299.723
299.721
299.719
299.717
299.714
299.712
299.71
299.709
299.708
299.708
299.709
299.712
299.719
299.73
299.747
299.771
299.807
299.856
299.923
300.011
300.124
300.265
300.435
300.633
300.852
301.087
301.328
299.109
299.226
299.341
299.452
299.555
299.651
299.736
299.809
299.871
299.921
299.959
299.987
300.006
300.017
300.022
300.022
300.019
300.013
300.005
299.997
299.987
299.978
299.968
299.959
299.949
299.94
299.932
299.923
299.915
299.907
299.9
299.893
299.886
299.879
299.873
299.867
299.861
299.855
299.85
299.844
299.839
299.834
299.829
299.824
299.82
299.815
299.811
299.807
299.802
299.799
299.795
299.791
299.788
299.784
299.781
299.778
299.775
299.772
299.77
299.767
299.765
299.762
299.76
299.758
299.756
299.754
299.752
299.749
299.747
299.745
299.743
299.741
299.739
299.736
299.734
299.731
299.729
299.726
299.724
299.722
299.72
299.719
299.719
299.72
299.723
299.73
299.74
299.757
299.782
299.817
299.867
299.934
300.022
300.135
300.276
300.445
300.641
300.858
301.091
301.33
299.11
299.229
299.345
299.457
299.562
299.659
299.745
299.819
299.881
299.931
299.969
299.997
300.015
300.026
300.03
300.03
300.026
300.02
300.013
300.004
299.994
299.985
299.975
299.966
299.957
299.948
299.939
299.931
299.923
299.916
299.909
299.902
299.895
299.889
299.883
299.877
299.871
299.866
299.86
299.855
299.85
299.845
299.841
299.836
299.832
299.827
299.823
299.819
299.815
299.812
299.808
299.805
299.801
299.798
299.795
299.792
299.789
299.787
299.784
299.781
299.779
299.777
299.774
299.772
299.77
299.768
299.766
299.764
299.762
299.759
299.757
299.755
299.752
299.75
299.747
299.744
299.742
299.739
299.736
299.734
299.732
299.73
299.73
299.731
299.734
299.74
299.751
299.768
299.793
299.828
299.878
299.945
300.033
300.146
300.287
300.455
300.649
300.865
301.095
301.331
299.111
299.231
299.349
299.463
299.569
299.667
299.753
299.828
299.89
299.94
299.978
300.006
300.024
300.034
300.039
300.038
300.034
300.028
300.02
300.012
300.002
299.993
299.983
299.974
299.965
299.956
299.947
299.94
299.932
299.925
299.918
299.911
299.905
299.899
299.893
299.887
299.882
299.877
299.872
299.867
299.862
299.858
299.853
299.849
299.845
299.841
299.837
299.833
299.829
299.826
299.822
299.819
299.816
299.813
299.81
299.807
299.804
299.801
299.799
299.796
299.794
299.792
299.789
299.787
299.785
299.783
299.781
299.778
299.776
299.774
299.771
299.769
299.766
299.763
299.761
299.758
299.755
299.752
299.749
299.746
299.744
299.742
299.741
299.742
299.745
299.751
299.762
299.779
299.804
299.839
299.889
299.956
300.045
300.157
300.297
300.465
300.657
300.871
301.098
301.332
299.111
299.233
299.353
299.468
299.576
299.674
299.761
299.837
299.899
299.949
299.987
300.015
300.033
300.043
300.047
300.047
300.043
300.037
300.029
300.02
300.01
300.001
299.991
299.982
299.973
299.965
299.957
299.949
299.942
299.935
299.928
299.922
299.916
299.91
299.904
299.899
299.894
299.889
299.884
299.88
299.875
299.871
299.867
299.862
299.858
299.855
299.851
299.847
299.844
299.84
299.837
299.834
299.831
299.828
299.825
299.822
299.819
299.817
299.814
299.812
299.81
299.807
299.805
299.803
299.8
299.798
299.796
299.793
299.791
299.789
299.786
299.783
299.78
299.778
299.775
299.771
299.768
299.765
299.762
299.759
299.756
299.754
299.753
299.754
299.756
299.763
299.773
299.79
299.815
299.851
299.9
299.968
300.056
300.169
300.308
300.474
300.665
300.877
301.102
301.334
299.112
299.236
299.357
299.473
299.582
299.681
299.769
299.845
299.908
299.958
299.996
300.023
300.041
300.052
300.056
300.055
300.052
300.045
300.038
300.029
300.019
300.01
300.001
299.992
299.983
299.975
299.967
299.959
299.952
299.945
299.939
299.933
299.927
299.922
299.917
299.911
299.907
299.902
299.897
299.893
299.889
299.885
299.881
299.877
299.873
299.869
299.866
299.862
299.859
299.856
299.852
299.849
299.846
299.844
299.841
299.838
299.835
299.833
299.83
299.828
299.826
299.823
299.821
299.819
299.816
299.814
299.811
299.809
299.806
299.804
299.801
299.798
299.795
299.792
299.789
299.785
299.782
299.778
299.775
299.772
299.769
299.766
299.765
299.765
299.768
299.774
299.784
299.801
299.826
299.862
299.912
299.979
300.067
300.18
300.318
300.484
300.673
300.883
301.106
301.335
299.113
299.238
299.36
299.478
299.588
299.688
299.777
299.853
299.916
299.967
300.005
300.032
300.05
300.061
300.065
300.065
300.061
300.055
300.047
300.038
300.029
300.02
300.011
300.002
299.993
299.985
299.977
299.97
299.963
299.957
299.951
299.945
299.94
299.934
299.929
299.925
299.92
299.916
299.911
299.907
299.903
299.899
299.896
299.892
299.888
299.885
299.881
299.878
299.875
299.872
299.869
299.866
299.863
299.86
299.857
299.855
299.852
299.849
299.847
299.845
299.842
299.84
299.837
299.835
299.832
299.83
299.827
299.825
299.822
299.819
299.816
299.813
299.81
299.807
299.803
299.8
299.796
299.792
299.788
299.785
299.782
299.779
299.778
299.778
299.78
299.786
299.796
299.812
299.837
299.873
299.923
299.99
300.079
300.191
300.329
300.493
300.681
300.889
301.11
301.336
299.113
299.24
299.364
299.482
299.594
299.695
299.784
299.861
299.925
299.975
300.014
300.041
300.059
300.07
300.074
300.074
300.07
300.064
300.057
300.048
300.039
300.03
300.021
300.012
300.004
299.996
299.989
299.982
299.975
299.969
299.964
299.958
299.953
299.948
299.943
299.939
299.934
299.93
299.926
299.922
299.918
299.915
299.911
299.908
299.904
299.901
299.898
299.894
299.891
299.888
299.885
299.882
299.88
299.877
299.874
299.872
299.869
299.867
299.864
299.862
299.859
299.857
299.854
299.852
299.849
299.846
299.844
299.841
299.838
299.835
299.832
299.829
299.825
299.822
299.818
299.814
299.81
299.806
299.802
299.798
299.795
299.792
299.79
299.79
299.792
299.797
299.807
299.824
299.849
299.885
299.935
300.002
300.09
300.202
300.339
300.502
300.689
300.895
301.113
301.337
299.114
299.242
299.367
299.487
299.599
299.702
299.792
299.869
299.933
299.984
300.022
300.05
300.068
300.079
300.084
300.084
300.08
300.075
300.067
300.059
300.05
300.041
300.032
300.024
300.016
300.008
300.001
299.995
299.988
299.983
299.977
299.972
299.967
299.962
299.958
299.954
299.949
299.946
299.942
299.938
299.934
299.931
299.927
299.924
299.921
299.918
299.914
299.911
299.908
299.905
299.903
299.9
299.897
299.894
299.892
299.889
299.886
299.884
299.881
299.879
299.876
299.874
299.871
299.869
299.866
299.863
299.86
299.857
299.855
299.851
299.848
299.845
299.841
299.837
299.833
299.829
299.825
299.821
299.816
299.812
299.808
299.805
299.803
299.802
299.804
299.809
299.819
299.835
299.86
299.896
299.946
300.013
300.101
300.213
300.349
300.512
300.697
300.901
301.117
301.339
299.115
299.244
299.371
299.492
299.605
299.708
299.799
299.877
299.942
299.993
300.031
300.059
300.078
300.089
300.094
300.094
300.091
300.085
300.078
300.07
300.061
300.053
300.044
300.036
300.028
300.021
300.014
300.008
300.002
299.996
299.991
299.986
299.982
299.977
299.973
299.969
299.965
299.961
299.958
299.954
299.951
299.948
299.944
299.941
299.938
299.935
299.932
299.929
299.926
299.923
299.92
299.918
299.915
299.912
299.91
299.907
299.904
299.902
299.899
299.896
299.894
299.891
299.888
299.886
299.883
299.88
299.877
299.874
299.871
299.868
299.864
299.861
299.857
299.853
299.849
299.844
299.84
299.835
299.83
299.826
299.822
299.818
299.816
299.815
299.816
299.821
299.831
299.847
299.872
299.908
299.957
300.025
300.112
300.223
300.359
300.521
300.705
300.907
301.121
301.34
299.116
299.246
299.374
299.497
299.611
299.715
299.807
299.885
299.95
300.001
300.04
300.069
300.087
300.099
300.104
300.104
300.102
300.096
300.089
300.082
300.073
300.065
300.057
300.049
300.042
300.034
300.028
300.022
300.016
300.011
300.006
300.001
299.997
299.993
299.989
299.985
299.982
299.978
299.975
299.971
299.968
299.965
299.962
299.959
299.956
299.953
299.95
299.947
299.944
299.941
299.939
299.936
299.933
299.93
299.928
299.925
299.922
299.92
299.917
299.914
299.912
299.909
299.906
299.903
299.9
299.897
299.894
299.891
299.888
299.885
299.881
299.877
299.873
299.869
299.864
299.86
299.855
299.85
299.845
299.84
299.836
299.832
299.829
299.828
299.829
299.834
299.843
299.859
299.883
299.919
299.969
300.036
300.123
300.234
300.37
300.53
300.712
300.912
301.124
301.341
299.116
299.248
299.378
299.502
299.617
299.722
299.815
299.894
299.959
300.01
300.05
300.078
300.097
300.109
300.114
300.115
300.113
300.108
300.101
300.094
300.086
300.078
300.07
300.062
300.055
300.048
300.042
300.036
300.031
300.026
300.021
300.017
300.013
300.009
300.005
300.002
299.999
299.995
299.992
299.989
299.986
299.983
299.98
299.977
299.974
299.971
299.968
299.965
299.963
299.96
299.957
299.954
299.952
299.949
299.946
299.943
299.941
299.938
299.935
299.932
299.93
299.927
299.924
299.921
299.918
299.915
299.912
299.909
299.905
299.901
299.898
299.894
299.889
299.885
299.88
299.875
299.87
299.865
299.86
299.855
299.85
299.845
299.842
299.841
299.842
299.846
299.855
299.871
299.895
299.931
299.98
300.047
300.135
300.245
300.38
300.539
300.72
300.918
301.128
301.342
299.117
299.251
299.381
299.506
299.623
299.729
299.822
299.902
299.968
300.02
300.059
300.088
300.108
300.119
300.125
300.126
300.124
300.12
300.114
300.106
300.099
300.091
300.084
300.076
300.069
300.063
300.057
300.052
300.047
300.042
300.037
300.033
300.03
300.026
300.022
300.019
300.016
300.013
300.01
300.007
300.004
300.001
299.998
299.995
299.993
299.99
299.987
299.984
299.981
299.979
299.976
299.973
299.97
299.967
299.965
299.962
299.959
299.956
299.954
299.951
299.948
299.945
299.942
299.939
299.936
299.933
299.929
299.926
299.922
299.919
299.915
299.91
299.906
299.901
299.896
299.891
299.886
299.88
299.875
299.869
299.864
299.859
299.856
299.854
299.854
299.858
299.867
299.883
299.907
299.942
299.992
300.059
300.146
300.255
300.389
300.547
300.727
300.923
301.131
301.343
299.118
299.253
299.385
299.512
299.63
299.737
299.831
299.911
299.977
300.029
300.069
300.098
300.118
300.13
300.136
300.138
300.136
300.132
300.126
300.119
300.112
300.105
300.098
300.091
300.084
300.078
300.072
300.067
300.062
300.058
300.054
300.05
300.047
300.043
300.04
300.037
300.034
300.031
300.028
300.025
300.022
300.02
300.017
300.014
300.011
300.009
300.006
300.003
300
299.998
299.995
299.992
299.989
299.986
299.984
299.981
299.978
299.975
299.972
299.969
299.966
299.963
299.96
299.957
299.954
299.951
299.947
299.943
299.94
299.936
299.932
299.927
299.923
299.918
299.912
299.907
299.901
299.895
299.89
299.884
299.878
299.873
299.869
299.867
299.867
299.871
299.879
299.895
299.919
299.954
300.003
300.07
300.156
300.266
300.399
300.556
300.734
300.929
301.134
301.344
299.119
299.255
299.389
299.517
299.636
299.744
299.839
299.92
299.986
300.039
300.08
300.109
300.129
300.141
300.148
300.15
300.148
300.145
300.139
300.133
300.126
300.119
300.112
300.106
300.099
300.094
300.088
300.083
300.079
300.075
300.071
300.067
300.064
300.061
300.058
300.055
300.052
300.049
300.047
300.044
300.041
300.039
300.036
300.033
300.031
300.028
300.025
300.022
300.02
300.017
300.014
300.011
300.008
300.006
300.003
300
299.997
299.994
299.991
299.988
299.985
299.982
299.979
299.975
299.972
299.969
299.965
299.961
299.957
299.953
299.949
299.944
299.939
299.934
299.929
299.923
299.917
299.911
299.905
299.898
299.893
299.887
299.883
299.88
299.88
299.883
299.892
299.907
299.93
299.965
300.014
300.081
300.167
300.276
300.409
300.564
300.741
300.934
301.137
301.345
299.119
299.257
299.393
299.522
299.643
299.752
299.848
299.929
299.996
300.05
300.09
300.12
300.14
300.153
300.16
300.162
300.161
300.158
300.153
300.147
300.14
300.133
300.127
300.121
300.115
300.11
300.105
300.1
300.096
300.092
300.088
300.085
300.082
300.079
300.076
300.073
300.071
300.068
300.066
300.063
300.061
300.058
300.055
300.053
300.05
300.047
300.045
300.042
300.039
300.036
300.034
300.031
300.028
300.025
300.022
300.019
300.016
300.013
300.01
300.007
300.004
300
299.997
299.994
299.99
299.987
299.983
299.979
299.975
299.971
299.966
299.961
299.956
299.951
299.945
299.939
299.933
299.926
299.92
299.913
299.907
299.901
299.897
299.894
299.893
299.896
299.904
299.918
299.942
299.977
300.026
300.092
300.178
300.286
300.418
300.573
300.748
300.939
301.141
301.347
299.12
299.26
299.397
299.528
299.65
299.76
299.857
299.939
300.007
300.06
300.101
300.131
300.152
300.165
300.172
300.175
300.174
300.171
300.166
300.161
300.155
300.148
300.142
300.136
300.131
300.126
300.121
300.117
300.113
300.109
300.106
300.103
300.1
300.097
300.095
300.092
300.09
300.087
300.085
300.083
300.08
300.078
300.075
300.072
300.07
300.067
300.064
300.062
300.059
300.056
300.053
300.05
300.047
300.044
300.041
300.038
300.035
300.032
300.029
300.026
300.023
300.019
300.016
300.012
300.009
300.005
300.001
299.997
299.993
299.988
299.983
299.978
299.973
299.968
299.962
299.955
299.949
299.942
299.935
299.928
299.921
299.915
299.91
299.907
299.906
299.908
299.916
299.93
299.954
299.988
300.037
300.103
300.188
300.296
300.427
300.581
300.755
300.944
301.144
301.348
299.121
299.262
299.401
299.533
299.657
299.768
299.866
299.949
300.017
300.071
300.113
300.143
300.164
300.177
300.184
300.187
300.187
300.185
300.18
300.175
300.17
300.164
300.158
300.152
300.147
300.143
300.138
300.134
300.131
300.127
300.124
300.121
300.119
300.116
300.114
300.111
300.109
300.107
300.105
300.102
300.1
300.097
300.095
300.092
300.09
300.087
300.084
300.082
300.079
300.076
300.073
300.07
300.067
300.064
300.061
300.058
300.055
300.052
300.048
300.045
300.042
300.038
300.035
300.031
300.027
300.023
300.019
300.015
300.011
300.006
300.001
299.996
299.99
299.984
299.978
299.972
299.965
299.958
299.95
299.943
299.936
299.929
299.924
299.92
299.919
299.921
299.928
299.942
299.965
299.999
300.048
300.114
300.199
300.306
300.436
300.589
300.761
300.949
301.147
301.349
299.122
299.265
299.405
299.539
299.664
299.777
299.875
299.959
300.028
300.083
300.124
300.155
300.176
300.19
300.197
300.201
300.201
300.199
300.195
300.19
300.185
300.179
300.174
300.169
300.164
300.159
300.155
300.152
300.148
300.145
300.143
300.14
300.138
300.135
300.133
300.131
300.129
300.126
300.124
300.122
300.12
300.117
300.115
300.112
300.11
300.107
300.105
300.102
300.099
300.096
300.093
300.09
300.087
300.084
300.081
300.078
300.074
300.071
300.068
300.064
300.061
300.057
300.053
300.05
300.046
300.042
300.037
300.033
300.028
300.024
300.018
300.013
300.007
300.001
299.995
299.988
299.981
299.973
299.966
299.958
299.951
299.944
299.938
299.933
299.932
299.933
299.94
299.954
299.977
300.011
300.059
300.124
300.209
300.316
300.445
300.597
300.768
300.954
301.15
301.35
299.123
299.268
299.41
299.545
299.672
299.786
299.885
299.97
300.039
300.094
300.136
300.167
300.188
300.202
300.21
300.214
300.215
300.213
300.209
300.205
300.2
300.195
300.19
300.185
300.181
300.177
300.173
300.17
300.167
300.164
300.161
300.159
300.157
300.154
300.152
300.15
300.148
300.146
300.144
300.142
300.14
300.138
300.135
300.133
300.13
300.128
300.125
300.122
300.119
300.116
300.113
300.11
300.107
300.104
300.101
300.098
300.094
300.091
300.087
300.084
300.08
300.076
300.072
300.068
300.064
300.06
300.056
300.051
300.046
300.041
300.036
300.03
300.024
300.018
300.011
300.004
299.997
299.989
299.981
299.973
299.965
299.958
299.951
299.947
299.944
299.946
299.952
299.966
299.988
300.022
300.07
300.135
300.219
300.326
300.454
300.605
300.774
300.959
301.152
301.35
299.124
299.271
299.414
299.552
299.68
299.795
299.896
299.981
300.051
300.106
300.148
300.179
300.201
300.215
300.224
300.228
300.229
300.227
300.224
300.22
300.216
300.211
300.207
300.202
300.198
300.194
300.191
300.188
300.185
300.182
300.18
300.178
300.176
300.174
300.172
300.17
300.168
300.166
300.164
300.162
300.16
300.158
300.156
300.153
300.151
300.148
300.145
300.143
300.14
300.137
300.134
300.131
300.128
300.124
300.121
300.118
300.114
300.111
300.107
300.103
300.099
300.096
300.092
300.087
300.083
300.079
300.074
300.069
300.064
300.059
300.053
300.047
300.041
300.035
300.028
300.02
300.013
300.004
299.996
299.988
299.979
299.972
299.965
299.96
299.957
299.958
299.964
299.977
299.999
300.033
300.08
300.145
300.229
300.335
300.463
300.612
300.78
300.963
301.155
301.351
299.125
299.274
299.419
299.558
299.688
299.804
299.906
299.992
300.063
300.119
300.161
300.192
300.214
300.229
300.238
300.242
300.243
300.242
300.239
300.236
300.232
300.228
300.223
300.219
300.216
300.212
300.209
300.206
300.204
300.201
300.199
300.197
300.195
300.194
300.192
300.19
300.188
300.187
300.185
300.183
300.181
300.178
300.176
300.174
300.171
300.169
300.166
300.163
300.16
300.157
300.154
300.151
300.148
300.145
300.141
300.138
300.134
300.131
300.127
300.123
300.119
300.115
300.111
300.106
300.102
300.097
300.092
300.087
300.082
300.077
300.071
300.065
300.058
300.051
300.044
300.036
300.028
300.02
300.011
300.002
299.994
299.986
299.978
299.973
299.97
299.97
299.976
299.989
300.01
300.044
300.091
300.155
300.239
300.344
300.471
300.62
300.786
300.968
301.158
301.352
299.126
299.277
299.424
299.565
299.696
299.814
299.917
300.004
300.075
300.131
300.174
300.205
300.228
300.243
300.252
300.256
300.258
300.257
300.255
300.252
300.248
300.244
300.24
300.237
300.233
300.23
300.227
300.225
300.222
300.22
300.218
300.217
300.215
300.213
300.212
300.21
300.209
300.207
300.205
300.203
300.201
300.199
300.197
300.195
300.192
300.19
300.187
300.184
300.181
300.178
300.175
300.172
300.169
300.165
300.162
300.158
300.154
300.151
300.147
300.143
300.138
300.134
300.13
300.125
300.121
300.116
300.111
300.106
300.1
300.094
300.088
300.082
300.075
300.068
300.06
300.052
300.044
300.035
300.026
300.017
300.008
299.999
299.992
299.986
299.982
299.983
299.988
300
300.021
300.054
300.101
300.165
300.249
300.353
300.48
300.627
300.792
300.972
301.161
301.353
299.127
299.28
299.429
299.572
299.705
299.824
299.928
300.016
300.088
300.144
300.187
300.219
300.241
300.256
300.266
300.271
300.273
300.272
300.27
300.268
300.264
300.261
300.257
300.254
300.251
300.248
300.246
300.243
300.241
300.239
300.238
300.236
300.235
300.233
300.232
300.23
300.229
300.227
300.226
300.224
300.222
300.22
300.218
300.215
300.213
300.21
300.208
300.205
300.202
300.199
300.196
300.193
300.189
300.186
300.182
300.178
300.175
300.171
300.167
300.162
300.158
300.154
300.149
300.144
300.14
300.134
300.129
300.124
300.118
300.112
300.106
300.099
300.092
300.085
300.077
300.068
300.06
300.05
300.041
300.032
300.022
300.013
300.005
299.999
299.995
299.995
299.999
300.011
300.032
300.065
300.112
300.175
300.258
300.362
300.488
300.634
300.798
300.977
301.163
301.354
299.128
299.283
299.434
299.579
299.714
299.835
299.94
300.029
300.1
300.157
300.201
300.232
300.255
300.271
300.28
300.285
300.288
300.288
300.286
300.284
300.281
300.278
300.275
300.272
300.269
300.266
300.264
300.262
300.26
300.259
300.257
300.256
300.255
300.253
300.252
300.251
300.249
300.248
300.246
300.244
300.243
300.241
300.238
300.236
300.234
300.231
300.229
300.226
300.223
300.22
300.217
300.213
300.21
300.206
300.203
300.199
300.195
300.191
300.187
300.182
300.178
300.173
300.168
300.163
300.158
300.153
300.148
300.142
300.136
300.13
300.123
300.116
300.109
300.101
300.093
300.084
300.075
300.066
300.056
300.046
300.036
300.027
300.018
300.011
300.007
300.006
300.011
300.022
300.043
300.075
300.122
300.185
300.268
300.371
300.496
300.641
300.804
300.981
301.166
301.355
299.129
299.286
299.44
299.587
299.723
299.845
299.952
300.041
300.113
300.171
300.214
300.246
300.269
300.285
300.295
300.3
300.303
300.303
300.302
300.3
300.298
300.295
300.292
300.289
300.287
300.285
300.283
300.281
300.279
300.278
300.277
300.276
300.274
300.273
300.272
300.271
300.27
300.268
300.267
300.265
300.263
300.261
300.259
300.257
300.255
300.252
300.25
300.247
300.244
300.241
300.238
300.234
300.231
300.227
300.223
300.219
300.215
300.211
300.207
300.202
300.198
300.193
300.188
300.183
300.177
300.172
300.166
300.16
300.154
300.147
300.14
300.133
300.125
300.117
300.109
300.1
300.09
300.08
300.07
300.06
300.05
300.04
300.031
300.024
300.019
300.018
300.022
300.033
300.054
300.086
300.132
300.195
300.277
300.38
300.504
300.648
300.81
300.985
301.168
301.356
299.13
299.289
299.445
299.594
299.732
299.856
299.964
300.054
300.127
300.184
300.228
300.26
300.283
300.299
300.309
300.315
300.318
300.319
300.318
300.316
300.314
300.312
300.309
300.307
300.305
300.303
300.301
300.3
300.299
300.297
300.296
300.295
300.294
300.293
300.292
300.291
300.29
300.289
300.287
300.286
300.284
300.282
300.28
300.278
300.276
300.273
300.271
300.268
300.265
300.262
300.259
300.255
300.252
300.248
300.244
300.24
300.236
300.231
300.227
300.222
300.217
300.212
300.207
300.201
300.196
300.19
300.184
300.178
300.171
300.164
300.157
300.15
300.142
300.133
300.124
300.115
300.105
300.095
300.085
300.074
300.063
300.053
300.044
300.036
300.031
300.03
300.033
300.044
300.064
300.096
300.142
300.204
300.286
300.388
300.512
300.655
300.816
300.989
301.171
301.357
299.131
299.293
299.451
299.602
299.742
299.867
299.976
300.067
300.14
300.198
300.242
300.274
300.298
300.314
300.324
300.331
300.334
300.335
300.334
300.333
300.331
300.329
300.327
300.325
300.323
300.322
300.32
300.319
300.318
300.317
300.316
300.315
300.314
300.313
300.313
300.312
300.31
300.309
300.308
300.306
300.305
300.303
300.301
300.299
300.297
300.294
300.292
300.289
300.286
300.283
300.28
300.276
300.273
300.269
300.265
300.26
300.256
300.252
300.247
300.242
300.237
300.232
300.226
300.22
300.215
300.208
300.202
300.195
300.189
300.181
300.174
300.166
300.158
300.149
300.14
300.13
300.12
300.11
300.099
300.088
300.077
300.066
300.057
300.048
300.043
300.041
300.044
300.055
300.074
300.106
300.151
300.214
300.295
300.397
300.52
300.662
300.821
300.993
301.174
301.358
299.132
299.296
299.457
299.61
299.752
299.879
299.988
300.08
300.153
300.212
300.256
300.289
300.312
300.329
300.339
300.346
300.349
300.351
300.351
300.35
300.348
300.346
300.345
300.343
300.341
300.34
300.339
300.338
300.337
300.336
300.335
300.335
300.334
300.333
300.333
300.332
300.331
300.33
300.328
300.327
300.326
300.324
300.322
300.32
300.318
300.315
300.313
300.31
300.307
300.304
300.301
300.297
300.293
300.289
300.285
300.281
300.276
300.272
300.267
300.262
300.256
300.251
300.245
300.239
300.233
300.227
300.22
300.213
300.206
300.198
300.191
300.182
300.174
300.165
300.155
300.145
300.135
300.124
300.113
300.101
300.09
300.079
300.069
300.06
300.054
300.052
300.055
300.065
300.085
300.116
300.161
300.223
300.304
300.405
300.527
300.669
300.827
300.998
301.176
301.358
299.134
299.3
299.463
299.618
299.762
299.89
300.001
300.093
300.167
300.225
300.27
300.303
300.327
300.343
300.354
300.361
300.365
300.366
300.367
300.366
300.365
300.364
300.362
300.361
300.359
300.358
300.357
300.357
300.356
300.355
300.355
300.354
300.354
300.353
300.353
300.352
300.351
300.35
300.349
300.348
300.346
300.345
300.343
300.341
300.339
300.336
300.334
300.331
300.328
300.325
300.321
300.318
300.314
300.31
300.306
300.301
300.296
300.292
300.286
300.281
300.276
300.27
300.264
300.258
300.251
300.244
300.238
300.23
300.223
300.215
300.207
300.198
300.189
300.18
300.17
300.16
300.149
300.138
300.126
300.114
300.103
300.091
300.081
300.072
300.066
300.063
300.066
300.076
300.095
300.126
300.171
300.232
300.313
300.414
300.535
300.675
300.832
301.002
301.179
301.359
299.135
299.304
299.469
299.627
299.772
299.902
300.013
300.106
300.181
300.239
300.284
300.317
300.341
300.358
300.369
300.376
300.38
300.382
300.383
300.383
300.382
300.381
300.38
300.379
300.378
300.377
300.376
300.375
300.375
300.374
300.374
300.374
300.373
300.373
300.372
300.372
300.371
300.37
300.369
300.368
300.367
300.365
300.363
300.361
300.359
300.357
300.354
300.352
300.349
300.345
300.342
300.338
300.334
300.33
300.326
300.321
300.316
300.311
300.306
300.3
300.295
300.289
300.282
300.276
300.269
300.262
300.255
300.247
300.239
300.231
300.223
300.214
300.204
300.195
300.184
300.174
300.163
300.151
300.139
300.127
300.115
300.103
300.093
300.084
300.077
300.074
300.076
300.086
300.105
300.135
300.18
300.242
300.322
300.422
300.543
300.682
300.838
301.006
301.181
301.36
299.136
299.307
299.475
299.635
299.783
299.914
300.026
300.119
300.195
300.253
300.298
300.332
300.356
300.373
300.384
300.392
300.396
300.398
300.399
300.399
300.399
300.398
300.397
300.396
300.396
300.395
300.394
300.394
300.394
300.393
300.393
300.393
300.393
300.393
300.392
300.392
300.391
300.39
300.389
300.388
300.387
300.385
300.384
300.382
300.38
300.378
300.375
300.372
300.369
300.366
300.362
300.359
300.355
300.35
300.346
300.341
300.336
300.331
300.325
300.319
300.313
300.307
300.3
300.294
300.286
300.279
300.272
300.264
300.255
300.247
300.238
300.229
300.219
300.209
300.198
300.187
300.176
300.164
300.152
300.139
300.127
300.115
300.104
300.095
300.088
300.084
300.086
300.096
300.114
300.145
300.189
300.251
300.331
300.431
300.551
300.689
300.844
301.01
301.184
301.361
299.137
299.311
299.481
299.644
299.793
299.925
300.039
300.133
300.208
300.267
300.313
300.346
300.37
300.388
300.399
300.407
300.412
300.414
300.415
300.416
300.415
300.415
300.414
300.414
300.413
300.413
300.413
300.412
300.412
300.412
300.412
300.412
300.412
300.412
300.412
300.411
300.411
300.41
300.409
300.408
300.407
300.406
300.404
300.402
300.4
300.398
300.395
300.392
300.389
300.386
300.382
300.378
300.374
300.37
300.365
300.36
300.355
300.349
300.344
300.338
300.331
300.325
300.318
300.311
300.303
300.296
300.288
300.28
300.271
300.262
300.253
300.243
300.233
300.223
300.212
300.201
300.189
300.177
300.164
300.151
300.139
300.126
300.115
300.105
300.098
300.095
300.096
300.106
300.124
300.154
300.199
300.26
300.34
300.439
300.559
300.697
300.85
301.014
301.186
301.362
299.139
299.315
299.488
299.652
299.804
299.937
300.052
300.146
300.222
300.282
300.327
300.36
300.385
300.402
300.414
300.422
300.427
300.43
300.431
300.432
300.432
300.432
300.432
300.431
300.431
300.431
300.431
300.431
300.431
300.431
300.431
300.431
300.431
300.431
300.431
300.431
300.43
300.43
300.429
300.428
300.427
300.425
300.424
300.422
300.42
300.418
300.415
300.412
300.409
300.406
300.402
300.398
300.394
300.389
300.384
300.379
300.374
300.368
300.362
300.355
300.349
300.342
300.335
300.327
300.32
300.312
300.303
300.295
300.286
300.277
300.267
300.257
300.247
300.236
300.225
300.213
300.201
300.188
300.176
300.163
300.15
300.137
300.126
300.116
300.108
300.105
300.106
300.115
300.134
300.164
300.208
300.269
300.349
300.448
300.567
300.704
300.856
301.019
301.189
301.363
299.14
299.319
299.494
299.661
299.814
299.949
300.064
300.16
300.236
300.296
300.341
300.375
300.399
300.417
300.429
300.437
300.442
300.445
300.447
300.448
300.448
300.449
300.449
300.449
300.448
300.449
300.449
300.449
300.449
300.449
300.45
300.45
300.45
300.45
300.45
300.45
300.449
300.449
300.448
300.447
300.446
300.445
300.443
300.442
300.439
300.437
300.435
300.432
300.428
300.425
300.421
300.417
300.412
300.408
300.403
300.397
300.391
300.385
300.379
300.373
300.366
300.359
300.351
300.343
300.335
300.327
300.318
300.309
300.3
300.291
300.281
300.27
300.26
300.248
300.237
300.225
300.213
300.2
300.187
300.174
300.16
300.148
300.136
300.126
300.118
300.114
300.116
300.125
300.143
300.173
300.218
300.279
300.358
300.457
300.576
300.711
300.862
301.023
301.192
301.364
299.141
299.323
299.501
299.67
299.825
299.961
300.077
300.173
300.25
300.309
300.355
300.389
300.414
300.431
300.443
300.452
300.457
300.461
300.463
300.464
300.465
300.465
300.465
300.465
300.466
300.466
300.466
300.467
300.467
300.467
300.468
300.468
300.468
300.468
300.468
300.468
300.468
300.468
300.467
300.466
300.465
300.464
300.462
300.461
300.459
300.456
300.453
300.45
300.447
300.443
300.44
300.435
300.431
300.426
300.42
300.415
300.409
300.402
300.396
300.389
300.382
300.374
300.367
300.358
300.35
300.341
300.332
300.323
300.313
300.304
300.293
300.283
300.272
300.26
300.248
300.236
300.223
300.21
300.197
300.184
300.17
300.158
300.146
300.135
300.128
300.124
300.125
300.134
300.153
300.183
300.228
300.289
300.368
300.467
300.585
300.719
300.868
301.028
301.195
301.365
299.143
299.327
299.508
299.679
299.835
299.973
300.09
300.186
300.263
300.323
300.369
300.403
300.428
300.445
300.458
300.466
300.472
300.476
300.478
300.48
300.481
300.481
300.482
300.482
300.483
300.483
300.484
300.484
300.485
300.485
300.486
300.486
300.486
300.487
300.487
300.487
300.487
300.486
300.486
300.485
300.484
300.483
300.481
300.479
300.477
300.475
300.472
300.469
300.465
300.461
300.457
300.453
300.448
300.443
300.437
300.431
300.425
300.419
300.412
300.405
300.397
300.389
300.381
300.373
300.364
300.355
300.346
300.336
300.326
300.316
300.305
300.294
300.283
300.271
300.259
300.246
300.233
300.22
300.207
300.193
300.18
300.167
300.155
300.144
300.137
300.133
300.135
300.144
300.162
300.193
300.238
300.299
300.378
300.477
300.594
300.728
300.875
301.033
301.198
301.366
299.144
299.331
299.515
299.688
299.846
299.985
300.103
300.2
300.277
300.337
300.383
300.417
300.442
300.459
300.472
300.481
300.487
300.491
300.493
300.495
300.496
300.497
300.498
300.499
300.499
300.5
300.501
300.501
300.502
300.503
300.503
300.504
300.504
300.504
300.505
300.505
300.505
300.504
300.504
300.503
300.502
300.501
300.499
300.497
300.495
300.492
300.49
300.486
300.483
300.479
300.474
300.47
300.465
300.459
300.453
300.447
300.441
300.434
300.427
300.419
300.411
300.403
300.395
300.386
300.377
300.367
300.358
300.348
300.337
300.327
300.316
300.304
300.293
300.281
300.268
300.256
300.243
300.229
300.216
300.202
300.188
300.175
300.163
300.153
300.146
300.142
300.144
300.153
300.172
300.203
300.248
300.31
300.389
300.488
300.604
300.736
300.882
301.038
301.201
301.367
299.145
299.336
299.521
299.697
299.857
299.997
300.116
300.213
300.29
300.351
300.396
300.43
300.455
300.473
300.486
300.495
300.501
300.505
300.508
300.51
300.512
300.513
300.514
300.515
300.516
300.516
300.517
300.518
300.519
300.52
300.52
300.521
300.522
300.522
300.522
300.522
300.522
300.522
300.521
300.521
300.52
300.518
300.517
300.515
300.512
300.51
300.507
300.503
300.499
300.495
300.491
300.486
300.481
300.475
300.469
300.462
300.455
300.448
300.441
300.433
300.425
300.416
300.407
300.398
300.389
300.379
300.369
300.358
300.348
300.337
300.326
300.314
300.302
300.29
300.277
300.264
300.251
300.237
300.224
300.21
300.197
300.184
300.172
300.162
300.154
300.151
300.153
300.163
300.182
300.214
300.259
300.321
300.401
300.499
300.614
300.745
300.889
301.043
301.204
301.368
299.147
299.34
299.528
299.706
299.868
300.009
300.128
300.226
300.304
300.364
300.41
300.444
300.469
300.487
300.5
300.509
300.515
300.52
300.523
300.525
300.527
300.528
300.529
300.531
300.532
300.533
300.534
300.535
300.536
300.536
300.537
300.538
300.539
300.539
300.539
300.539
300.539
300.539
300.539
300.538
300.537
300.535
300.533
300.531
300.529
300.526
300.523
300.519
300.515
300.511
300.506
300.501
300.496
300.49
300.483
300.476
300.469
300.462
300.454
300.446
300.437
300.428
300.419
300.409
300.4
300.389
300.379
300.368
300.357
300.346
300.334
300.322
300.31
300.298
300.285
300.272
300.258
300.245
300.231
300.217
300.204
300.191
300.179
300.17
300.163
300.16
300.162
300.173
300.193
300.225
300.271
300.334
300.413
300.511
300.625
300.755
300.897
301.049
301.208
301.369
299.148
299.344
299.535
299.715
299.878
300.021
300.141
300.239
300.317
300.377
300.423
300.457
300.482
300.5
300.513
300.522
300.529
300.534
300.537
300.54
300.542
300.543
300.545
300.546
300.547
300.548
300.55
300.551
300.552
300.553
300.554
300.554
300.555
300.556
300.556
300.556
300.556
300.556
300.555
300.554
300.553
300.552
300.55
300.548
300.545
300.542
300.539
300.535
300.531
300.526
300.521
300.516
300.51
300.504
300.497
300.49
300.482
300.474
300.466
300.458
300.449
300.439
300.43
300.42
300.409
300.399
300.388
300.377
300.366
300.354
300.342
300.33
300.317
300.305
300.292
300.278
300.265
300.251
300.238
300.224
300.211
300.198
300.187
300.177
300.171
300.168
300.172
300.183
300.204
300.237
300.284
300.347
300.427
300.524
300.637
300.765
300.905
301.055
301.211
301.37
299.15
299.348
299.542
299.724
299.889
300.033
300.153
300.252
300.33
300.39
300.436
300.47
300.495
300.513
300.526
300.536
300.543
300.547
300.551
300.554
300.556
300.558
300.56
300.561
300.562
300.564
300.565
300.566
300.568
300.569
300.57
300.571
300.571
300.572
300.572
300.572
300.572
300.572
300.571
300.57
300.569
300.567
300.565
300.563
300.56
300.557
300.554
300.55
300.545
300.541
300.535
300.53
300.524
300.517
300.51
300.503
300.495
300.486
300.478
300.469
300.459
300.45
300.44
300.429
300.419
300.408
300.396
300.385
300.373
300.361
300.349
300.337
300.324
300.311
300.298
300.284
300.271
300.257
300.244
300.23
300.217
300.205
300.194
300.185
300.179
300.177
300.182
300.194
300.216
300.249
300.298
300.361
300.441
300.537
300.649
300.776
300.914
301.062
301.215
301.371
299.151
299.353
299.549
299.733
299.9
300.044
300.166
300.265
300.343
300.403
300.449
300.483
300.508
300.526
300.539
300.549
300.556
300.561
300.565
300.568
300.57
300.572
300.574
300.576
300.577
300.579
300.58
300.582
300.583
300.584
300.585
300.586
300.587
300.588
300.588
300.588
300.588
300.588
300.587
300.586
300.584
300.583
300.581
300.578
300.575
300.572
300.568
300.564
300.559
300.554
300.549
300.543
300.536
300.53
300.522
300.515
300.506
300.498
300.489
300.479
300.47
300.459
300.449
300.438
300.427
300.416
300.404
300.392
300.38
300.368
300.355
300.343
300.33
300.316
300.303
300.29
300.276
300.262
300.249
300.236
300.223
300.211
300.201
300.192
300.187
300.187
300.192
300.205
300.228
300.264
300.312
300.376
300.456
300.552
300.663
300.787
300.923
301.068
301.219
301.373
299.153
299.357
299.556
299.742
299.91
300.056
300.178
300.277
300.355
300.416
300.461
300.495
300.52
300.539
300.552
300.562
300.569
300.574
300.578
300.581
300.584
300.586
300.588
300.59
300.592
300.594
300.595
300.597
300.598
300.599
300.601
300.602
300.602
300.603
300.603
300.603
300.603
300.603
300.602
300.601
300.599
300.598
300.595
300.593
300.59
300.586
300.582
300.578
300.573
300.568
300.562
300.556
300.549
300.542
300.534
300.526
300.518
300.509
300.499
300.489
300.479
300.469
300.458
300.447
300.435
300.423
300.411
300.399
300.387
300.374
300.361
300.348
300.335
300.321
300.308
300.294
300.281
300.267
300.254
300.241
300.229
300.218
300.208
300.2
300.196
300.197
300.203
300.218
300.243
300.279
300.329
300.393
300.472
300.567
300.677
300.799
300.933
301.076
301.224
301.374
299.154
299.361
299.563
299.751
299.921
300.068
300.19
300.289
300.368
300.428
300.474
300.508
300.533
300.551
300.564
300.574
300.581
300.587
300.591
300.594
300.597
300.6
300.602
300.604
300.606
300.608
300.61
300.611
300.613
300.614
300.615
300.616
300.617
300.618
300.618
300.618
300.618
300.618
300.617
300.615
300.614
300.612
300.61
300.607
300.604
300.6
300.596
300.591
300.586
300.581
300.575
300.568
300.561
300.554
300.546
300.537
300.529
300.519
300.509
300.499
300.489
300.478
300.467
300.455
300.443
300.431
300.418
300.406
300.393
300.38
300.366
300.353
300.34
300.326
300.313
300.299
300.286
300.272
300.259
300.247
300.235
300.224
300.215
300.209
300.206
300.208
300.216
300.232
300.258
300.296
300.346
300.41
300.49
300.584
300.692
300.812
300.944
301.083
301.228
301.376
299.156
299.366
299.57
299.76
299.932
300.079
300.202
300.302
300.38
300.44
300.485
300.519
300.544
300.563
300.576
300.586
300.594
300.599
300.604
300.607
300.61
300.613
300.615
300.618
300.62
300.622
300.623
300.625
300.627
300.628
300.63
300.631
300.632
300.632
300.633
300.633
300.632
300.632
300.631
300.63
300.628
300.626
300.624
300.621
300.617
300.614
300.609
300.604
300.599
300.594
300.587
300.581
300.573
300.566
300.557
300.549
300.54
300.53
300.52
300.509
300.498
300.487
300.475
300.463
300.451
300.438
300.425
300.412
300.399
300.386
300.372
300.359
300.345
300.331
300.317
300.304
300.29
300.277
300.265
300.252
300.241
300.231
300.224
300.218
300.217
300.22
300.23
300.248
300.275
300.314
300.365
300.43
300.508
300.601
300.708
300.826
300.955
301.091
301.233
301.377
299.157
299.37
299.577
299.77
299.942
300.091
300.214
300.313
300.392
300.452
300.497
300.531
300.556
300.574
300.588
300.598
300.605
300.611
300.616
300.62
300.623
300.626
300.628
300.631
300.633
300.635
300.637
300.639
300.64
300.642
300.643
300.644
300.645
300.646
300.646
300.647
300.646
300.646
300.645
300.644
300.642
300.64
300.637
300.634
300.631
300.627
300.623
300.618
300.612
300.606
300.6
300.593
300.586
300.578
300.569
300.56
300.551
300.541
300.53
300.52
300.508
300.497
300.485
300.472
300.459
300.446
300.433
300.42
300.406
300.392
300.378
300.364
300.35
300.337
300.323
300.309
300.296
300.283
300.271
300.259
300.249
300.24
300.233
300.229
300.229
300.234
300.246
300.265
300.294
300.334
300.385
300.45
300.529
300.62
300.725
300.841
300.967
301.1
301.238
301.379
299.159
299.375
299.584
299.779
299.953
300.102
300.226
300.325
300.403
300.463
300.508
300.542
300.567
300.585
300.599
300.609
300.617
300.623
300.628
300.632
300.635
300.638
300.641
300.643
300.646
300.648
300.65
300.652
300.654
300.655
300.657
300.658
300.659
300.659
300.66
300.66
300.66
300.659
300.658
300.657
300.655
300.653
300.651
300.648
300.644
300.64
300.636
300.631
300.625
300.619
300.613
300.606
300.598
300.59
300.582
300.572
300.563
300.552
300.542
300.531
300.519
300.507
300.495
300.482
300.469
300.455
300.442
300.428
300.414
300.4
300.385
300.371
300.357
300.343
300.329
300.316
300.302
300.29
300.278
300.267
300.257
300.25
300.244
300.242
300.243
300.25
300.263
300.284
300.314
300.355
300.408
300.472
300.55
300.641
300.743
300.857
300.979
301.109
301.244
301.381
299.16
299.38
299.592
299.788
299.964
300.113
300.237
300.337
300.414
300.474
300.519
300.553
300.578
300.596
300.61
300.62
300.628
300.634
300.639
300.643
300.647
300.65
300.653
300.655
300.658
300.66
300.662
300.664
300.666
300.668
300.669
300.671
300.672
300.672
300.673
300.673
300.673
300.672
300.671
300.67
300.668
300.666
300.664
300.661
300.657
300.654
300.649
300.644
300.639
300.633
300.626
300.619
300.611
300.603
300.594
300.585
300.575
300.565
300.554
300.543
300.531
300.518
300.506
300.493
300.479
300.465
300.451
300.437
300.423
300.408
300.394
300.38
300.365
300.351
300.337
300.324
300.311
300.298
300.287
300.277
300.268
300.261
300.257
300.256
300.26
300.268
300.283
300.306
300.337
300.379
300.432
300.496
300.573
300.662
300.762
300.873
300.992
301.119
301.249
301.383
299.162
299.384
299.599
299.798
299.974
300.125
300.249
300.348
300.425
300.485
300.53
300.563
300.588
300.606
300.62
300.631
300.638
300.645
300.65
300.654
300.658
300.661
300.664
300.667
300.669
300.672
300.674
300.676
300.678
300.68
300.682
300.683
300.684
300.685
300.685
300.686
300.685
300.685
300.684
300.683
300.681
300.679
300.677
300.674
300.671
300.667
300.663
300.658
300.652
300.646
300.64
300.633
300.625
300.617
300.608
300.599
300.589
300.578
300.567
300.556
300.544
300.531
300.518
300.505
300.491
300.477
300.463
300.449
300.434
300.419
300.404
300.39
300.375
300.361
300.347
300.334
300.321
300.309
300.298
300.289
300.281
300.276
300.273
300.274
300.279
300.289
300.305
300.329
300.362
300.404
300.457
300.522
300.597
300.685
300.783
300.89
301.006
301.129
301.256
301.385
299.164
299.389
299.607
299.807
299.985
300.136
300.26
300.359
300.436
300.495
300.54
300.573
300.598
300.616
300.63
300.64
300.648
300.655
300.66
300.664
300.668
300.672
300.675
300.678
300.681
300.683
300.685
300.688
300.69
300.692
300.693
300.695
300.696
300.697
300.697
300.698
300.698
300.697
300.697
300.696
300.694
300.692
300.69
300.687
300.684
300.68
300.676
300.671
300.666
300.66
300.654
300.647
300.64
300.631
300.623
300.613
300.604
300.593
300.582
300.571
300.559
300.546
300.533
300.519
300.506
300.491
300.477
300.462
300.447
300.432
300.417
300.403
300.388
300.374
300.36
300.347
300.334
300.323
300.313
300.304
300.298
300.293
300.292
300.294
300.301
300.312
300.33
300.356
300.389
300.432
300.485
300.549
300.623
300.709
300.804
300.908
301.021
301.139
301.262
301.387
299.165
299.394
299.614
299.817
299.996
300.147
300.271
300.37
300.447
300.505
300.549
300.582
300.607
300.625
300.639
300.65
300.658
300.664
300.67
300.674
300.678
300.682
300.685
300.688
300.691
300.694
300.696
300.698
300.701
300.703
300.704
300.706
300.707
300.708
300.709
300.709
300.709
300.709
300.709
300.708
300.707
300.705
300.703
300.7
300.697
300.694
300.69
300.685
300.68
300.675
300.669
300.662
300.655
300.647
300.638
300.629
300.62
300.609
300.598
300.587
300.575
300.563
300.549
300.536
300.522
300.508
300.493
300.478
300.463
300.448
300.433
300.418
300.404
300.39
300.376
300.363
300.351
300.34
300.33
300.323
300.317
300.314
300.314
300.318
300.326
300.339
300.358
300.385
300.419
300.462
300.515
300.578
300.651
300.734
300.826
300.927
301.036
301.15
301.268
301.389
299.167
299.399
299.622
299.827
300.007
300.159
300.283
300.381
300.457
300.515
300.559
300.591
300.616
300.634
300.648
300.659
300.667
300.673
300.679
300.684
300.688
300.691
300.695
300.698
300.701
300.704
300.706
300.709
300.711
300.713
300.715
300.716
300.718
300.719
300.72
300.72
300.721
300.721
300.72
300.72
300.719
300.717
300.715
300.713
300.71
300.707
300.704
300.699
300.695
300.689
300.684
300.677
300.67
300.663
300.655
300.646
300.637
300.627
300.616
300.605
300.593
300.581
300.568
300.555
300.541
300.527
300.512
300.498
300.483
300.468
300.453
300.438
300.423
300.409
300.396
300.383
300.371
300.361
300.352
300.345
300.341
300.339
300.34
300.345
300.354
300.368
300.389
300.416
300.451
300.494
300.546
300.608
300.679
300.76
300.849
300.947
301.051
301.161
301.275
301.392
299.169
299.405
299.631
299.838
300.019
300.17
300.294
300.391
300.466
300.524
300.567
300.6
300.624
300.642
300.656
300.667
300.675
300.682
300.687
300.692
300.696
300.7
300.704
300.707
300.71
300.713
300.716
300.718
300.72
300.722
300.724
300.726
300.728
300.729
300.73
300.731
300.731
300.732
300.731
300.731
300.73
300.729
300.728
300.726
300.723
300.721
300.717
300.713
300.709
300.704
300.699
300.693
300.687
300.68
300.672
300.664
300.655
300.645
300.635
300.625
300.613
300.601
300.589
300.576
300.563
300.549
300.534
300.52
300.505
300.49
300.475
300.461
300.446
300.433
300.419
300.407
300.396
300.386
300.378
300.372
300.368
300.367
300.37
300.376
300.386
300.401
300.423
300.45
300.485
300.528
300.58
300.64
300.709
300.787
300.874
300.967
301.068
301.173
301.282
301.394
299.171
299.41
299.639
299.848
300.03
300.182
300.305
300.401
300.476
300.533
300.576
300.608
300.632
300.65
300.664
300.674
300.683
300.689
300.695
300.7
300.704
300.708
300.712
300.715
300.718
300.721
300.724
300.727
300.729
300.731
300.733
300.735
300.737
300.738
300.74
300.741
300.741
300.742
300.742
300.742
300.741
300.741
300.74
300.738
300.736
300.734
300.731
300.728
300.724
300.719
300.715
300.709
300.703
300.697
300.69
300.682
300.674
300.665
300.656
300.646
300.635
300.624
300.612
300.599
300.587
300.573
300.559
300.545
300.531
300.517
300.502
300.488
300.474
300.46
300.447
300.436
300.425
300.416
300.408
300.403
300.4
300.4
300.403
300.41
300.421
300.438
300.459
300.487
300.522
300.565
300.615
300.674
300.741
300.816
300.899
300.988
301.084
301.185
301.29
301.396
299.173
299.416
299.648
299.859
300.042
300.194
300.316
300.411
300.485
300.541
300.584
300.615
300.639
300.657
300.671
300.681
300.69
300.697
300.702
300.707
300.712
300.716
300.719
300.723
300.726
300.729
300.732
300.735
300.737
300.739
300.742
300.744
300.745
300.747
300.749
300.75
300.751
300.752
300.752
300.752
300.752
300.752
300.751
300.75
300.748
300.746
300.744
300.741
300.738
300.734
300.73
300.726
300.72
300.715
300.708
300.702
300.694
300.686
300.677
300.668
300.658
300.648
300.637
300.625
300.613
300.6
300.587
300.574
300.56
300.546
300.532
300.519
300.505
300.492
300.48
300.469
300.459
300.45
300.443
300.439
300.436
300.437
300.441
300.449
300.461
300.477
300.499
300.527
300.562
300.603
300.652
300.709
300.773
300.845
300.924
301.01
301.102
301.198
301.297
301.399
299.175
299.422
299.657
299.87
300.054
300.205
300.326
300.421
300.494
300.549
300.591
300.622
300.646
300.663
300.677
300.688
300.696
300.703
300.709
300.714
300.718
300.722
300.726
300.73
300.733
300.736
300.739
300.742
300.744
300.747
300.749
300.751
300.753
300.755
300.757
300.758
300.759
300.76
300.761
300.762
300.762
300.762
300.762
300.761
300.76
300.759
300.757
300.755
300.752
300.749
300.746
300.742
300.737
300.732
300.727
300.721
300.714
300.707
300.699
300.691
300.682
300.673
300.663
300.652
300.641
300.629
300.617
300.605
300.592
300.579
300.566
300.553
300.541
300.529
300.517
300.506
300.497
300.489
300.482
300.479
300.477
300.478
300.483
300.491
300.503
300.52
300.542
300.57
300.603
300.644
300.691
300.746
300.807
300.876
300.951
301.033
301.12
301.211
301.305
301.402
299.177
299.429
299.667
299.882
300.065
300.217
300.337
300.431
300.502
300.557
300.598
300.628
300.651
300.669
300.683
300.693
300.702
300.709
300.715
300.72
300.724
300.728
300.732
300.736
300.739
300.742
300.745
300.748
300.751
300.753
300.756
300.758
300.76
300.762
300.764
300.766
300.767
300.768
300.77
300.77
300.771
300.771
300.772
300.771
300.771
300.77
300.769
300.767
300.765
300.763
300.76
300.757
300.754
300.75
300.745
300.74
300.735
300.729
300.722
300.715
300.707
300.699
300.69
300.681
300.671
300.66
300.65
300.638
300.627
300.615
300.603
300.591
300.58
300.569
300.558
300.548
300.539
300.532
300.526
300.523
300.522
300.524
300.528
300.537
300.549
300.566
300.588
300.615
300.647
300.686
300.732
300.784
300.842
300.907
300.979
301.056
301.138
301.224
301.313
301.404
299.18
299.435
299.677
299.893
300.077
300.228
300.347
300.44
300.51
300.564
300.604
300.634
300.657
300.674
300.687
300.698
300.707
300.714
300.72
300.725
300.729
300.734
300.737
300.741
300.744
300.748
300.751
300.753
300.756
300.759
300.761
300.764
300.766
300.768
300.77
300.772
300.774
300.776
300.777
300.778
300.779
300.78
300.781
300.781
300.781
300.781
300.78
300.779
300.778
300.776
300.775
300.772
300.77
300.766
300.763
300.759
300.754
300.75
300.744
300.738
300.732
300.725
300.718
300.71
300.701
300.692
300.683
300.673
300.663
300.653
300.643
300.632
300.622
300.612
300.602
300.593
300.586
300.579
300.574
300.571
300.571
300.573
300.578
300.586
300.598
300.615
300.636
300.662
300.693
300.731
300.774
300.823
300.878
300.94
301.007
301.08
301.157
301.238
301.322
301.407
299.182
299.442
299.686
299.904
300.089
300.239
300.357
300.448
300.518
300.57
300.609
300.639
300.661
300.678
300.692
300.702
300.711
300.718
300.724
300.729
300.734
300.738
300.742
300.746
300.749
300.752
300.755
300.758
300.761
300.764
300.766
300.769
300.771
300.774
300.776
300.778
300.78
300.782
300.784
300.785
300.786
300.788
300.789
300.789
300.79
300.79
300.79
300.79
300.79
300.789
300.788
300.786
300.784
300.782
300.78
300.777
300.773
300.77
300.766
300.761
300.756
300.751
300.745
300.738
300.732
300.724
300.717
300.709
300.701
300.692
300.683
300.675
300.666
300.657
300.649
300.642
300.635
300.629
300.625
300.623
300.623
300.625
300.63
300.639
300.651
300.667
300.687
300.712
300.742
300.777
300.817
300.864
300.916
300.973
301.036
301.104
301.176
301.252
301.33
301.41
299.184
299.448
299.696
299.915
300.1
300.249
300.366
300.456
300.524
300.575
300.614
300.643
300.665
300.682
300.695
300.706
300.714
300.721
300.728
300.733
300.737
300.742
300.746
300.749
300.753
300.756
300.759
300.762
300.765
300.768
300.771
300.773
300.776
300.778
300.781
300.783
300.785
300.787
300.789
300.791
300.793
300.794
300.796
300.797
300.798
300.799
300.799
300.8
300.8
300.8
300.799
300.799
300.798
300.797
300.795
300.793
300.791
300.789
300.786
300.783
300.779
300.775
300.771
300.766
300.761
300.756
300.75
300.744
300.738
300.731
300.724
300.718
300.711
300.704
300.698
300.692
300.686
300.682
300.679
300.677
300.678
300.68
300.686
300.694
300.706
300.721
300.74
300.763
300.792
300.825
300.863
300.906
300.954
301.008
301.066
301.129
301.196
301.266
301.339
301.413
299.187
299.455
299.705
299.926
300.11
300.259
300.374
300.463
300.529
300.579
300.617
300.646
300.668
300.684
300.698
300.708
300.717
300.724
300.73
300.736
300.74
300.745
300.749
300.752
300.756
300.759
300.762
300.765
300.768
300.771
300.774
300.777
300.779
300.782
300.784
300.787
300.789
300.791
300.794
300.796
300.798
300.8
300.802
300.803
300.805
300.806
300.807
300.808
300.809
300.809
300.81
300.81
300.81
300.809
300.809
300.808
300.807
300.806
300.804
300.802
300.8
300.798
300.795
300.792
300.789
300.786
300.782
300.778
300.773
300.769
300.764
300.76
300.755
300.75
300.746
300.742
300.738
300.736
300.734
300.733
300.734
300.737
300.743
300.751
300.762
300.777
300.795
300.817
300.843
300.874
300.909
300.949
300.994
301.043
301.097
301.155
301.216
301.281
301.348
301.416
299.189
299.461
299.713
299.935
300.119
300.266
300.38
300.467
300.533
300.582
300.619
300.648
300.669
300.686
300.699
300.71
300.719
300.726
300.732
300.738
300.743
300.747
300.751
300.755
300.758
300.762
300.765
300.768
300.771
300.774
300.776
300.779
300.782
300.785
300.787
300.79
300.792
300.795
300.797
300.8
300.802
300.804
300.806
300.808
300.81
300.812
300.814
300.815
300.816
300.818
300.819
300.819
300.82
300.821
300.821
300.821
300.821
300.821
300.82
300.82
300.819
300.818
300.817
300.816
300.814
300.813
300.811
300.809
300.807
300.804
300.802
300.8
300.797
300.795
300.793
300.791
300.789
300.788
300.788
300.788
300.79
300.794
300.8
300.809
300.819
300.833
300.85
300.871
300.895
300.923
300.956
300.992
301.033
301.078
301.127
301.18
301.236
301.295
301.356
301.419
299.191
299.466
299.72
299.942
300.125
300.271
300.384
300.47
300.535
300.583
300.62
300.648
300.67
300.687
300.7
300.711
300.72
300.727
300.734
300.739
300.744
300.749
300.753
300.756
300.76
300.763
300.767
300.77
300.773
300.776
300.778
300.781
300.784
300.787
300.79
300.792
300.795
300.798
300.8
300.803
300.805
300.808
300.81
300.812
300.815
300.817
300.819
300.821
300.823
300.824
300.826
300.827
300.829
300.83
300.831
300.832
300.833
300.834
300.834
300.835
300.835
300.836
300.836
300.836
300.836
300.836
300.836
300.836
300.836
300.836
300.836
300.836
300.835
300.835
300.835
300.836
300.836
300.837
300.839
300.841
300.845
300.85
300.856
300.865
300.876
300.889
300.905
300.924
300.947
300.972
301.002
301.035
301.072
301.113
301.158
301.205
301.256
301.309
301.365
301.421
299.192
299.469
299.724
299.946
300.128
300.273
300.384
300.469
300.534
300.582
300.619
300.647
300.669
300.686
300.7
300.711
300.72
300.728
300.734
300.74
300.745
300.75
300.754
300.758
300.761
300.765
300.768
300.771
300.774
300.777
300.78
300.783
300.786
300.788
300.791
300.794
300.797
300.8
300.802
300.805
300.808
300.81
300.813
300.816
300.818
300.82
300.823
300.825
300.827
300.83
300.832
300.834
300.835
300.837
300.839
300.841
300.842
300.844
300.845
300.847
300.848
300.85
300.851
300.853
300.854
300.856
300.858
300.859
300.861
300.863
300.864
300.866
300.868
300.87
300.873
300.875
300.878
300.881
300.885
300.889
300.894
300.9
300.908
300.917
300.928
300.941
300.957
300.975
300.996
301.019
301.046
301.076
301.11
301.146
301.186
301.229
301.275
301.323
301.373
301.424
299.193
299.471
299.725
299.945
300.126
300.27
300.381
300.465
300.53
300.578
300.615
300.644
300.666
300.684
300.698
300.71
300.719
300.727
300.734
300.74
300.745
300.75
300.754
300.758
300.762
300.765
300.769
300.772
300.775
300.778
300.781
300.784
300.787
300.79
300.792
300.795
300.798
300.801
300.804
300.807
300.809
300.812
300.815
300.818
300.82
300.823
300.826
300.828
300.831
300.833
300.836
300.838
300.841
300.843
300.845
300.847
300.85
300.852
300.854
300.856
300.859
300.861
300.863
300.866
300.869
300.871
300.874
300.877
300.88
300.884
300.887
300.891
300.895
300.899
300.903
300.908
300.913
300.918
300.924
300.93
300.937
300.944
300.953
300.963
300.974
300.988
301.003
301.02
301.039
301.061
301.086
301.113
301.144
301.176
301.212
301.251
301.292
301.335
301.38
301.426
299.193
299.469
299.722
299.94
300.119
300.262
300.373
300.457
300.522
300.572
300.61
300.639
300.663
300.681
300.696
300.708
300.718
300.726
300.733
300.74
300.745
300.75
300.755
300.759
300.762
300.766
300.769
300.772
300.776
300.779
300.782
300.784
300.787
300.79
300.793
300.796
300.799
300.802
300.805
300.808
300.81
300.813
300.816
300.819
300.822
300.825
300.828
300.831
300.833
300.836
300.839
300.842
300.844
300.847
300.849
300.852
300.855
300.857
300.86
300.863
300.866
300.869
300.872
300.875
300.879
300.882
300.886
300.89
300.895
300.899
300.904
300.909
300.914
300.92
300.926
300.932
300.938
300.945
300.953
300.961
300.969
300.978
300.988
300.999
301.011
301.025
301.04
301.057
301.076
301.096
301.119
301.144
301.172
301.201
301.234
301.268
301.306
301.345
301.386
301.428
299.191
299.464
299.713
299.929
300.106
300.248
300.36
300.446
300.512
300.563
300.602
300.633
300.658
300.677
300.693
300.705
300.716
300.725
300.732
300.739
300.745
300.75
300.754
300.759
300.762
300.766
300.769
300.773
300.776
300.779
300.782
300.785
300.788
300.791
300.793
300.796
300.799
300.802
300.805
300.808
300.811
300.814
300.817
300.82
300.823
300.826
300.829
300.832
300.835
300.838
300.841
300.844
300.847
300.849
300.852
300.855
300.858
300.861
300.864
300.867
300.871
300.874
300.878
300.881
300.885
300.89
300.894
300.899
300.904
300.909
300.915
300.92
300.927
300.933
300.94
300.948
300.955
300.963
300.972
300.981
300.991
301.001
301.012
301.024
301.037
301.051
301.067
301.083
301.102
301.121
301.143
301.167
301.192
301.22
301.25
301.282
301.316
301.352
301.39
301.43
299.188
299.456
299.7
299.912
300.089
300.231
300.343
300.431
300.5
300.553
300.594
300.627
300.652
300.673
300.689
300.703
300.714
300.723
300.731
300.738
300.744
300.749
300.754
300.758
300.762
300.766
300.769
300.773
300.776
300.779
300.782
300.785
300.788
300.791
300.794
300.797
300.8
300.802
300.805
300.808
300.811
300.814
300.818
300.821
300.824
300.827
300.83
300.833
300.836
300.839
300.842
300.845
300.848
300.851
300.854
300.857
300.86
300.863
300.866
300.87
300.873
300.877
300.881
300.885
300.889
300.893
300.898
300.903
300.908
300.914
300.92
300.926
300.933
300.94
300.948
300.956
300.964
300.973
300.982
300.992
301.003
301.014
301.025
301.038
301.051
301.066
301.082
301.098
301.116
301.136
301.157
301.18
301.204
301.231
301.259
301.29
301.322
301.357
301.393
301.431
299.185
299.447
299.687
299.896
300.072
300.215
300.33
300.42
300.49
300.545
300.588
300.622
300.649
300.67
300.687
300.701
300.713
300.722
300.73
300.738
300.744
300.749
300.754
300.758
300.762
300.766
300.769
300.773
300.776
300.779
300.782
300.785
300.788
300.791
300.794
300.797
300.8
300.803
300.806
300.809
300.812
300.815
300.818
300.821
300.824
300.827
300.83
300.833
300.836
300.839
300.842
300.845
300.848
300.851
300.854
300.857
300.861
300.864
300.867
300.871
300.874
300.878
300.882
300.886
300.89
300.895
300.899
300.905
300.91
300.916
300.922
300.928
300.935
300.942
300.95
300.958
300.967
300.976
300.985
300.995
301.006
301.018
301.03
301.042
301.056
301.071
301.087
301.103
301.122
301.141
301.162
301.185
301.209
301.235
301.263
301.293
301.325
301.359
301.395
301.431
)
;

boundaryField
{
    Adiabatic_walls
    {
        type            zeroGradient;
    }
    Left
    {
        type            fixedValue;
        value           uniform 299.05;
    }
    Right
    {
        type            fixedValue;
        value           uniform 301.45;
    }
    frontAndBack
    {
        type            empty;
    }
}

