/*--------------------------------*- C++ -*----------------------------------*\
  =========                 |
  \\      /  F ield         | OpenFOAM: The Open Source CFD Toolbox
   \\    /   O peration     | Website:  https://openfoam.org
    \\  /    A nd           | Version:  6
     \\/     M anipulation  |
\*---------------------------------------------------------------------------*/
FoamFile
{
    version     2.0;
    format      ascii;
    class       volScalarField;
    location    "0";
    object      p;
}
// * * * * * * * * * * * * * * * * * * * * * * * * * * * * * * * * * * * * * //

dimensions      [0 2 -2 0 0 0 0];

internalField   nonuniform List<scalar> 
9000
(
116.296
64.6135
50.2839
44.2288
41.0772
39.2746
38.1081
37.2642
36.596
36.027
35.5144
35.0331
34.5681
34.1104
33.6546
33.1976
32.738
32.2749
31.8084
31.3386
30.8658
30.3906
29.9133
29.4345
28.9546
28.474
27.9929
27.5119
27.0311
26.551
26.0718
25.5939
25.1176
24.6435
24.1719
23.7035
23.239
22.7793
22.3255
21.8792
21.4424
21.0179
20.6098
20.224
19.8689
19.5562
19.2913
19.0449
19.0417
17.9879
87.5888
61.3387
50.9249
45.3343
42.05
40.0117
38.6452
37.6528
36.8776
36.2314
35.6629
35.1409
34.646
34.1664
33.6946
33.226
32.7578
32.2887
31.8178
31.345
30.8701
30.3935
29.9153
29.4359
28.9556
28.4747
27.9935
27.5124
27.0316
26.5513
26.072
25.5938
25.1171
24.6423
24.1698
23.7001
23.2338
22.7715
22.3142
21.863
21.4191
20.9843
20.5607
20.1508
19.7568
19.3787
19.0045
18.5861
18.1096
16.5945
70.2042
57.6685
50.7948
45.9243
42.729
40.5963
39.1054
38.0035
37.1413
36.4285
35.8094
35.2493
34.7258
34.2248
33.737
33.2565
32.7797
32.3042
31.8287
31.3525
30.8753
30.397
29.9177
29.4376
28.9568
28.4756
27.9942
27.5129
27.0319
26.5514
26.0718
25.5932
25.1159
24.6403
24.1667
23.6954
23.2269
22.7616
22.3002
21.8431
21.3911
20.9445
20.5036
20.0675
19.6328
19.1896
18.712
18.1318
17.3702
15.9518
60.8053
54.1385
49.6015
45.7041
42.8836
40.8561
39.3657
38.2299
37.3266
36.5754
35.9238
35.3371
34.7926
34.2751
33.7745
33.2843
32.8001
32.319
31.8394
31.3602
30.8808
30.4009
29.9204
29.4395
28.9581
28.4765
27.9948
27.5132
27.0319
26.5512
26.0711
25.592
25.1141
24.6375
24.1626
23.6897
23.2189
22.7505
22.2848
21.822
21.3619
20.904
20.4471
19.9879
19.5196
19.028
18.4841
17.8251
16.9795
15.7341
54.5827
51.0002
48.0452
45.073
42.7126
40.8872
39.4732
38.3559
37.4463
36.6795
36.0102
35.4069
34.8478
34.3181
33.8076
33.3095
32.8191
32.3332
31.8499
31.3679
30.8864
30.405
29.9234
29.4415
28.9595
28.4774
27.9953
27.5134
27.0318
26.5506
26.0701
25.5904
25.1117
24.6341
24.1579
23.6831
23.21
22.7385
22.2686
21.8
21.3322
20.864
20.3927
19.9141
19.4196
18.8943
18.3115
17.6229
16.7755
15.6805
50.1143
48.3363
46.4758
44.2716
42.3543
40.7639
39.4663
38.4012
37.5104
36.7459
36.0712
35.4597
34.8918
34.3538
33.8361
33.3319
32.8364
32.3465
31.86
31.3755
30.8921
30.4091
29.9264
29.4437
28.961
28.4784
27.9958
27.5135
27.0314
26.5498
26.0688
25.5884
25.1089
24.6302
24.1526
23.676
23.2005
22.7259
22.252
21.7781
21.3033
20.8257
20.3424
19.8481
19.3344
18.7872
18.1845
17.4917
16.674
15.7037
46.877
46.1353
45.0143
43.4143
41.8893
40.5353
39.3727
38.3806
37.5264
36.7781
36.1084
35.496
34.9246
34.3821
33.8597
33.3511
32.8518
32.3586
31.8694
31.3827
30.8976
30.4132
29.9294
29.4459
28.9625
28.4793
27.9963
27.5134
27.0309
26.5488
26.0672
25.5862
25.1057
24.626
24.147
23.6686
23.1908
22.7133
22.2356
21.7569
21.2759
20.7905
20.2975
19.7916
19.2649
18.7053
18.096
17.4136
16.6378
15.7702
44.4943
44.3345
43.705
42.5669
41.3741
40.2411
39.2175
38.3091
37.5031
36.781
36.1243
35.5173
34.9469
34.4031
33.8783
33.367
32.865
32.3694
31.878
31.3895
30.9028
30.4172
29.9324
29.448
28.9639
28.4801
27.9966
27.5133
27.0303
26.5477
26.0654
25.5837
25.1024
24.6216
24.1412
23.6612
23.1812
22.701
22.2199
21.737
21.2509
20.7593
20.259
19.7451
19.2107
18.6461
18.039
17.3749
16.6437
15.8593
42.7004
42.8636
42.5594
41.7685
40.8487
39.9126
39.0228
38.2012
37.4496
36.7602
36.1224
35.5254
34.9596
34.4173
33.8922
33.3797
32.8761
32.3787
31.8857
31.3957
30.9076
30.421
29.9352
29.45
28.9653
28.4809
27.9968
27.513
27.0295
26.5464
26.0635
25.581
25.0989
24.617
24.1354
23.6538
23.1719
22.6893
22.2053
21.719
21.2287
20.7324
20.227
19.7083
19.1705
18.6062
18.007
17.3646
16.6758
15.958
41.3219
41.661
41.572
41.0394
40.3395
39.5735
38.8065
38.0698
37.3747
36.7216
36.1063
35.5226
34.9643
34.4256
33.9019
33.3894
32.885
32.3866
31.8924
31.4012
30.9121
30.4244
29.9378
29.4519
28.9665
28.4816
27.997
27.5127
27.0287
26.5449
26.0615
25.5783
25.0953
24.6125
24.1297
23.6467
23.1631
22.6785
22.1921
21.703
21.2096
20.7101
20.2016
19.6806
19.1426
18.5822
17.994
17.3742
16.7234
16.0593
40.245
40.6761
40.7297
40.3881
39.8628
39.2404
38.5831
37.9258
37.2861
36.6705
36.0796
35.5114
34.9624
34.429
33.9079
33.3963
32.892
32.3931
31.8981
31.406
30.916
30.4275
29.9402
29.4536
28.9676
28.4821
27.997
27.5122
27.0277
26.5434
26.0594
25.5755
25.0918
24.6081
24.1242
23.6399
23.1549
22.6686
22.1804
21.6892
21.1937
20.6921
20.1822
19.661
19.1252
18.571
17.9955
17.3974
16.78
16.1589
39.3927
39.8688
40.0169
39.8161
39.4282
38.9251
38.3631
37.778
37.1906
36.6117
36.0459
35.494
34.9554
34.4283
33.9108
33.401
32.8973
32.3983
31.9029
31.4102
30.9195
30.4303
29.9423
29.4551
28.9686
28.4825
27.9969
27.5116
27.0266
26.5419
26.0573
25.5728
25.0884
24.6038
24.119
23.6337
23.1475
22.6599
22.1702
21.6776
21.1808
20.6784
20.1683
19.6485
19.1165
18.5699
18.0074
17.4297
16.8409
16.2547
38.7125
39.2077
39.4187
39.3214
39.041
38.6356
38.1549
37.6336
37.094
36.5497
36.0081
35.4728
34.945
34.4248
33.9113
33.4038
32.9011
32.4024
31.9068
31.4137
30.9225
30.4327
29.9441
29.4564
28.9693
28.4828
27.9967
27.511
27.0255
26.5403
26.0551
25.5701
25.085
24.5998
24.1142
23.628
23.1409
22.6523
22.1616
21.6682
21.1708
20.6684
20.1593
19.642
19.1148
18.5765
18.0268
17.4676
16.9033
16.3454
38.1682
38.6688
38.9217
38.9006
38.7034
38.3768
37.9643
37.498
37.0009
36.4882
35.9693
35.4497
34.9326
34.4193
33.9101
33.4051
32.9037
32.4055
31.9099
31.4166
30.9249
30.4347
29.9456
29.4574
28.9699
28.483
27.9964
27.5102
27.0243
26.5386
26.053
25.5675
25.0818
24.596
24.1098
23.6229
23.135
22.6458
22.1546
21.6607
21.1634
20.6617
20.1543
19.6403
19.1186
18.5887
18.0512
17.5085
16.965
16.4303
37.7344
38.2337
38.5147
38.5492
38.4159
38.1522
37.7955
37.3756
36.9152
36.4302
35.9317
35.4266
34.9194
34.4127
33.9078
33.4053
32.9053
32.4077
31.9124
31.4189
30.927
30.4364
29.9469
29.4582
28.9703
28.4829
27.996
27.5094
27.0231
26.537
26.0509
25.5649
25.0788
24.5925
24.1057
23.6183
23.13
22.6403
22.1489
21.6551
21.1583
20.6578
20.1527
19.6424
19.1264
18.6048
18.0787
17.5506
17.0248
16.5092
37.3936
37.8888
38.1883
38.2633
38.1784
37.9637
37.6516
37.2696
36.8397
36.3784
35.8974
35.405
34.9067
34.406
33.9049
33.4048
32.9062
32.4093
31.9142
31.4206
30.9285
30.4376
29.9478
29.4588
28.9705
28.4827
27.9954
27.5085
27.0218
26.5353
26.0489
25.5625
25.0759
24.5892
24.102
23.6142
23.1256
22.6358
22.1444
21.651
21.1551
20.6562
20.1538
19.6474
19.1372
18.6235
18.1077
17.5924
17.0816
16.5818
37.1332
37.6235
37.9353
38.0391
37.9899
37.8122
37.5345
37.1824
36.7769
36.3346
35.868
35.3862
34.8953
34.3997
33.902
33.404
32.9066
32.4104
31.9155
31.4219
30.9296
30.4385
29.9484
29.4591
28.9704
28.4824
27.9948
27.5075
27.0205
26.5336
26.0469
25.5601
25.0732
24.5861
24.0986
23.6106
23.1218
22.632
22.1409
21.6482
21.1535
20.6564
20.1568
19.6545
19.1498
18.6435
18.137
17.6329
17.1348
16.6481
36.9445
37.4306
37.7502
37.8737
37.8495
37.6983
37.4458
37.1156
36.7283
36.3005
35.8449
35.3712
34.8861
34.3944
33.8994
33.4031
32.9067
32.411
31.9163
31.4227
30.9304
30.439
29.9487
29.4591
28.9702
28.4819
27.994
27.5064
27.0191
26.532
26.0449
25.5578
25.0707
24.5833
24.0956
23.6074
23.1186
22.629
22.1383
21.6464
21.153
20.6579
20.1611
19.6628
19.1634
18.6638
18.1656
17.6713
17.184
16.7082
36.8217
37.3046
37.6289
37.7647
37.7565
37.6224
37.3862
37.0705
36.6953
36.2771
35.829
35.3607
34.8796
34.3907
33.8975
33.4023
32.9066
32.4113
31.9167
31.4232
30.9307
30.4392
29.9486
29.4589
28.9697
28.4812
27.993
27.5052
27.0177
26.5303
26.0429
25.5556
25.0682
24.5806
24.0928
23.6045
23.1158
22.6265
22.1363
21.6453
21.1533
20.6602
20.1663
19.6717
19.1772
18.6838
18.1929
17.707
17.2287
16.7621
36.7611
37.2425
37.5688
37.7106
37.7101
37.5844
37.3563
37.0478
36.6786
36.2653
35.8208
35.3553
34.8762
34.3887
33.8964
33.4018
32.9064
32.4113
31.9168
31.4232
30.9306
30.439
29.9483
29.4584
28.9691
28.4803
27.992
27.5039
27.0162
26.5285
26.041
25.5534
25.0658
24.5781
24.0901
23.6019
23.1133
22.6243
22.1347
21.6447
21.154
20.663
20.1717
19.6807
19.1907
18.7026
18.2182
17.7394
17.2689
16.8098
36.7611
37.2424
37.5688
37.7106
37.7101
37.5844
37.3563
37.0478
36.6786
36.2652
35.8208
35.3553
34.8761
34.3886
33.8963
33.4016
32.9062
32.411
31.9165
31.4228
30.9302
30.4385
29.9477
29.4576
28.9682
28.4793
27.9908
27.5026
27.0146
26.5268
26.039
25.5513
25.0635
24.5756
24.0876
23.5994
23.111
22.6223
22.1334
21.6442
21.155
20.6658
20.177
19.6892
19.2032
18.7199
18.241
17.7684
17.3043
16.8515
36.8216
37.3046
37.6288
37.7647
37.7564
37.6223
37.3861
37.0705
36.6952
36.277
35.8288
35.3605
34.8794
34.3904
33.8971
33.4018
32.906
32.4105
31.9158
31.4221
30.9294
30.4376
29.9468
29.4566
28.9671
28.4781
27.9895
27.5011
27.013
26.525
26.0371
25.5491
25.0612
24.5732
24.0852
23.597
23.1087
22.6204
22.1321
21.6438
21.1558
20.6683
20.1818
19.6969
19.2143
18.7352
18.261
17.7936
17.3348
16.8872
36.9443
37.4305
37.7501
37.8736
37.8494
37.6983
37.4457
37.1155
36.7282
36.3003
35.8447
35.3709
34.8857
34.394
33.8988
33.4023
32.9057
32.4098
31.9148
31.421
30.9282
30.4364
29.9455
29.4554
28.9658
28.4768
27.988
27.4996
27.0113
26.5232
26.0351
25.547
25.0589
24.5708
24.0827
23.5946
23.1065
22.6184
22.1306
21.6431
21.1562
20.6703
20.1858
19.7033
19.2237
18.7482
18.278
17.8148
17.3604
16.9171
37.133
37.6234
37.9352
38.039
37.9898
37.8121
37.5344
37.1822
36.7767
36.3344
35.8677
35.3858
34.8948
34.399
33.9012
33.4029
32.9053
32.4087
31.9134
31.4195
30.9267
30.4349
29.9441
29.4539
28.9644
28.4753
27.9865
27.498
27.0096
26.5213
26.0331
25.5448
25.0566
24.5684
24.0802
23.5921
23.1041
22.6163
22.1289
21.6421
21.1561
20.6715
20.1886
19.7082
19.2311
18.7585
18.2916
17.8319
17.3811
16.9411
37.3934
37.8886
38.1881
38.2632
38.1783
37.9635
37.6514
37.2694
36.8395
36.3781
35.897
35.4045
34.906
34.4051
33.9039
33.4035
32.9046
32.4073
31.9116
31.4175
30.9247
30.4331
29.9423
29.4523
28.9628
28.4737
27.9849
27.4963
27.0078
26.5194
26.031
25.5426
25.0543
24.5659
24.0776
23.5894
23.1014
22.6138
22.1267
21.6404
21.1552
20.6716
20.1901
19.7113
19.2363
18.766
18.3017
17.8448
17.3968
16.9595
37.7342
38.2335
38.5145
38.5491
38.4158
38.1521
37.7953
37.3754
36.9149
36.4299
35.9312
35.426
34.9187
34.4118
33.9066
33.4037
32.9033
32.4053
31.9093
31.4151
30.9224
30.4309
29.9403
29.4504
28.961
28.4719
27.9832
27.4945
27.006
26.5175
26.0289
25.5404
25.0518
24.5633
24.0749
23.5866
23.0986
22.611
22.1241
21.6381
21.1534
20.6705
20.19
19.7126
19.2391
18.7706
18.3082
17.8534
17.4075
16.9722
38.1678
38.6685
38.9215
38.9004
38.7032
38.3767
37.9641
37.4978
37.0007
36.4878
35.9688
35.4491
34.9318
34.4182
33.9087
33.4033
32.9014
32.4027
31.9065
31.4123
30.9197
30.4284
29.938
29.4483
28.9591
28.4701
27.9814
27.4927
27.0041
26.5155
26.0268
25.5381
25.0493
24.5606
24.072
23.5835
23.0953
22.6077
22.1208
21.6349
21.1506
20.6681
20.1883
19.7117
19.2393
18.7721
18.3112
17.8578
17.4134
16.9794
38.7122
39.2074
39.4185
39.3213
39.0408
38.6354
38.1547
37.6333
37.0937
36.5493
36.0076
35.4721
34.9441
34.4236
33.9098
33.4018
32.8986
32.3993
31.9029
31.4089
30.9166
30.4256
29.9355
29.4461
28.957
28.4682
27.9796
27.4909
27.0023
26.5135
26.0247
25.5358
25.0468
24.5578
24.0689
23.5801
23.0917
22.6039
22.1168
21.6309
21.1466
20.6644
20.1848
19.7087
19.2369
18.7704
18.3104
17.8579
17.4144
16.9812
39.3924
39.8685
40.0167
39.8159
39.4281
38.9249
38.3629
37.7778
37.1903
36.6113
36.0453
35.4933
34.9545
34.4271
33.9092
33.3989
32.8946
32.395
31.8987
31.405
30.9131
30.4225
29.9329
29.4437
28.9549
28.4663
27.9777
27.4891
27.0004
26.5115
26.0225
25.5334
25.0441
24.5548
24.0656
23.5765
23.0878
22.5996
22.1122
21.626
21.1415
20.6591
20.1795
19.7035
19.2318
18.7656
18.3059
17.8538
17.4106
16.9777
40.2447
40.6758
40.7295
40.3879
39.8626
39.2402
38.5829
37.9256
37.2858
36.67
36.0791
35.5107
34.9614
34.4277
33.9062
33.3942
32.8892
32.3896
31.8937
31.4005
30.9092
30.4192
29.93
29.4413
28.9528
28.4644
27.9759
27.4873
26.9986
26.5096
26.0204
25.531
25.0414
24.5518
24.0621
23.5726
23.0834
22.5947
22.1068
21.6202
21.1351
20.6523
20.1723
19.696
19.2241
18.7576
18.2977
17.8455
17.4021
16.969
41.3216
41.6607
41.5718
41.0393
40.3393
39.5733
38.8064
38.0696
37.3744
36.7212
36.1058
35.5219
34.9633
34.4243
33.9002
33.3872
32.8822
32.383
31.8878
31.3954
30.9049
30.4156
29.927
29.4387
28.9506
28.4625
27.9741
27.4856
26.9968
26.5077
26.0183
25.5286
25.0387
24.5486
24.0585
23.5684
23.0786
22.5893
22.1007
21.6134
21.1276
20.644
20.1633
19.6862
19.2136
18.7465
18.2859
17.833
17.3889
16.9551
42.7
42.8634
42.5592
41.7683
40.8486
39.9125
39.0226
38.201
37.4493
36.7599
36.122
35.5247
34.9587
34.4161
33.8906
33.3775
32.8732
32.3751
31.881
31.3898
30.9003
30.4118
29.9239
29.4362
28.9485
28.4606
27.9725
27.484
26.9951
26.5059
26.0163
25.5263
25.036
24.5454
24.0547
23.564
23.0735
22.5834
22.094
21.6056
21.1189
20.6343
20.1525
19.6743
19.2005
18.7322
18.2705
17.8164
17.3712
16.9361
44.494
44.3343
43.7048
42.5667
41.374
40.241
39.2174
38.3089
37.5029
36.7807
36.1239
35.5167
34.946
34.4019
33.8768
33.3649
32.8623
32.3658
31.8734
31.3836
30.8953
30.4079
29.9208
29.4337
28.9465
28.4589
27.9709
27.4825
26.9936
26.5042
26.0143
25.524
25.0333
24.5422
24.0509
23.5595
23.0681
22.577
22.0865
21.5971
21.1091
20.6231
20.1399
19.6602
19.1848
18.7149
18.2515
17.7958
17.3489
16.9121
46.8768
46.1351
45.0142
43.4142
41.8892
40.5353
39.3726
38.3805
37.5263
36.7779
36.1081
35.4955
34.9239
34.3811
33.8583
33.3491
32.8492
32.3552
31.8649
31.3769
30.8901
30.4039
29.9177
29.4313
28.9446
28.4573
27.9695
27.4812
26.9922
26.5027
26.0126
25.5219
25.0307
24.539
24.047
23.5547
23.0624
22.5702
22.0785
21.5877
21.0982
20.6106
20.1256
19.6439
19.1666
18.6947
18.2291
17.7712
17.3221
16.8832
50.1141
48.3362
46.4756
44.2716
42.3543
40.7639
39.4663
38.4012
37.5103
36.7458
36.071
35.4593
34.8912
34.353
33.8349
33.3301
32.834
32.3433
31.8557
31.3699
30.8848
30.3999
29.9147
29.4291
28.9429
28.456
27.9684
27.4801
26.9911
26.5014
26.011
25.5199
25.0282
24.5359
24.0431
23.55
23.0566
22.5632
22.0701
21.5776
21.0863
20.5968
20.1096
19.6257
19.146
18.6715
18.2034
17.7428
17.2911
16.8495
54.5825
51
48.0452
45.0729
42.7126
40.8872
39.4732
38.356
37.4463
36.6796
36.0102
35.4067
34.8474
34.3174
33.8066
33.308
32.817
32.3303
31.846
31.3626
30.8795
30.396
29.912
29.4271
28.9414
28.4549
27.9675
27.4793
26.9902
26.5003
26.0096
25.5182
25.0259
24.533
24.0394
23.5452
23.0506
22.5559
22.0612
21.567
21.0736
20.5818
20.0922
19.6057
19.1231
18.6456
18.1744
17.7106
17.2557
16.8111
60.8052
54.1384
49.6014
45.7041
42.8837
40.8562
39.3658
38.23
37.3267
36.5756
35.9239
35.3371
34.7924
34.2747
33.7738
33.2831
32.7983
32.3165
31.8359
31.3554
30.8743
30.3924
29.9095
29.4255
28.9404
28.4542
27.967
27.4788
26.9896
26.4996
26.0086
25.5167
25.0239
24.5302
24.0358
23.5405
23.0447
22.5485
22.052
21.5558
21.0603
20.5659
20.0735
19.5839
19.0981
18.6171
18.1423
17.6749
17.2163
16.768
70.2041
57.6684
50.7948
45.9244
42.7291
40.5965
39.1056
38.0038
37.1416
36.4288
35.8097
35.2495
34.7259
34.2247
33.7366
33.2557
32.7784
32.3021
31.8257
31.3483
30.8695
30.3893
29.9075
29.4243
28.9397
28.4539
27.9668
27.4787
26.9895
26.4992
26.0079
25.5155
25.0222
24.5278
24.0324
23.536
23.0389
22.541
22.0427
21.5443
21.0462
20.549
20.0534
19.5603
19.0707
18.5857
18.1067
17.635
17.1721
16.7195
87.5888
61.3387
50.9249
45.3344
42.0501
40.0119
38.6455
37.6532
36.878
36.2319
35.6634
35.1414
34.6464
34.1667
33.6946
33.2257
32.7571
32.2873
31.8156
31.3416
30.8652
30.3867
29.9061
29.4237
28.9396
28.4541
27.9672
27.479
26.9897
26.4993
26.0076
25.5148
25.0209
24.5257
24.0293
23.5317
23.033
22.5334
22.0329
21.532
21.031
20.5305
20.0312
19.534
19.0399
18.5502
18.0662
17.5893
17.1213
16.6636
116.296
64.6135
50.284
44.2289
41.0774
39.2749
38.1086
37.2647
36.5965
36.0276
35.5151
35.0338
34.5688
34.111
33.655
33.1978
32.7378
32.2742
31.8069
31.336
30.8619
30.3848
29.9053
29.4236
28.9399
28.4546
27.9679
27.4797
26.9903
26.4996
26.0077
25.5145
25.02
24.5241
24.0268
23.5281
23.028
22.5266
22.0241
21.5208
21.0169
20.5132
20.0103
19.5091
19.0106
18.5162
18.0272
17.5452
17.072
16.6093
8.33889
10.3012
10.4129
10.8019
11.0135
11.1652
11.2557
11.3054
11.3229
11.3153
11.2876
11.2434
11.1856
11.1163
11.0374
10.9501
10.8558
10.7554
10.6499
10.5398
10.426
10.3088
10.1889
10.0666
9.94222
9.81618
9.68871
9.56005
9.43041
9.29996
9.16886
9.03724
8.90521
8.77286
8.64027
8.50752
8.37465
8.24171
8.10875
7.97578
7.84283
7.70993
7.57708
7.4443
7.31159
7.17895
7.0464
6.91392
6.78152
6.64919
6.51694
6.38475
6.25264
6.12058
5.98857
5.85662
5.72472
5.59285
5.46103
5.32924
5.19749
5.06576
4.93405
4.80237
4.67071
4.53906
4.40743
4.27581
4.1442
4.0126
3.88101
3.74943
3.61785
3.48627
3.3547
3.22314
3.09157
2.96001
2.82845
2.69689
2.56533
2.43378
2.30222
2.17066
2.03911
1.90755
1.776
1.64444
1.51289
1.38134
1.24978
1.11823
0.986672
0.855117
0.723563
0.592008
0.460454
0.328897
0.19735
0.0657704
10.7788
11.3332
11.0382
11.2031
11.2965
11.3758
11.4191
11.4353
11.4276
11.4005
11.3571
11.3001
11.2316
11.1534
11.0669
10.9734
10.8738
10.7689
10.6596
10.5465
10.4301
10.3108
10.1892
10.0656
9.94018
9.81335
9.68531
9.55625
9.42636
9.29578
9.16465
9.03307
8.90114
8.76894
8.63654
8.50399
8.37135
8.23864
8.10591
7.97317
7.84046
7.70777
7.57513
7.44254
7.31002
7.17755
7.04516
6.91282
6.78056
6.64835
6.51621
6.38412
6.25209
6.12011
5.98817
5.85628
5.72443
5.59261
5.46083
5.32908
5.19735
5.06565
4.93397
4.8023
4.67066
4.53902
4.4074
4.27579
4.14419
4.0126
3.88101
3.74943
3.61785
3.48628
3.35471
3.22315
3.09159
2.96002
2.82846
2.6969
2.56535
2.43379
2.30223
2.17068
2.03912
1.90756
1.77601
1.64445
1.5129
1.38134
1.24979
1.11823
0.986676
0.855121
0.723566
0.59201
0.460455
0.328898
0.197347
0.065776
12.1156
12.0827
11.6068
11.5967
11.5843
11.5933
11.5887
11.5702
11.5364
11.4889
11.4291
11.3588
11.2793
11.1919
11.0977
10.9976
10.8925
10.7831
10.67
10.5536
10.4346
10.3132
10.1899
10.0648
9.93836
9.8107
9.68205
9.55257
9.4224
9.29166
9.16048
9.02893
8.89709
8.76503
8.63281
8.50046
8.36803
8.23556
8.10306
7.97055
7.83806
7.70559
7.57316
7.44077
7.30843
7.17614
7.0439
6.91171
6.77958
6.6475
6.51546
6.38347
6.25153
6.11963
5.98776
5.85593
5.72414
5.59237
5.46063
5.32891
5.19722
5.06554
4.93388
4.80223
4.6706
4.53898
4.40737
4.27577
4.14418
4.01259
3.88101
3.74944
3.61786
3.48629
3.35473
3.22316
3.0916
2.96004
2.82848
2.69692
2.56536
2.4338
2.30225
2.17069
2.03913
1.90757
1.77602
1.64446
1.51291
1.38135
1.24979
1.11824
0.986681
0.855125
0.723569
0.592012
0.460456
0.328899
0.197344
0.0657813
13.031
12.6714
12.1115
11.9685
11.8673
11.8116
11.7607
11.7077
11.6476
11.5793
11.5029
11.419
11.3282
11.2313
11.1292
11.0225
10.9119
10.7978
10.6807
10.5612
10.4394
10.3159
10.1907
10.0643
9.93669
9.80818
9.6789
9.54897
9.4185
9.2876
9.15635
9.02482
8.89306
8.76114
8.62908
8.49693
8.36472
8.23246
8.10019
7.96791
7.83564
7.70339
7.57117
7.43898
7.30682
7.1747
7.04262
6.91059
6.77859
6.64663
6.5147
6.38281
6.25096
6.11914
5.98734
5.85558
5.72384
5.59212
5.46042
5.32874
5.19707
5.06542
4.93379
4.80216
4.67055
4.53894
4.40734
4.27575
4.14417
4.01259
3.88101
3.74944
3.61787
3.4863
3.35474
3.22317
3.09161
2.96005
2.82849
2.69693
2.56537
2.43382
2.30226
2.1707
2.03914
1.90759
1.77603
1.64447
1.51291
1.38136
1.2498
1.11824
0.986686
0.855129
0.723571
0.592014
0.460457
0.328899
0.197341
0.0657865
13.6962
13.1528
12.5546
12.3127
12.1392
12.0261
11.9321
11.8459
11.7598
11.6709
11.5777
11.48
11.3778
11.2715
11.1614
11.048
10.9316
10.8128
10.6918
10.5689
10.4445
10.3187
10.1917
10.0638
9.93513
9.80575
9.67582
9.54543
9.41466
9.28358
9.15225
9.02073
8.88905
8.75725
8.62536
8.4934
8.3614
8.22936
8.09732
7.96527
7.83322
7.70119
7.56917
7.43717
7.3052
7.17326
7.04134
6.90945
6.77758
6.64575
6.51393
6.38215
6.25038
6.11864
5.98692
5.85522
5.72353
5.59186
5.4602
5.32856
5.19693
5.06531
4.93369
4.80209
4.67049
4.5389
4.40731
4.27573
4.14416
4.01258
3.88101
3.74944
3.61788
3.48631
3.35475
3.22319
3.09162
2.96006
2.8285
2.69695
2.56539
2.43383
2.30227
2.17071
2.03915
1.9076
1.77604
1.64448
1.51292
1.38136
1.24981
1.11825
0.98669
0.855132
0.723574
0.592016
0.460458
0.3289
0.197339
0.0657916
14.1851
13.5513
12.9412
12.6276
12.3964
12.2337
12.1003
11.9828
11.8717
11.7625
11.6528
11.5414
11.4278
11.3119
11.1938
11.0736
10.9516
10.828
10.703
10.5769
10.4497
10.3216
10.1928
10.0635
9.93364
9.80338
9.67279
9.54193
9.41084
9.27958
9.14817
9.01665
8.88504
8.75336
8.62163
8.48987
8.35807
8.22626
8.09444
7.96261
7.83079
7.69897
7.56716
7.43536
7.30358
7.1718
7.04005
6.9083
6.77657
6.64486
6.51316
6.38147
6.2498
6.11814
5.98649
5.85485
5.72322
5.5916
5.45999
5.32838
5.19678
5.06519
4.9336
4.80201
4.67043
4.53886
4.40728
4.27571
4.14414
4.01257
3.88101
3.74945
3.61788
3.48632
3.35476
3.2232
3.09164
2.96008
2.82852
2.69696
2.5654
2.43384
2.30228
2.17072
2.03916
1.90761
1.77605
1.64449
1.51293
1.38137
1.24981
1.11825
0.986695
0.855136
0.723577
0.592019
0.460459
0.328901
0.197336
0.0657965
14.5557
13.8856
13.2779
12.9135
12.637
12.4321
12.2635
12.117
11.9821
11.8534
11.7274
11.6026
11.4777
11.3523
11.2262
11.0993
10.9717
10.8433
10.7143
10.5848
10.4549
10.3246
10.194
10.0632
9.93216
9.80102
9.66977
9.53844
9.40704
9.27559
9.1441
9.01258
8.88104
8.74948
8.61791
8.48633
8.35474
8.22315
8.09155
7.95995
7.82835
7.69675
7.56515
7.43354
7.30194
7.17035
7.03875
6.90715
6.77556
6.64397
6.51238
6.3808
6.24922
6.11763
5.98606
5.85448
5.72291
5.59134
5.45977
5.3282
5.19663
5.06506
4.9335
4.80194
4.67037
4.53881
4.40725
4.27569
4.14413
4.01257
3.88101
3.74945
3.61789
3.48633
3.35477
3.22321
3.09165
2.96009
2.82853
2.69697
2.56541
2.43385
2.30229
2.17073
2.03918
1.90762
1.77606
1.6445
1.51294
1.38138
1.24982
1.11826
0.9867
0.85514
0.723581
0.592021
0.46046
0.328902
0.197334
0.0658012
14.8474
14.1701
13.5716
13.1721
12.8602
12.6198
12.4203
12.2472
12.09
11.9426
11.8011
11.663
11.5271
11.3923
11.2583
11.1248
10.9915
10.8584
10.7255
10.5927
10.46
10.3275
10.1951
10.0628
9.93066
9.79865
9.66674
9.53494
9.40323
9.27159
9.14002
9.00851
8.87704
8.7456
8.61419
8.4828
8.35142
8.22004
8.08867
7.9573
7.82592
7.69453
7.56313
7.43173
7.30031
7.16889
7.03745
6.906
6.77455
6.64308
6.5116
6.38012
6.24863
6.11713
5.98562
5.85411
5.7226
5.59107
5.45955
5.32802
5.19648
5.06494
4.9334
4.80186
4.67031
4.53877
4.40722
4.27567
4.14411
4.01256
3.88101
3.74945
3.61789
3.48634
3.35478
3.22322
3.09166
2.9601
2.82855
2.69699
2.56543
2.43387
2.30231
2.17075
2.03919
1.90763
1.77607
1.64451
1.51295
1.38139
1.24983
1.11826
0.986705
0.855144
0.723584
0.592023
0.460462
0.328903
0.197332
0.0658057
15.0845
14.4152
13.8288
13.4052
13.066
12.7962
12.5695
12.3724
12.1946
12.0295
11.873
11.7223
11.5755
11.4317
11.2899
11.1498
11.011
10.8732
10.7364
10.6003
10.465
10.3302
10.196
10.0624
9.92909
9.79621
9.66367
9.53141
9.39939
9.26758
9.13593
9.00443
8.87303
8.74172
8.61047
8.47927
8.3481
8.21694
8.08579
7.95464
7.82348
7.69231
7.56112
7.42991
7.29868
7.16743
7.03616
6.90486
6.77354
6.64219
6.51083
6.37945
6.24804
6.11663
5.98519
5.85375
5.72228
5.59081
5.45933
5.32783
5.19633
5.06482
4.93331
4.80178
4.67025
4.53872
4.40718
4.27564
4.1441
4.01255
3.881
3.74945
3.6179
3.48635
3.35479
3.22323
3.09168
2.96012
2.82856
2.697
2.56544
2.43388
2.30232
2.17076
2.0392
1.90764
1.77608
1.64451
1.51295
1.38139
1.24983
1.11827
0.986709
0.855148
0.723587
0.592025
0.460463
0.328904
0.19733
0.0658099
15.2827
14.6284
14.0547
13.6153
13.255
12.9607
12.7105
12.4919
12.2951
12.1135
11.9428
11.7799
11.6228
11.47
11.3207
11.1742
11.0299
10.8876
10.7469
10.6077
10.4697
10.3328
10.1968
10.0618
9.92741
9.79369
9.66052
9.52782
9.39551
9.26353
9.13182
9.00033
8.86901
8.73783
8.60675
8.47574
8.34478
8.21384
8.08292
7.952
7.82106
7.6901
7.55912
7.42811
7.29706
7.16598
7.03487
6.90372
6.77253
6.64131
6.51006
6.37878
6.24746
6.11613
5.98477
5.85338
5.72198
5.59055
5.45911
5.32766
5.19619
5.0647
4.93321
4.80171
4.6702
4.53868
4.40715
4.27562
4.14409
4.01255
3.881
3.74946
3.61791
3.48635
3.3548
3.22325
3.09169
2.96013
2.82857
2.69701
2.56545
2.43389
2.30233
2.17077
2.03921
1.90765
1.77609
1.64452
1.51296
1.3814
1.24984
1.11828
0.986714
0.855152
0.72359
0.592028
0.460464
0.328905
0.197328
0.0658138
15.4519
14.8154
14.2541
13.8043
13.4278
13.1133
12.8429
12.6052
12.391
12.1941
12.01
11.8355
11.6683
11.507
11.3504
11.1977
11.0481
10.9014
10.757
10.6146
10.474
10.335
10.1974
10.061
9.92556
9.79103
9.65727
9.52414
9.39156
9.25943
9.12767
8.9962
8.86498
8.73393
8.60302
8.47221
8.34146
8.21075
8.08006
7.94936
7.81865
7.68791
7.55713
7.42632
7.29545
7.16455
7.03359
6.90258
6.77153
6.64044
6.50929
6.37811
6.24689
6.11563
5.98434
5.85302
5.72167
5.5903
5.4589
5.32748
5.19604
5.06459
4.93312
4.80163
4.67014
4.53864
4.40712
4.2756
4.14407
4.01254
3.881
3.74946
3.61791
3.48636
3.35481
3.22326
3.0917
2.96014
2.82859
2.69703
2.56547
2.43391
2.30234
2.17078
2.03922
1.90766
1.77609
1.64453
1.51297
1.38141
1.24984
1.11828
0.986719
0.855156
0.723593
0.59203
0.460466
0.328906
0.197326
0.0658175
15.5989
14.9803
14.4305
13.9743
13.5854
13.2543
12.9664
12.7117
12.4818
12.2707
12.0741
11.8886
11.712
11.5425
11.3789
11.2201
11.0655
10.9144
10.7664
10.621
10.478
10.3369
10.1977
10.0599
9.92351
9.78821
9.65388
9.52037
9.38754
9.25527
9.12347
8.99205
8.86092
8.73002
8.59929
8.46868
8.33815
8.20767
8.07721
7.94674
7.81625
7.68573
7.55516
7.42454
7.29386
7.16312
7.03233
6.90147
6.77055
6.63957
6.50854
6.37746
6.24633
6.11515
5.98393
5.85267
5.72137
5.59005
5.45869
5.32731
5.1959
5.06447
4.93303
4.80156
4.67009
4.5386
4.40709
4.27558
4.14406
4.01254
3.881
3.74946
3.61792
3.48637
3.35482
3.22327
3.09172
2.96016
2.8286
2.69704
2.56548
2.43392
2.30236
2.17079
2.03923
1.90767
1.7761
1.64454
1.51298
1.38141
1.24985
1.11829
0.986724
0.85516
0.723596
0.592033
0.460467
0.328907
0.197325
0.0658209
15.7281
15.1265
14.5871
14.1271
13.7286
13.3839
13.081
12.8112
12.5671
12.3431
12.1348
11.939
11.7534
11.5762
11.4058
11.2413
11.0818
10.9265
10.7751
10.6268
10.4814
10.3384
10.1976
10.0586
9.92121
9.78519
9.65033
9.51646
9.38341
9.25104
9.11923
8.98786
8.85684
8.7261
8.59556
8.46516
8.33485
8.2046
8.07437
7.94414
7.81387
7.68357
7.55321
7.42278
7.29229
7.16172
7.03108
6.90037
6.76958
6.63873
6.5078
6.37682
6.24577
6.11467
5.98352
5.85232
5.72108
5.5898
5.45849
5.32714
5.19576
5.06436
4.93294
4.8015
4.67003
4.53856
4.40707
4.27557
4.14405
4.01253
3.881
3.74947
3.61793
3.48638
3.35484
3.22328
3.09173
2.96017
2.82861
2.69705
2.56549
2.43393
2.30237
2.17081
2.03924
1.90768
1.77611
1.64455
1.51299
1.38142
1.24986
1.11829
0.986729
0.855164
0.7236
0.592035
0.460469
0.328908
0.197324
0.0658239
15.8426
15.2565
14.7263
14.2643
13.8584
13.5023
13.1866
12.9036
12.6468
12.4109
12.1918
11.9865
11.7924
11.6077
11.431
11.261
11.0968
10.9377
10.7829
10.6319
10.4842
10.3394
10.197
10.0569
9.91862
9.78193
9.6466
9.51241
9.37917
9.24672
9.11492
8.98362
8.85274
8.72216
8.59182
8.46164
8.33156
8.20155
8.07156
7.94155
7.81152
7.68143
7.55128
7.42105
7.29074
7.16034
7.02986
6.89929
6.76863
6.63789
6.50708
6.37619
6.24523
6.11421
5.98313
5.85199
5.7208
5.58957
5.45829
5.32698
5.19563
5.06426
4.93286
4.80143
4.66999
4.53852
4.40704
4.27555
4.14404
4.01253
3.88101
3.74948
3.61794
3.4864
3.35485
3.2233
3.09174
2.96019
2.82863
2.69707
2.56551
2.43394
2.30238
2.17082
2.03925
1.90769
1.77612
1.64456
1.51299
1.38143
1.24986
1.1183
0.986733
0.855168
0.723603
0.592038
0.460471
0.32891
0.197323
0.0658266
15.9446
15.3722
14.85
14.3872
13.9755
13.6102
13.2834
12.9888
12.7205
12.4738
12.2448
12.0306
11.8286
11.637
11.4543
11.2791
11.1105
10.9476
10.7897
10.6361
10.4863
10.3397
10.196
10.0548
9.9157
9.77841
9.64265
9.50819
9.3748
9.2423
9.11053
8.97934
8.8486
8.71821
8.58808
8.45813
8.32829
8.19852
8.06876
7.939
7.80919
7.67932
7.54937
7.41934
7.28921
7.15898
7.02866
6.89823
6.7677
6.63708
6.50638
6.37558
6.24471
6.11376
5.98274
5.85166
5.72053
5.58934
5.4581
5.32682
5.19551
5.06416
4.93278
4.80137
4.66994
4.53849
4.40702
4.27554
4.14404
4.01253
3.88101
3.74948
3.61795
3.48641
3.35486
3.22331
3.09176
2.9602
2.82864
2.69708
2.56552
2.43396
2.30239
2.17083
2.03926
1.9077
1.77613
1.64457
1.513
1.38144
1.24987
1.1183
0.986738
0.855172
0.723606
0.59204
0.460473
0.328911
0.197323
0.065829
16.0356
15.4751
14.96
14.497
14.0809
13.7078
13.3716
13.0667
12.7882
12.5317
12.2937
12.0712
11.8619
11.6639
11.4755
11.2955
11.1227
10.9563
10.7955
10.6394
10.4876
10.3394
10.1945
10.0523
9.91242
9.77458
9.63846
9.50377
9.37028
9.23777
9.10607
8.975
8.84443
8.71424
8.58433
8.45462
8.32503
8.1955
8.066
7.93647
7.80689
7.67724
7.5475
7.41767
7.28772
7.15766
7.02748
6.8972
6.7668
6.6363
6.50569
6.37499
6.2442
6.11333
5.98238
5.85135
5.72027
5.58912
5.45793
5.32668
5.19539
5.06406
4.9327
4.80132
4.6699
4.53846
4.407
4.27553
4.14403
4.01253
3.88102
3.74949
3.61796
3.48642
3.35487
3.22333
3.09177
2.96022
2.82866
2.6971
2.56553
2.43397
2.30241
2.17084
2.03927
1.90771
1.77614
1.64458
1.51301
1.38144
1.24988
1.11831
0.986743
0.855177
0.72361
0.592043
0.460474
0.328912
0.197322
0.0658311
16.1168
15.5666
15.0575
14.5948
14.1752
13.7956
13.4512
13.1374
12.8498
12.5845
12.3382
12.1082
11.8921
11.688
11.4944
11.3099
11.1333
10.9636
10.8
10.6417
10.4881
10.3385
10.1923
10.0492
9.90873
9.77043
9.634
9.49915
9.3656
9.23312
9.10151
8.97059
8.84022
8.71025
8.58058
8.45112
8.32178
8.19251
8.06326
7.93397
7.80463
7.6752
7.54567
7.41603
7.28626
7.15637
7.02635
6.8962
6.76593
6.63554
6.50503
6.37442
6.24372
6.11291
5.98203
5.85106
5.72002
5.58892
5.45776
5.32654
5.19528
5.06398
4.93264
4.80127
4.66986
4.53844
4.40699
4.27552
4.14403
4.01253
3.88102
3.7495
3.61797
3.48643
3.35489
3.22334
3.09179
2.96023
2.82867
2.69711
2.56555
2.43398
2.30242
2.17085
2.03929
1.90772
1.77615
1.64458
1.51302
1.38145
1.24988
1.11832
0.986748
0.855181
0.723613
0.592046
0.460476
0.328914
0.197322
0.0658329
16.1889
15.6475
15.1436
14.6814
14.2589
13.8739
13.5226
13.2009
12.9052
12.632
12.3782
12.1413
11.919
11.7094
11.511
11.3222
11.1421
10.9694
10.8033
10.643
10.4876
10.3367
10.1895
10.0457
9.90459
9.76591
9.62926
9.49429
9.36074
9.22833
9.09686
8.96612
8.83596
8.70624
8.57682
8.44762
8.31855
8.18955
8.06055
7.93151
7.8024
7.6732
7.54388
7.41443
7.28484
7.15511
7.02524
6.89523
6.76508
6.63481
6.5044
6.37388
6.24325
6.11252
5.98169
5.85078
5.71979
5.58873
5.4576
5.32642
5.19518
5.0639
4.93258
4.80122
4.66983
4.53842
4.40697
4.27551
4.14403
4.01254
3.88103
3.74951
3.61798
3.48645
3.3549
3.22336
3.0918
2.96025
2.82869
2.69713
2.56556
2.434
2.30243
2.17086
2.0393
1.90773
1.77616
1.64459
1.51303
1.38146
1.24989
1.11832
0.986753
0.855185
0.723617
0.592049
0.460478
0.328915
0.197323
0.0658343
16.2526
15.7187
15.2191
14.7576
14.3328
13.9432
13.5858
13.2573
12.9544
12.6741
12.4136
12.1704
11.9424
11.7278
11.5249
11.3324
11.149
10.9736
10.8052
10.643
10.4862
10.3341
10.186
10.0415
9.89998
9.76101
9.6242
9.48919
9.35568
9.2234
9.0921
8.96158
8.83166
8.7022
8.57306
8.44414
8.31535
8.18661
8.05788
7.92909
7.80022
7.67124
7.54213
7.41287
7.28346
7.1539
7.02418
6.8943
6.76428
6.63411
6.5038
6.37337
6.24281
6.11215
5.98138
5.85052
5.71958
5.58855
5.45746
5.3263
5.19509
5.06383
4.93253
4.80118
4.66981
4.5384
4.40697
4.27551
4.14404
4.01255
3.88104
3.74953
3.618
3.48646
3.35492
3.22337
3.09182
2.96026
2.8287
2.69714
2.56558
2.43401
2.30244
2.17088
2.03931
1.90774
1.77617
1.6446
1.51303
1.38146
1.2499
1.11833
0.986758
0.855189
0.72362
0.592051
0.460481
0.328917
0.197323
0.0658354
16.3084
15.7807
15.2849
14.8239
14.3972
14.0038
13.6411
13.3066
12.9974
12.7107
12.4442
12.1954
11.9623
11.7431
11.5362
11.3403
11.1539
10.976
10.8057
10.6418
10.4837
10.3306
10.1818
10.0367
9.89485
9.75568
9.6188
9.48382
9.35042
9.21831
9.08723
8.95696
8.82732
8.69814
8.5693
8.44067
8.31217
8.18371
8.05524
7.92671
7.79809
7.66933
7.54043
7.41137
7.28213
7.15273
7.02316
6.89341
6.76351
6.63344
6.50323
6.37288
6.2424
6.1118
5.98109
5.85028
5.71938
5.58839
5.45733
5.3262
5.19501
5.06377
4.93248
4.80115
4.66979
4.53839
4.40696
4.27552
4.14405
4.01256
3.88106
3.74954
3.61802
3.48648
3.35494
3.22339
3.09184
2.96028
2.82872
2.69716
2.56559
2.43402
2.30246
2.17089
2.03932
1.90775
1.77618
1.64461
1.51304
1.38147
1.2499
1.11833
0.986763
0.855193
0.723624
0.592054
0.460483
0.328918
0.197324
0.0658362
16.3566
15.8342
15.3415
14.881
14.4527
14.0559
13.6887
13.349
13.0342
12.7419
12.4699
12.2161
11.9784
11.7552
11.5447
11.3457
11.1567
10.9767
10.8045
10.6393
10.4801
10.3261
10.1768
10.0313
9.88918
9.74991
9.61305
9.47817
9.34495
9.21306
9.08224
8.95226
8.82292
8.69406
8.56553
8.43721
8.30901
8.18085
8.05265
7.92439
7.796
7.66747
7.53878
7.40991
7.28085
7.15161
7.02218
6.89257
6.76278
6.63282
6.5027
6.37243
6.24202
6.11148
5.98083
5.85006
5.7192
5.58825
5.45722
5.32611
5.19495
5.06372
4.93245
4.80113
4.66978
4.53839
4.40697
4.27552
4.14406
4.01257
3.88107
3.74956
3.61803
3.4865
3.35496
3.22341
3.09185
2.9603
2.82874
2.69717
2.56561
2.43404
2.30247
2.1709
2.03933
1.90776
1.77619
1.64462
1.51305
1.38148
1.24991
1.11834
0.986768
0.855198
0.723627
0.592057
0.460485
0.32892
0.197325
0.0658368
16.3977
15.8796
15.3893
14.9292
14.4996
14.0999
13.7288
13.3844
13.0647
12.7676
12.4908
12.2325
11.9908
11.7639
11.5503
11.3486
11.1574
10.9755
10.8018
10.6354
10.4753
10.3207
10.1709
10.0251
9.88293
9.74368
9.60692
9.47223
9.33924
9.20763
9.07712
8.94747
8.81848
8.68995
8.56176
8.43377
8.30588
8.17802
8.05011
7.92211
7.79397
7.66567
7.53719
7.40851
7.27963
7.15054
7.02125
6.89177
6.76209
6.63223
6.5022
6.37201
6.24167
6.11119
5.98059
5.84987
5.71904
5.58812
5.45712
5.32604
5.19489
5.06369
4.93243
4.80112
4.66977
4.53839
4.40697
4.27553
4.14407
4.01259
3.88109
3.74958
3.61805
3.48652
3.35498
3.22343
3.09187
2.96031
2.82875
2.69719
2.56562
2.43405
2.30248
2.17091
2.03934
1.90777
1.7762
1.64463
1.51306
1.38149
1.24991
1.11834
0.986773
0.855202
0.723631
0.59206
0.460488
0.328922
0.197327
0.065837
16.4319
15.9173
15.429
14.9691
14.5382
14.136
13.7615
13.4131
13.0891
12.7877
12.5067
12.2445
11.9992
11.7692
11.5529
11.3489
11.1557
10.9723
10.7974
10.63
10.4692
10.3142
10.1641
10.0183
9.87608
9.73695
9.60039
9.46597
9.33329
9.20203
9.07188
8.9426
8.81398
8.68582
8.55799
8.43034
8.30279
8.17524
8.04762
7.91989
7.792
7.66393
7.53566
7.40717
7.27846
7.14953
7.02038
6.89102
6.76145
6.63169
6.50174
6.37163
6.24135
6.11093
5.98037
5.8497
5.71891
5.58802
5.45704
5.32598
5.19485
5.06366
4.93241
4.80111
4.66977
4.5384
4.40699
4.27555
4.14409
4.01261
3.88111
3.7496
3.61808
3.48654
3.355
3.22345
3.09189
2.96033
2.82877
2.6972
2.56564
2.43407
2.3025
2.17092
2.03935
1.90778
1.77621
1.64464
1.51306
1.38149
1.24992
1.11835
0.986778
0.855206
0.723635
0.592063
0.46049
0.328924
0.197328
0.065837
16.4594
15.9475
15.4607
15.0009
14.5689
14.1645
13.787
13.4351
13.1074
12.8022
12.5176
12.2521
12.0037
11.771
11.5524
11.3464
11.1517
10.967
10.7912
10.6231
10.4619
10.3066
10.1564
10.0106
9.8686
9.72971
9.59345
9.45938
9.32709
9.19624
9.06651
8.93764
8.80943
8.68167
8.55422
8.42694
8.29973
8.1725
8.04518
7.91773
7.7901
7.66226
7.5342
7.4059
7.27736
7.14858
7.01957
6.89032
6.76086
6.63119
6.50133
6.37128
6.24107
6.1107
5.98019
5.84955
5.7188
5.58793
5.45698
5.32594
5.19483
5.06365
4.93241
4.80112
4.66978
4.53841
4.40701
4.27557
4.14411
4.01263
3.88114
3.74962
3.6181
3.48656
3.35502
3.22347
3.09191
2.96035
2.82879
2.69722
2.56565
2.43408
2.30251
2.17094
2.03936
1.90779
1.77622
1.64464
1.51307
1.3815
1.24993
1.11835
0.986783
0.855211
0.723638
0.592067
0.460493
0.328926
0.19733
0.0658368
16.4804
15.9706
15.4848
15.025
14.5919
14.1855
13.8054
13.4505
13.1196
12.8111
12.5235
12.255
12.0042
11.7692
11.5487
11.3412
11.1452
10.9596
10.7831
10.6147
10.4532
10.2979
10.1478
10.0022
9.86046
9.72193
9.58609
9.45247
9.32064
9.19026
9.061
8.9326
8.80483
8.67751
8.55046
8.42357
8.29672
8.16982
8.04281
7.91564
7.78826
7.66065
7.5328
7.40469
7.27632
7.14769
7.01881
6.88969
6.76033
6.63075
6.50096
6.37098
6.24083
6.11051
5.98004
5.84943
5.71871
5.58787
5.45694
5.32591
5.19481
5.06364
4.93241
4.80113
4.6698
4.53844
4.40703
4.2756
4.14414
4.01266
3.88116
3.74965
3.61813
3.48659
3.35504
3.22349
3.09193
2.96037
2.82881
2.69724
2.56567
2.43409
2.30252
2.17095
2.03937
1.9078
1.77623
1.64465
1.51308
1.38151
1.24993
1.11836
0.986787
0.855215
0.723642
0.59207
0.460496
0.328928
0.197332
0.0658363
16.4951
15.9868
15.5017
15.0416
14.6073
14.1992
13.8168
13.4593
13.1257
12.8145
12.5243
12.2534
12.0005
11.7637
11.5418
11.3331
11.1363
10.9501
10.7732
10.6046
10.4432
10.288
10.1382
9.99296
9.85165
9.71362
9.5783
9.44521
9.31393
9.18408
9.05535
8.92746
8.80019
8.67332
8.54671
8.42022
8.29375
8.16719
8.0405
7.91361
7.7865
7.65913
7.53148
7.40356
7.27536
7.14687
7.01812
6.88911
6.75985
6.63035
6.50064
6.37073
6.24062
6.11035
5.97992
5.84935
5.71865
5.58783
5.45692
5.32591
5.19482
5.06366
4.93243
4.80116
4.66983
4.53847
4.40706
4.27563
4.14417
4.01269
3.88119
3.74968
3.61815
3.48662
3.35507
3.22351
3.09196
2.96039
2.82882
2.69725
2.56568
2.43411
2.30253
2.17096
2.03939
1.90781
1.77624
1.64466
1.51309
1.38151
1.24994
1.11837
0.986792
0.855219
0.723646
0.592073
0.460498
0.32893
0.197334
0.0658357
16.5037
15.9963
15.5114
15.0509
14.6155
14.2058
13.8214
13.4617
13.1257
12.8122
12.5199
12.2472
11.9926
11.7545
11.5315
11.322
11.1247
10.9382
10.7613
10.5928
10.4317
10.2769
10.1275
9.98287
9.84215
9.70474
9.57005
9.4376
9.30695
9.17772
9.04957
8.92224
8.79549
8.66913
8.54298
8.41691
8.29083
8.16463
8.03826
7.91167
7.78481
7.65768
7.53024
7.40251
7.27446
7.14613
7.0175
6.88859
6.75943
6.63001
6.50037
6.37051
6.24046
6.11023
5.97983
5.84929
5.71861
5.58782
5.45691
5.32592
5.19484
5.06368
4.93247
4.80119
4.66987
4.5385
4.4071
4.27567
4.14421
4.01273
3.88123
3.74971
3.61818
3.48664
3.35509
3.22354
3.09198
2.96041
2.82884
2.69727
2.5657
2.43412
2.30255
2.17097
2.0394
1.90782
1.77624
1.64467
1.51309
1.38152
1.24994
1.11837
0.986797
0.855224
0.72365
0.592076
0.460501
0.328932
0.197337
0.0658349
16.5062
15.9992
15.5142
15.053
14.6166
14.2053
13.8192
13.4575
13.1197
12.8044
12.5104
12.2362
11.9804
11.7415
11.5178
11.308
11.1105
10.9241
10.7475
10.5794
10.4187
10.2645
10.1159
9.97192
9.83195
9.69529
9.56136
9.42964
9.2997
9.17115
9.04366
8.91694
8.79076
8.66493
8.53926
8.41365
8.28797
8.16214
8.0361
7.9098
7.78322
7.65631
7.52909
7.40153
7.27365
7.14545
7.01695
6.88815
6.75907
6.62973
6.50015
6.37035
6.24034
6.11015
5.97978
5.84926
5.71861
5.58783
5.45694
5.32595
5.19488
5.06373
4.93251
4.80124
4.66992
4.53855
4.40715
4.27571
4.14425
4.01277
3.88127
3.74975
3.61822
3.48667
3.35512
3.22356
3.092
2.96043
2.82886
2.69729
2.56571
2.43414
2.30256
2.17098
2.03941
1.90783
1.77625
1.64468
1.5131
1.38153
1.24995
1.11838
0.986802
0.855228
0.723654
0.59208
0.460504
0.328934
0.19734
0.065834
16.5029
15.9957
15.5103
15.0483
14.6107
14.198
13.8103
13.447
13.1076
12.7909
12.4957
12.2205
11.964
11.7246
11.5007
11.2909
11.0937
10.9077
10.7316
10.5641
10.4043
10.2509
10.1031
9.96009
9.82102
9.68526
9.5522
9.42133
9.29219
9.1644
9.03762
8.91156
8.786
8.66072
8.53558
8.41043
8.28517
8.15972
8.03402
7.90803
7.78171
7.65504
7.52803
7.40065
7.27293
7.14486
7.01647
6.88777
6.75878
6.62951
6.49999
6.37024
6.24027
6.11011
5.97977
5.84927
5.71863
5.58786
5.45698
5.326
5.19493
5.06378
4.93257
4.8013
4.66997
4.5386
4.4072
4.27576
4.1443
4.01281
3.88131
3.74978
3.61825
3.48671
3.35515
3.22359
3.09203
2.96046
2.82888
2.69731
2.56573
2.43415
2.30257
2.171
2.03942
1.90784
1.77626
1.64468
1.51311
1.38153
1.24996
1.11838
0.986807
0.855232
0.723658
0.592083
0.460508
0.328937
0.197343
0.0658329
16.4938
15.986
15.4998
15.0367
14.5979
14.1839
13.7947
13.4302
13.0895
12.7717
12.4757
12.2
11.9432
11.7037
11.4801
11.2707
11.0741
10.8888
10.7136
10.5471
10.3883
10.236
10.0893
9.94737
9.80938
9.67465
9.54259
9.41266
9.28442
9.15746
9.03145
8.90612
8.78121
8.65653
8.53192
8.40726
8.28244
8.15739
8.03204
7.90635
7.7803
7.65387
7.52706
7.39986
7.27229
7.14436
7.01608
6.88747
6.75856
6.62935
6.49989
6.37018
6.24025
6.11011
5.97979
5.84931
5.71868
5.58792
5.45705
5.32607
5.195
5.06386
4.93264
4.80137
4.67004
4.53867
4.40726
4.27582
4.14435
4.01286
3.88135
3.74983
3.61829
3.48674
3.35518
3.22362
3.09205
2.96048
2.8289
2.69732
2.56575
2.43417
2.30259
2.17101
2.03943
1.90785
1.77627
1.64469
1.51311
1.38154
1.24996
1.11839
0.986811
0.855236
0.723662
0.592087
0.460511
0.328939
0.197346
0.0658317
16.4791
15.9702
15.4828
15.0185
14.5783
14.163
13.7726
13.4069
13.0653
12.7469
12.4505
12.1747
11.918
11.6789
11.4559
11.2473
11.0517
10.8675
10.6935
10.5283
10.3708
10.2198
10.0744
9.93376
9.797
9.66346
9.53252
9.40365
9.27639
9.15034
9.02518
8.90061
8.7764
8.65235
8.52832
8.40417
8.2798
8.15515
8.03015
7.90478
7.779
7.6528
7.52619
7.39917
7.27175
7.14394
7.01577
6.88725
6.7584
6.62926
6.49984
6.37017
6.24027
6.11016
5.97986
5.84939
5.71877
5.58802
5.45714
5.32616
5.1951
5.06395
4.93273
4.80145
4.67012
4.53874
4.40733
4.27588
4.14441
4.01291
3.8814
3.74987
3.61833
3.48677
3.35521
3.22365
3.09208
2.9605
2.82892
2.69734
2.56576
2.43418
2.3026
2.17102
2.03944
1.90786
1.77628
1.6447
1.51312
1.38154
1.24997
1.11839
0.986816
0.855241
0.723665
0.59209
0.460514
0.328942
0.19735
0.0658305
16.4588
15.9484
15.4594
14.9936
14.552
14.1354
13.7439
13.3773
13.0351
12.7164
12.42
12.1444
11.8883
11.6501
11.4281
11.2207
11.0264
10.8438
10.6713
10.5077
10.3517
10.2023
10.0585
9.91926
9.7839
9.65169
9.52199
9.39429
9.26811
9.14305
9.01879
8.89505
8.77158
8.6482
8.52476
8.40114
8.27725
8.15301
8.02837
7.90331
7.7778
7.65185
7.52544
7.39858
7.2713
7.14362
7.01554
6.8871
6.75833
6.62924
6.49986
6.37022
6.24035
6.11025
5.97997
5.8495
5.71889
5.58813
5.45726
5.32628
5.19521
5.06405
4.93283
4.80154
4.6702
4.53882
4.4074
4.27595
4.14447
4.01297
3.88145
3.74991
3.61837
3.48681
3.35525
3.22368
3.0921
2.96052
2.82894
2.69736
2.56578
2.4342
2.30261
2.17103
2.03945
1.90787
1.77629
1.64471
1.51313
1.38155
1.24997
1.1184
0.986821
0.855245
0.723669
0.592094
0.460517
0.328945
0.197353
0.0658293
16.433
15.9206
15.4297
14.9622
14.519
14.1011
13.7085
13.3413
12.9988
12.6801
12.3841
12.1093
11.8542
11.6172
11.3966
11.1909
10.9984
10.8175
10.6469
10.4852
10.3311
10.1835
10.0414
9.90386
9.77008
9.63935
9.51103
9.38461
9.25959
9.13561
9.01232
8.88945
8.76677
8.64409
8.52128
8.39821
8.2748
8.15098
8.02671
7.90197
7.77673
7.65101
7.52479
7.39811
7.27097
7.14339
7.01541
6.88705
6.75833
6.62929
6.49995
6.37034
6.24048
6.11039
5.98011
5.84966
5.71904
5.58828
5.4574
5.32642
5.19534
5.06417
4.93294
4.80165
4.6703
4.53891
4.40748
4.27602
4.14454
4.01303
3.8815
3.74996
3.61841
3.48685
3.35528
3.22371
3.09213
2.96055
2.82896
2.69738
2.5658
2.43421
2.30263
2.17104
2.03946
1.90788
1.77629
1.64471
1.51313
1.38156
1.24998
1.1184
0.986825
0.855249
0.723673
0.592098
0.460521
0.328948
0.197357
0.065828
16.4018
15.8869
15.3938
14.9242
14.4793
14.0601
13.6666
13.2989
12.9564
12.638
12.3427
12.0691
11.8154
11.5801
11.3615
11.1578
10.9674
10.7888
10.6204
10.4608
10.3089
10.1634
10.0232
9.88758
9.75555
9.62645
9.49965
9.37461
9.25086
9.12803
9.00577
8.88383
8.76198
8.64004
8.51788
8.39538
8.27246
8.14907
8.02518
7.90075
7.77579
7.65029
7.52427
7.39775
7.27074
7.14327
7.01537
6.88708
6.75842
6.62941
6.5001
6.37051
6.24066
6.11059
5.98031
5.84985
5.71923
5.58846
5.45757
5.32658
5.19549
5.06431
4.93307
4.80176
4.67041
4.53901
4.40757
4.2761
4.14461
4.01309
3.88156
3.75002
3.61846
3.48689
3.35532
3.22374
3.09216
2.96057
2.82899
2.6974
2.56581
2.43422
2.30264
2.17105
2.03947
1.90788
1.7763
1.64472
1.51314
1.38156
1.24998
1.11841
0.98683
0.855253
0.723677
0.592102
0.460525
0.328951
0.197361
0.0658268
16.3653
15.8474
15.3516
14.8797
14.433
14.0123
13.6181
13.25
12.9077
12.5901
12.2959
12.0238
11.772
11.5389
11.3226
11.1214
10.9336
10.7575
10.5917
10.4347
10.2851
10.1419
10.004
9.87043
9.74033
9.61302
9.48786
9.36432
9.24193
9.12032
8.99917
8.87821
8.75723
8.63606
8.51457
8.39266
8.27025
8.14731
8.02379
7.89968
7.77499
7.64972
7.52388
7.39751
7.27062
7.14326
7.01544
6.8872
6.75858
6.62961
6.50032
6.37074
6.2409
6.11083
5.98054
5.85008
5.71945
5.58867
5.45777
5.32676
5.19566
5.06447
4.93321
4.8019
4.67053
4.53912
4.40767
4.27619
4.14469
4.01316
3.88162
3.75007
3.61851
3.48693
3.35535
3.22377
3.09219
2.9606
2.82901
2.69742
2.56583
2.43424
2.30265
2.17106
2.03948
1.90789
1.77631
1.64473
1.51315
1.38157
1.24999
1.11841
0.986834
0.855258
0.723681
0.592106
0.460529
0.328954
0.197366
0.0658258
16.3235
15.8021
15.3032
14.8287
14.38
13.9579
13.5629
13.1947
12.8528
12.5363
12.2437
11.9735
11.724
11.4935
11.28
11.0817
10.8968
10.7237
10.5608
10.4067
10.2599
10.1193
9.98377
9.85246
9.72447
9.5991
9.47571
9.35377
9.23284
9.11254
8.99255
8.87262
8.75255
8.63217
8.51138
8.39007
8.26819
8.14568
8.02254
7.89876
7.77433
7.64928
7.52363
7.3974
7.27063
7.14335
7.01561
6.88742
6.75884
6.62989
6.50062
6.37104
6.2412
6.11112
5.98083
5.85035
5.7197
5.58891
5.45799
5.32697
5.19585
5.06464
4.93337
4.80204
4.67066
4.53923
4.40777
4.27628
4.14477
4.01324
3.88169
3.75013
3.61856
3.48698
3.35539
3.2238
3.09221
2.96062
2.82903
2.69744
2.56584
2.43425
2.30266
2.17107
2.03949
1.9079
1.77632
1.64473
1.51315
1.38157
1.24999
1.11842
0.986838
0.855262
0.723685
0.59211
0.460533
0.328958
0.19737
0.0658249
16.2765
15.7511
15.2487
14.7713
14.3203
13.8967
13.501
13.1328
12.7917
12.4765
12.1859
11.9181
11.6714
11.4439
11.2337
11.0387
10.8573
10.6875
10.5279
10.3769
10.2331
10.0954
9.96255
9.83371
9.708
9.58472
9.46323
9.34301
9.22362
9.10469
8.98592
8.86707
8.74795
8.62841
8.50833
8.38764
8.26628
8.14423
8.02147
7.898
7.77383
7.649
7.52352
7.39743
7.27077
7.14357
7.01588
6.88774
6.75919
6.63026
6.50098
6.37141
6.24156
6.11146
5.98116
5.85066
5.71999
5.58918
5.45824
5.3272
5.19606
5.06483
4.93354
4.80219
4.6708
4.53936
4.40788
4.27638
4.14486
4.01331
3.88175
3.75019
3.61861
3.48702
3.35543
3.22384
3.09224
2.96065
2.82905
2.69745
2.56586
2.43427
2.30267
2.17108
2.03949
1.90791
1.77632
1.64474
1.51316
1.38158
1.25
1.11842
0.986842
0.855266
0.723689
0.592114
0.460537
0.328962
0.197375
0.0658243
16.2234
15.6933
15.1868
14.706
14.2526
13.8274
13.4309
13.063
12.7229
12.4095
12.1213
11.8565
11.6131
11.3892
11.1828
10.9917
10.8141
10.6482
10.4923
10.3449
10.2045
10.0699
9.94003
9.81392
9.69072
9.56971
9.45028
9.33191
9.21418
9.09672
8.97925
8.86155
8.74342
8.62474
8.50541
8.38536
8.26454
8.14295
8.02057
7.89741
7.77351
7.64888
7.52357
7.39761
7.27104
7.14392
7.01628
6.88817
6.75964
6.63071
6.50144
6.37185
6.24198
6.11187
5.98154
5.85102
5.72032
5.58949
5.45853
5.32745
5.19629
5.06505
4.93373
4.80236
4.67095
4.53949
4.408
4.27649
4.14495
4.01339
3.88183
3.75025
3.61866
3.48707
3.35547
3.22387
3.09227
2.96067
2.82907
2.69747
2.56587
2.43428
2.30268
2.17109
2.0395
1.90791
1.77633
1.64474
1.51316
1.38158
1.25
1.11842
0.986846
0.855269
0.723693
0.592118
0.460541
0.328966
0.197381
0.0658244
16.162
15.6262
15.1149
14.6302
14.1738
13.7469
13.3498
12.9823
12.6436
12.3325
12.0473
11.7861
11.5468
11.3272
11.1253
10.9388
10.7658
10.6044
10.4528
10.3095
10.173
10.042
9.91549
9.79246
9.67207
9.55362
9.43648
9.32017
9.20426
9.08842
8.97238
8.85591
8.73886
8.62111
8.50257
8.3832
8.26295
8.14184
8.01985
7.89702
7.77338
7.64896
7.5238
7.39797
7.27149
7.14443
7.01683
6.88875
6.76022
6.63129
6.502
6.37239
6.2425
6.11235
5.98199
5.85144
5.72071
5.58984
5.45885
5.32775
5.19656
5.06528
4.93395
4.80256
4.67112
4.53964
4.40813
4.2766
4.14505
4.01348
3.8819
3.75031
3.61872
3.48712
3.35551
3.22391
3.0923
2.9607
2.82909
2.69749
2.56589
2.43429
2.3027
2.1711
2.03951
1.90792
1.77633
1.64475
1.51317
1.38158
1.25001
1.11843
0.98685
0.855273
0.723698
0.592122
0.460546
0.328971
0.197388
0.0658262
16.1026
15.5614
15.0452
14.5567
14.0976
13.669
13.2713
12.9043
12.5671
12.2584
11.9762
11.7186
11.4833
11.2681
11.0706
10.8886
10.7201
10.563
10.4156
10.2763
10.1435
10.016
9.89268
9.77258
9.65486
9.53882
9.42385
9.30947
9.19527
9.08094
8.96622
8.8509
8.73485
8.61795
8.50015
8.38139
8.26167
8.14098
8.01935
7.8968
7.77339
7.64915
7.52413
7.3984
7.272
7.14499
7.01742
6.88934
6.76081
6.63187
6.50256
6.37293
6.243
6.11283
5.98243
5.85185
5.72109
5.59019
5.45916
5.32803
5.19681
5.06551
4.93415
4.80274
4.67128
4.53978
4.40826
4.27671
4.14515
4.01357
3.88197
3.75038
3.61877
3.48716
3.35555
3.22394
3.09233
2.96072
2.82911
2.69751
2.5659
2.4343
2.30271
2.17111
2.03952
1.90793
1.77634
1.64475
1.51317
1.38159
1.25001
1.11843
0.986853
0.855277
0.723701
0.592126
0.460551
0.328976
0.197395
0.0658307
10.191
10.2005
10.2682
10.3873
10.5381
10.7025
10.8648
11.0133
11.1399
11.2398
11.3109
11.3529
11.3669
11.3549
11.3194
11.2631
11.1887
11.0988
10.9958
10.8819
10.7591
10.6292
10.4936
10.3536
10.2103
10.0647
9.91751
9.76932
9.62068
9.47197
9.32352
9.17558
9.02833
8.88189
8.73635
8.59177
8.44817
8.30555
8.16388
8.02315
7.88331
7.74431
7.60609
7.46862
7.33182
7.19564
7.06002
6.92492
6.79029
6.65606
6.52221
6.38869
6.25546
6.12248
5.98973
5.85717
5.72479
5.59255
5.46043
5.32843
5.19651
5.06468
4.93291
4.80119
4.66952
4.53788
4.40628
4.2747
4.14314
4.0116
3.88006
3.74854
3.61702
3.4855
3.35399
3.22248
3.09097
2.95946
2.82794
2.69643
2.56491
2.43339
2.30186
2.17034
2.03881
1.90728
1.77574
1.6442
1.51267
1.38112
1.24958
1.11804
0.986494
0.85495
0.723405
0.59186
0.460318
0.328773
0.197249
0.0656757
10.2001
10.209
10.2716
10.3812
10.5202
10.6729
10.8249
10.9651
11.0857
11.182
11.2515
11.2936
11.3091
11.2997
11.2674
11.2148
11.1443
11.0584
10.9593
10.8493
10.7302
10.6037
10.4713
10.3342
10.1936
10.0504
9.90531
9.75902
9.61205
9.46482
9.31765
9.17082
9.02453
8.87891
8.73407
8.59007
8.44696
8.30474
8.16341
8.02294
7.88331
7.74448
7.60639
7.46901
7.33227
7.19613
7.06055
6.92546
6.79082
6.65659
6.52272
6.38917
6.25591
6.12291
5.99013
5.85754
5.72512
5.59286
5.46071
5.32868
5.19674
5.06488
4.93309
4.80135
4.66966
4.53801
4.40639
4.2748
4.14323
4.01167
3.88013
3.74859
3.61707
3.48555
3.35403
3.22251
3.09099
2.95948
2.82796
2.69644
2.56492
2.4334
2.30187
2.17035
2.03882
1.90728
1.77575
1.64421
1.51267
1.38113
1.24959
1.11804
0.9865
0.854956
0.723412
0.591868
0.460327
0.328782
0.197261
0.0656849
10.2021
10.2107
10.2688
10.37
10.4984
10.6401
10.7822
10.9143
11.0292
11.1218
11.1897
11.2318
11.2488
11.2418
11.2128
11.1638
11.0973
11.0155
10.9206
10.8146
10.6993
10.5764
10.4473
10.3133
10.1755
10.0348
9.89197
9.74771
9.60254
9.45688
9.3111
9.16548
9.02022
8.87549
8.73141
8.58806
8.44548
8.30371
8.16275
8.02258
7.8832
7.74455
7.60661
7.46934
7.33269
7.19661
7.06105
6.92598
6.79135
6.65711
6.52323
6.38966
6.25638
6.12335
5.99054
5.85792
5.72547
5.59318
5.46101
5.32895
5.19698
5.0651
4.93328
4.80152
4.66981
4.53815
4.40651
4.2749
4.14332
4.01175
3.8802
3.74865
3.61712
3.48559
3.35407
3.22254
3.09102
2.9595
2.82798
2.69646
2.56494
2.43341
2.30188
2.17035
2.03882
1.90729
1.77575
1.64422
1.51268
1.38114
1.24959
1.11805
0.986507
0.854963
0.723419
0.591876
0.460336
0.328792
0.197274
0.0656891
10.1926
10.2019
10.2574
10.3533
10.4744
10.6083
10.7431
10.8693
10.9795
11.0693
11.1357
11.1779
11.196
11.191
11.1646
11.1187
11.0556
10.9772
10.8858
10.7832
10.6712
10.5514
10.4253
10.294
10.1587
10.0202
9.87948
9.73705
9.5935
9.44929
9.30478
9.16026
9.01596
8.87207
8.7287
8.58595
8.44389
8.30255
8.16194
8.02207
7.88292
7.74447
7.60668
7.46953
7.33296
7.19694
7.06143
6.92639
6.79177
6.65753
6.52365
6.39007
6.25677
6.12372
5.99089
5.85825
5.72578
5.59346
5.46126
5.32918
5.19719
5.06529
4.93345
4.80168
4.66995
4.53827
4.40662
4.275
4.1434
4.01182
3.88026
3.74871
3.61717
3.48563
3.3541
3.22257
3.09105
2.95953
2.828
2.69648
2.56495
2.43342
2.30189
2.17036
2.03883
1.9073
1.77576
1.64422
1.51268
1.38114
1.2496
1.11806
0.986513
0.85497
0.723427
0.591883
0.460344
0.3288
0.197285
0.0656902
10.1718
10.1835
10.2384
10.3315
10.448
10.5767
10.7063
10.8279
10.9347
11.0221
11.0875
11.1296
11.1485
11.1451
11.1209
11.0777
11.0174
10.9421
10.8537
10.7542
10.6451
10.5281
10.4046
10.2758
10.1427
10.0064
9.86748
9.72674
9.58471
9.44185
9.29853
9.15506
9.01168
8.86857
8.72589
8.58373
8.44217
8.30125
8.161
8.02142
7.88251
7.74425
7.60662
7.46959
7.33312
7.19717
7.06171
6.92671
6.79211
6.65788
6.524
6.39042
6.25711
6.12404
5.9912
5.85854
5.72605
5.59371
5.46149
5.32939
5.19739
5.06546
4.93361
4.80182
4.67008
4.53838
4.40672
4.27509
4.14348
4.01189
3.88032
3.74876
3.61721
3.48567
3.35414
3.22261
3.09108
2.95955
2.82802
2.69649
2.56497
2.43344
2.30191
2.17037
2.03884
1.9073
1.77577
1.64423
1.51269
1.38115
1.24961
1.11806
0.98652
0.854976
0.723433
0.591891
0.460352
0.328807
0.197295
0.0656901
10.1401
10.156
10.2123
10.3049
10.4192
10.5447
10.6708
10.7892
10.8934
10.9791
11.0435
11.0856
11.1053
11.1033
11.0809
11.0399
10.9821
10.9095
10.8238
10.7269
10.6205
10.506
10.3849
10.2583
10.1274
9.99294
9.85581
9.71666
9.57606
9.43448
9.29229
9.14983
9.00732
8.86499
8.72297
8.58139
8.44031
8.29981
8.15991
8.02063
7.88197
7.74391
7.60644
7.46954
7.33317
7.19731
7.06191
6.92694
6.79237
6.65817
6.52429
6.39071
6.2574
6.12433
5.99147
5.8588
5.72629
5.59393
5.4617
5.32959
5.19756
5.06563
4.93376
4.80195
4.6702
4.53849
4.40682
4.27517
4.14356
4.01196
3.88038
3.74881
3.61726
3.48571
3.35417
3.22264
3.0911
2.95957
2.82804
2.69651
2.56498
2.43345
2.30192
2.17038
2.03885
1.90731
1.77578
1.64424
1.5127
1.38115
1.24961
1.11807
0.986526
0.854983
0.72344
0.591897
0.460359
0.328813
0.197303
0.0656897
10.0978
10.1198
10.1796
10.2739
10.3881
10.5124
10.6366
10.753
10.8555
10.94
11.0038
11.0458
11.0661
11.0652
11.0444
11.0053
10.9496
10.8793
10.7959
10.7014
10.5974
10.4852
10.3662
10.2417
10.1127
9.98
9.8445
9.70684
9.56758
9.4272
9.2861
9.14458
9.00293
8.86133
8.71996
8.57893
8.43834
8.29825
8.1587
8.01972
7.8813
7.74345
7.60615
7.46939
7.33313
7.19735
7.06201
6.9271
6.79257
6.65838
6.52452
6.39095
6.25764
6.12457
5.9917
5.85902
5.7265
5.59413
5.46189
5.32976
5.19772
5.06577
4.93389
4.80208
4.67031
4.53859
4.40691
4.27525
4.14363
4.01202
3.88044
3.74886
3.6173
3.48575
3.35421
3.22266
3.09113
2.95959
2.82806
2.69653
2.56499
2.43346
2.30193
2.17039
2.03886
1.90732
1.77578
1.64424
1.5127
1.38116
1.24962
1.11808
0.986532
0.854989
0.723447
0.591904
0.460366
0.328819
0.197311
0.0656891
10.0453
10.0754
10.1407
10.2388
10.355
10.4799
10.6039
10.7195
10.8211
10.9047
10.9681
11.0102
11.0309
11.0309
11.0114
10.9738
10.9199
10.8515
10.7702
10.6778
10.5758
10.4656
10.3486
10.2259
10.0986
9.96759
9.83359
9.69731
9.5593
9.42005
9.27996
9.13935
8.9985
8.85762
8.71687
8.57638
8.43627
8.29658
8.15738
8.01869
7.88052
7.74288
7.60575
7.46913
7.33299
7.1973
7.06204
6.92718
6.79269
6.65854
6.5247
6.39114
6.25784
6.12477
5.9919
5.85921
5.72669
5.59431
5.46206
5.32992
5.19787
5.06591
4.93402
4.80219
4.67041
4.53868
4.40699
4.27533
4.1437
4.01208
3.88049
3.74891
3.61735
3.48579
3.35424
3.22269
3.09115
2.95962
2.82808
2.69654
2.56501
2.43348
2.30194
2.1704
2.03887
1.90733
1.77579
1.64425
1.51271
1.38117
1.24962
1.11808
0.986539
0.854995
0.723453
0.59191
0.460373
0.328825
0.197319
0.0656885
9.98296
10.023
10.0958
10.1999
10.3202
10.4475
10.5726
10.6885
10.7899
10.8733
10.9365
10.9786
10.9996
11.0003
10.9817
10.9454
10.893
10.8261
10.7466
10.6559
10.5557
10.4473
10.332
10.211
10.0853
9.95572
9.82309
9.68808
9.55123
9.41304
9.2739
9.13415
8.99407
8.85386
8.71371
8.57375
8.43409
8.29481
8.15595
8.01755
7.87963
7.7422
7.60525
7.46878
7.33275
7.19716
7.06199
6.92719
6.79275
6.65863
6.52482
6.39128
6.25799
6.12492
5.99206
5.85937
5.72685
5.59446
5.4622
5.33005
5.198
5.06603
4.93413
4.80229
4.67051
4.53877
4.40707
4.2754
4.14376
4.01214
3.88054
3.74896
3.61739
3.48582
3.35427
3.22272
3.09118
2.95964
2.8281
2.69656
2.56503
2.43349
2.30195
2.17042
2.03888
1.90734
1.7758
1.64426
1.51272
1.38117
1.24963
1.11809
0.986545
0.855002
0.723459
0.591916
0.460379
0.32883
0.197325
0.0656881
9.91097
9.96297
10.0454
10.1576
10.2839
10.4154
10.5429
10.6602
10.7621
10.8456
10.9088
10.9509
10.9721
10.9732
10.9554
10.92
10.8687
10.8031
10.725
10.6358
10.5371
10.4303
10.3165
10.1969
10.0726
9.94439
9.81302
9.67916
9.54339
9.40618
9.26794
9.129
8.98963
8.85008
8.7105
8.57105
8.43184
8.29294
8.15442
8.01631
7.87864
7.74142
7.60466
7.46833
7.33243
7.19695
7.06185
6.92713
6.79274
6.65867
6.52489
6.39137
6.2581
6.12504
5.99219
5.8595
5.72698
5.59459
5.46233
5.33017
5.19811
5.06613
4.93423
4.80238
4.67059
4.53885
4.40714
4.27546
4.14382
4.01219
3.88059
3.749
3.61742
3.48586
3.3543
3.22275
3.0912
2.95966
2.82812
2.69658
2.56504
2.4335
2.30196
2.17043
2.03889
1.90735
1.77581
1.64427
1.51272
1.38118
1.24964
1.11809
0.986551
0.855008
0.723465
0.591922
0.460384
0.328834
0.197331
0.065688
9.82948
9.8955
9.98964
10.1122
10.2465
10.3838
10.5152
10.6346
10.7377
10.8216
10.8849
10.9271
10.9484
10.9497
10.9322
10.8975
10.847
10.7824
10.7054
10.6174
10.52
10.4145
10.302
10.1837
10.0607
9.93361
9.80337
9.67057
9.53578
9.39948
9.26207
9.12389
8.98521
8.84627
8.70725
8.56829
8.42951
8.29099
8.1528
8.01498
7.87756
7.74055
7.60397
7.4678
7.33203
7.19666
7.06165
6.927
6.79267
6.65864
6.5249
6.39142
6.25817
6.12513
5.99228
5.8596
5.72708
5.5947
5.46243
5.33027
5.19821
5.06623
4.93431
4.80246
4.67067
4.53892
4.4072
4.27552
4.14387
4.01224
3.88063
3.74904
3.61746
3.48589
3.35433
3.22278
3.09123
2.95968
2.82814
2.6966
2.56506
2.43352
2.30198
2.17044
2.0389
1.90736
1.77582
1.64427
1.51273
1.38119
1.24964
1.1181
0.986557
0.855014
0.723471
0.591928
0.46039
0.328839
0.197336
0.0656882
9.73843
9.82077
9.92891
10.0642
10.2085
10.3532
10.4895
10.6121
10.7168
10.8015
10.8649
10.907
10.9282
10.9296
10.9122
10.8778
10.8279
10.764
10.6878
10.6008
10.5044
10.3999
10.2885
10.1714
10.0494
9.92338
9.79415
9.66231
9.52842
9.39296
9.25632
9.11885
8.98082
8.84246
8.70396
8.56547
8.42711
8.28896
8.15109
8.01356
7.87639
7.7396
7.6032
7.46718
7.33155
7.19629
7.06138
6.9268
6.79254
6.65857
6.52487
6.39141
6.25819
6.12517
5.99234
5.85967
5.72716
5.59478
5.46251
5.33036
5.19829
5.06631
4.93439
4.80254
4.67074
4.53898
4.40726
4.27558
4.14392
4.01229
3.88068
3.74908
3.6175
3.48592
3.35436
3.2228
3.09125
2.9597
2.82816
2.69661
2.56507
2.43353
2.30199
2.17045
2.03891
1.90737
1.77582
1.64428
1.51274
1.3812
1.24965
1.11811
0.986564
0.85502
0.723477
0.591933
0.460395
0.328843
0.197341
0.0656887
9.63752
9.73883
9.8635
10.014
10.1702
10.3239
10.4664
10.5927
10.6995
10.7851
10.8488
10.8908
10.9117
10.9128
10.8953
10.8609
10.8112
10.7477
10.6721
10.5858
10.4901
10.3865
10.2761
10.1598
10.0388
9.9137
9.78536
9.65438
9.52131
9.38661
9.25069
9.11387
8.97645
8.83864
8.70064
8.56261
8.42465
8.28686
8.14931
8.01206
7.87513
7.73856
7.60234
7.46649
7.33099
7.19585
7.06103
6.92654
6.79235
6.65844
6.52478
6.39137
6.25817
6.12518
5.99237
5.85971
5.72721
5.59484
5.46258
5.33042
5.19836
5.06637
4.93446
4.8026
4.6708
4.53904
4.40732
4.27563
4.14397
4.01233
3.88072
3.74912
3.61753
3.48595
3.35439
3.22283
3.09127
2.95972
2.82817
2.69663
2.56509
2.43354
2.302
2.17046
2.03892
1.90738
1.77583
1.64429
1.51275
1.3812
1.24966
1.11811
0.98657
0.855025
0.723482
0.591938
0.460399
0.328847
0.197345
0.0656897
9.52625
9.64969
9.79372
9.9621
10.1324
10.2965
10.4461
10.5769
10.6861
10.7728
10.8367
10.8783
10.8988
10.8993
10.8814
10.8468
10.797
10.7336
10.6583
10.5724
10.4773
10.3743
10.2646
10.1491
10.0288
9.90456
9.777
9.64679
9.51444
9.38044
9.24518
9.10897
8.97212
8.83483
8.69731
8.5597
8.42213
8.28469
8.14746
8.01048
7.8738
7.73744
7.60141
7.46572
7.33036
7.19534
7.06063
6.92622
6.7921
6.65825
6.52465
6.39128
6.25812
6.12515
5.99236
5.85973
5.72724
5.59487
5.46262
5.33047
5.19841
5.06643
4.93451
4.80265
4.67085
4.53909
4.40736
4.27567
4.14401
4.01237
3.88075
3.74915
3.61756
3.48598
3.35441
3.22285
3.09129
2.95974
2.82819
2.69665
2.5651
2.43356
2.30201
2.17047
2.03893
1.90739
1.77584
1.6443
1.51275
1.38121
1.24967
1.11812
0.986576
0.855031
0.723487
0.591943
0.460404
0.328851
0.197349
0.0656911
9.40382
9.55328
9.71994
9.90917
10.0956
10.2717
10.4292
10.5649
10.6768
10.7645
10.8285
10.8696
10.8893
10.8891
10.8705
10.8353
10.7851
10.7216
10.6462
10.5605
10.4658
10.3633
10.2541
10.1392
10.0196
9.89595
9.76907
9.63952
9.50783
9.37446
9.23979
9.10416
8.96782
8.83103
8.69396
8.55676
8.41957
8.28247
8.14554
8.00883
7.87239
7.73624
7.6004
7.46487
7.32966
7.19476
7.06016
6.92585
6.79181
6.65802
6.52447
6.39115
6.25803
6.12509
5.99233
5.85971
5.72724
5.59489
5.46265
5.3305
5.19845
5.06647
4.93455
4.8027
4.67089
4.53913
4.40741
4.27571
4.14405
4.01241
3.88079
3.74918
3.61759
3.48601
3.35444
3.22287
3.09131
2.95976
2.82821
2.69666
2.56512
2.43357
2.30203
2.17048
2.03894
1.90739
1.77585
1.64431
1.51276
1.38122
1.24967
1.11813
0.986582
0.855037
0.723493
0.591948
0.460408
0.328854
0.197352
0.0656929
9.26914
9.44947
9.64261
9.85595
10.0607
10.2501
10.4164
10.5573
10.6719
10.7605
10.8243
10.8647
10.8834
10.882
10.8624
10.8264
10.7755
10.7116
10.636
10.5502
10.4556
10.3533
10.2445
10.1301
10.0109
9.88787
9.76155
9.63258
9.50147
9.36866
9.23454
9.09942
8.96358
8.82724
8.6906
8.5538
8.41696
8.28019
8.14355
8.00712
7.87091
7.73498
7.59933
7.46397
7.3289
7.19412
7.05963
6.92542
6.79146
6.65774
6.52425
6.39098
6.2579
6.125
5.99226
5.85967
5.72722
5.59488
5.46265
5.33052
5.19847
5.06649
4.93458
4.80273
4.67093
4.53917
4.40744
4.27575
4.14408
4.01244
3.88082
3.74921
3.61762
3.48604
3.35446
3.2229
3.09134
2.95978
2.82823
2.69668
2.56513
2.43358
2.30204
2.17049
2.03895
1.9074
1.77586
1.64431
1.51277
1.38122
1.24968
1.11813
0.986588
0.855042
0.723498
0.591952
0.460412
0.328858
0.197355
0.0656952
9.12079
9.33816
9.56229
9.80337
10.0286
10.2325
10.4081
10.5544
10.6716
10.761
10.8243
10.8637
10.8809
10.8781
10.8572
10.82
10.7682
10.7035
10.6274
10.5414
10.4467
10.3445
10.2358
10.1217
10.0029
9.88029
9.75444
9.62596
9.49535
9.36304
9.22941
9.09476
8.95938
8.82347
8.68723
8.55081
8.41432
8.27786
8.14152
8.00534
7.86937
7.73365
7.59818
7.46299
7.32807
7.19343
7.05905
6.92493
6.79106
6.65742
6.52399
6.39077
6.25774
6.12488
5.99217
5.85961
5.72718
5.59486
5.46264
5.33052
5.19848
5.06651
4.93461
4.80276
4.67096
4.5392
4.40747
4.27578
4.14411
4.01247
3.88085
3.74924
3.61764
3.48606
3.35448
3.22292
3.09136
2.9598
2.82824
2.69669
2.56514
2.4336
2.30205
2.17051
2.03896
1.90741
1.77587
1.64432
1.51278
1.38123
1.24969
1.11814
0.986594
0.855048
0.723503
0.591957
0.460416
0.328861
0.197357
0.0656979
8.95697
9.21928
9.47976
9.75259
10.0004
10.22
10.4052
10.5568
10.6763
10.7661
10.8286
10.8664
10.8819
10.8773
10.8547
10.816
10.763
10.6973
10.6205
10.534
10.439
10.3366
10.228
10.114
9.99552
9.8732
9.74772
9.61965
9.48947
9.3576
9.22441
9.0902
8.95523
8.81973
8.68386
8.54779
8.41164
8.27549
8.13942
8.00351
7.86777
7.73226
7.59698
7.46196
7.32719
7.19268
7.05841
6.9244
6.79061
6.65705
6.52369
6.39053
6.25754
6.12472
5.99205
5.85952
5.72711
5.59481
5.46262
5.33051
5.19848
5.06652
4.93462
4.80277
4.67098
4.53922
4.4075
4.27581
4.14414
4.0125
3.88087
3.74926
3.61767
3.48608
3.35451
3.22294
3.09137
2.95982
2.82826
2.69671
2.56516
2.43361
2.30206
2.17052
2.03897
1.90742
1.77588
1.64433
1.51279
1.38124
1.24969
1.11815
0.986599
0.855053
0.723508
0.591961
0.46042
0.328864
0.197359
0.065701
8.77551
9.09292
9.39609
9.70508
9.97756
10.2136
10.4084
10.5651
10.6864
10.776
10.8372
10.8731
10.8864
10.8796
10.8549
10.8144
10.7599
10.693
10.6152
10.528
10.4325
10.3298
10.2211
10.1071
9.98869
9.86659
9.74139
9.61364
9.48382
9.35233
9.21953
9.08571
8.95113
8.816
8.6805
8.54477
8.40893
8.27307
8.13729
8.00162
7.86611
7.73081
7.59572
7.46087
7.32625
7.19187
7.05773
6.92381
6.79012
6.65664
6.52335
6.39025
6.25732
6.12454
5.99191
5.85941
5.72703
5.59475
5.46257
5.33048
5.19846
5.06651
4.93462
4.80278
4.67099
4.53924
4.40752
4.27583
4.14416
4.01252
3.8809
3.74929
3.61769
3.4861
3.35453
3.22296
3.09139
2.95983
2.82828
2.69672
2.56517
2.43362
2.30208
2.17053
2.03898
1.90743
1.77589
1.64434
1.51279
1.38125
1.2497
1.11815
0.986605
0.855058
0.723512
0.591965
0.460423
0.328867
0.197361
0.0657046
8.57384
8.95944
9.31278
9.6627
9.96164
10.2146
10.4187
10.5797
10.7022
10.7909
10.8502
10.8836
10.8942
10.8849
10.8578
10.8152
10.7588
10.6904
10.6114
10.5232
10.427
10.3239
10.2149
10.1008
9.98243
9.86043
9.73542
9.60792
9.4784
9.34724
9.21478
9.08131
8.94708
8.8123
8.67713
8.54172
8.40619
8.27062
8.1351
7.99968
7.8644
7.7293
7.59441
7.45972
7.32526
7.19101
7.05699
6.92319
6.78959
6.65619
6.52298
6.38994
6.25706
6.12433
5.99174
5.85927
5.72692
5.59467
5.46251
5.33044
5.19843
5.06649
4.93461
4.80278
4.671
4.53925
4.40753
4.27584
4.14418
4.01254
3.88092
3.74931
3.61771
3.48612
3.35455
3.22298
3.09141
2.95985
2.82829
2.69674
2.56519
2.43364
2.30209
2.17054
2.03899
1.90744
1.7759
1.64435
1.5128
1.38125
1.24971
1.11816
0.986611
0.855064
0.723517
0.591969
0.460426
0.32887
0.197362
0.0657086
8.34902
8.81976
9.23194
9.62781
9.95458
10.2244
10.437
10.6014
10.724
10.8111
10.8677
10.898
10.9055
10.8931
10.8632
10.8181
10.7597
10.6895
10.6091
10.5198
10.4227
10.319
10.2095
10.0952
9.97669
9.85471
9.7298
9.60249
9.47319
9.3423
9.21014
9.07699
8.94308
8.80862
8.67377
8.53867
8.40342
8.26814
8.13287
7.99769
7.86264
7.72775
7.59304
7.45852
7.32421
7.19011
7.05621
6.92252
6.78902
6.6557
6.52256
6.38959
6.25677
6.12409
5.99155
5.85912
5.7268
5.59457
5.46244
5.33038
5.19839
5.06647
4.9346
4.80278
4.671
4.53925
4.40754
4.27586
4.1442
4.01256
3.88093
3.74933
3.61773
3.48614
3.35456
3.22299
3.09143
2.95987
2.82831
2.69675
2.5652
2.43365
2.3021
2.17055
2.039
1.90745
1.77591
1.64436
1.51281
1.38126
1.24971
1.11816
0.986617
0.855069
0.723521
0.591973
0.460429
0.328873
0.197362
0.0657129
8.09777
8.67564
9.1565
9.6034
9.95867
10.2446
10.4643
10.6308
10.7523
10.8367
10.8898
10.9163
10.92
10.9041
10.8711
10.8233
10.7624
10.6902
10.6081
10.5175
10.4194
10.3149
10.2049
10.0902
9.97147
9.8494
9.72452
9.59731
9.4682
9.33753
9.20562
9.07275
8.93914
8.80497
8.67041
8.5356
8.40064
8.26562
8.13061
7.99567
7.86084
7.72615
7.59162
7.45728
7.32312
7.18916
7.05539
6.92181
6.78841
6.65518
6.52212
6.38922
6.25646
6.12383
5.99133
5.85894
5.72665
5.59446
5.46235
5.33031
5.19834
5.06643
4.93457
4.80276
4.67099
4.53925
4.40755
4.27587
4.14421
4.01257
3.88095
3.74934
3.61775
3.48616
3.35458
3.22301
3.09144
2.95988
2.82832
2.69677
2.56522
2.43366
2.30211
2.17056
2.03901
1.90746
1.77592
1.64437
1.51282
1.38127
1.24972
1.11817
0.986622
0.855074
0.723526
0.591977
0.460432
0.328876
0.197362
0.0657176
7.81631
8.53023
9.09053
9.59322
9.97654
10.2769
10.5017
10.6684
10.7874
10.8678
10.9165
10.9385
10.9379
10.918
10.8814
10.8304
10.7669
10.6924
10.6085
10.5163
10.417
10.3116
10.2009
10.0857
9.96672
9.84449
9.71956
9.5924
9.4634
9.3329
9.20121
9.06859
8.93523
8.80134
8.66706
8.53252
8.39783
8.26307
8.12831
7.9936
7.85898
7.7245
7.59016
7.45599
7.32199
7.18817
7.05452
6.92106
6.78776
6.65463
6.52165
6.38881
6.25612
6.12355
5.99109
5.85875
5.72649
5.59433
5.46225
5.33023
5.19828
5.06639
4.93454
4.80274
4.67098
4.53925
4.40755
4.27587
4.14422
4.01258
3.88096
3.74936
3.61776
3.48618
3.3546
3.22303
3.09146
2.9599
2.82834
2.69678
2.56523
2.43368
2.30212
2.17057
2.03902
1.90747
1.77592
1.64437
1.51283
1.38128
1.24973
1.11818
0.986628
0.855079
0.72353
0.591981
0.460435
0.328878
0.197362
0.0657226
7.50015
8.38892
9.03964
9.60194
10.0112
10.3232
10.5503
10.7148
10.8294
10.9046
10.9477
10.9644
10.9589
10.9345
10.894
10.8396
10.7731
10.6961
10.6101
10.5162
10.4156
10.3091
10.1976
10.0818
9.96242
9.83994
9.7149
9.58772
9.45878
9.32842
9.19691
9.06449
8.93138
8.79774
8.66372
8.52944
8.39501
8.26049
8.12597
7.99149
7.85709
7.72281
7.58866
7.45466
7.32081
7.18714
7.05362
6.92027
6.78708
6.65404
6.52114
6.38839
6.25575
6.12324
5.99084
5.85853
5.72632
5.59419
5.46213
5.33014
5.19821
5.06633
4.9345
4.80271
4.67096
4.53924
4.40754
4.27587
4.14422
4.01259
3.88098
3.74937
3.61778
3.48619
3.35461
3.22304
3.09148
2.95991
2.82835
2.6968
2.56524
2.43369
2.30214
2.17059
2.03903
1.90748
1.77593
1.64438
1.51283
1.38128
1.24973
1.11818
0.986634
0.855084
0.723534
0.591984
0.460438
0.328881
0.197361
0.0657279
7.14559
8.26123
9.01158
9.63527
10.0662
10.3852
10.6109
10.7704
10.8786
10.947
10.9836
10.9941
10.983
10.9537
10.9088
10.8506
10.7808
10.7012
10.6129
10.5172
10.415
10.3073
10.1949
10.0784
9.95854
9.83574
9.71051
9.58326
9.45434
9.32407
9.1927
9.06047
8.92757
8.79416
8.66038
8.52635
8.39216
8.2579
8.12361
7.98935
7.85517
7.72108
7.58711
7.45328
7.3196
7.18607
7.05269
6.91945
6.78637
6.65342
6.52061
6.38793
6.25537
6.12291
5.99056
5.8583
5.72613
5.59403
5.462
5.33004
5.19813
5.06627
4.93446
4.80268
4.67094
4.53922
4.40754
4.27587
4.14423
4.0126
3.88098
3.74938
3.61779
3.48621
3.35463
3.22306
3.09149
2.95993
2.82837
2.69681
2.56526
2.4337
2.30215
2.1706
2.03905
1.90749
1.77594
1.64439
1.51284
1.38129
1.24974
1.11819
0.986639
0.855089
0.723539
0.591988
0.460441
0.328883
0.19736
0.0657334
6.75351
8.16337
9.01668
9.7
10.1449
10.4648
10.6843
10.8356
10.935
10.995
11.0238
11.0274
11.0101
10.9753
10.9256
10.8633
10.7901
10.7075
10.6167
10.519
10.4152
10.3062
10.1928
10.0755
9.95506
9.83186
9.70639
9.57901
9.45007
9.31984
9.18858
9.05651
8.9238
8.7906
8.65705
8.52326
8.38931
8.25527
8.12122
7.98718
7.8532
7.71931
7.58553
7.45188
7.31835
7.18496
7.05172
6.9186
6.78563
6.65278
6.52006
6.38745
6.25496
6.12257
5.99027
5.85806
5.72592
5.59386
5.46187
5.32993
5.19804
5.0662
4.9344
4.80264
4.67091
4.53921
4.40753
4.27587
4.14423
4.0126
3.88099
3.74939
3.6178
3.48622
3.35464
3.22307
3.09151
2.95994
2.82838
2.69682
2.56527
2.43371
2.30216
2.17061
2.03906
1.9075
1.77595
1.6444
1.51285
1.3813
1.24975
1.1182
0.986645
0.855094
0.723543
0.591991
0.460443
0.328886
0.197359
0.0657392
6.30004
8.11714
9.06832
9.80385
10.2513
10.5636
10.7712
10.9104
10.9986
11.0485
11.0684
11.0641
11.0399
10.9992
10.9444
10.8777
10.8008
10.715
10.6216
10.5217
10.4161
10.3057
10.1911
10.073
9.95193
9.82828
9.7025
9.57495
9.44594
9.31573
9.18455
9.05261
8.92007
8.78707
8.65373
8.52016
8.38644
8.25263
8.1188
7.98498
7.85121
7.71752
7.58392
7.45044
7.31707
7.18383
7.05071
6.91773
6.78486
6.65211
6.51948
6.38696
6.25453
6.1222
5.98996
5.8578
5.72571
5.59368
5.46172
5.32981
5.19794
5.06612
4.93434
4.80259
4.67088
4.53918
4.40751
4.27586
4.14423
4.01261
3.881
3.7494
3.61781
3.48623
3.35466
3.22309
3.09152
2.95996
2.8284
2.69684
2.56528
2.43373
2.30217
2.17062
2.03907
1.90751
1.77596
1.64441
1.51286
1.38131
1.24975
1.1182
0.98665
0.855098
0.723547
0.591995
0.460445
0.328888
0.197358
0.0657451
5.58816
8.14758
9.18685
9.95566
10.3887
10.6824
10.8717
10.9948
11.0692
11.1073
11.117
11.104
11.0724
11.0252
10.965
10.8936
10.8127
10.7236
10.6274
10.5252
10.4177
10.3058
10.19
10.071
9.94913
9.82497
9.69884
9.57107
9.44195
9.31172
9.1806
9.04877
8.91637
8.78355
8.65042
8.51706
8.38356
8.24997
8.11636
7.98275
7.84919
7.71569
7.58228
7.44896
7.31576
7.18266
7.04969
6.91682
6.78407
6.65142
6.51888
6.38644
6.25409
6.12182
5.98963
5.85752
5.72548
5.59349
5.46156
5.32968
5.19784
5.06604
4.93428
4.80254
4.67084
4.53916
4.40749
4.27585
4.14422
4.01261
3.881
3.74941
3.61782
3.48624
3.35467
3.2231
3.09153
2.95997
2.82841
2.69685
2.56529
2.43374
2.30218
2.17063
2.03908
1.90752
1.77597
1.64442
1.51287
1.38131
1.24976
1.11821
0.986656
0.855103
0.723551
0.591998
0.460448
0.32889
0.197357
0.0657512
4.27141
8.34281
9.41373
10.1663
10.56
10.8218
10.9854
11.0883
11.1463
11.171
11.1694
11.147
11.1073
11.0533
10.9872
10.9109
10.8258
10.7331
10.634
10.5294
10.4199
10.3063
10.1893
10.0692
9.94664
9.82191
9.69538
9.56735
9.43809
9.30782
9.17672
9.04497
8.91271
8.78006
8.64711
8.51396
8.38067
8.2473
8.11389
7.9805
7.84714
7.71383
7.58061
7.44746
7.31442
7.18147
7.04863
6.91589
6.78325
6.65071
6.51826
6.3859
6.25362
6.12142
5.9893
5.85724
5.72523
5.59329
5.46139
5.32954
5.19773
5.06595
4.93421
4.80249
4.6708
4.53913
4.40747
4.27584
4.14422
4.01261
3.88101
3.74941
3.61783
3.48625
3.35468
3.22311
3.09155
2.95998
2.82842
2.69686
2.56531
2.43375
2.3022
2.17064
2.03909
1.90753
1.77598
1.64443
1.51287
1.38132
1.24977
1.11821
0.986661
0.855108
0.723555
0.592002
0.46045
0.328893
0.197355
0.0657575
3.76693
9.01285
9.81508
10.4454
10.7656
10.9803
11.1113
11.1901
11.2294
11.239
11.2252
11.1926
11.1443
11.0831
11.0109
10.9294
10.8399
10.7436
10.6414
10.5342
10.4226
10.3074
10.1889
10.0678
9.9444
9.81905
9.69209
9.56377
9.43434
9.30399
9.1729
9.04122
8.90907
8.77657
8.6438
8.51085
8.37776
8.2446
8.11141
7.97822
7.84506
7.71195
7.57891
7.44594
7.31306
7.18026
7.04755
6.91494
6.78242
6.64998
6.51762
6.38535
6.25315
6.12101
5.98895
5.85694
5.72498
5.59308
5.46122
5.3294
5.19761
5.06586
4.93413
4.80243
4.67075
4.53909
4.40745
4.27582
4.14421
4.0126
3.88101
3.74942
3.61784
3.48626
3.35469
3.22312
3.09156
2.96
2.82844
2.69688
2.56532
2.43376
2.30221
2.17065
2.0391
1.90754
1.77599
1.64444
1.51288
1.38133
1.24977
1.11822
0.986667
0.855113
0.723559
0.592005
0.460452
0.328895
0.197353
0.065764
)
;

boundaryField
{
    inlet
    {
        type            zeroGradient;
    }
    outlet
    {
        type            fixedValue;
        value           uniform 0;
    }
    frontAndBack
    {
        type            empty;
    }
    walls
    {
        type            zeroGradient;
    }
}

