   -1.0691806923279834063     1.0613363612055244367     -8.804233921580108202     298.09086507406902911     -359.1485488197080258     711.14854843468481249     1524.3808512356702067    -1371.2466959109722211    -53.653913355152759834     1158.2169381430737758     11.907798282918346189     2199.1254869197109656     276.91103547281397823     -58.13274352415083257     72.824953805826396547    -1578.1359503784362914    -651.73672177419246054    -783.26132583973276269     938.49415862211537842    -86.174707631432170274
   0.42430993835831265493   -0.39784117663914658758    -623.41575926257769424    -370.55037834761355953     1528.4500760534772326     302.10947228354075378     1986.6592546397939714     1464.2034554899728391     2463.0712387405733352      1302.029236661863024     221.74924101906981377     -1232.865040564826586     702.38865842249742855    -49.988884797120412884    -1925.8132810905069618     -1338.799835479283729     608.29420818330811471      72.99041966345180299     1359.7686796933423921     -168.1390952700528203
     2.519485530583279953    -2.5060671449303471015      249.4821607085945061     -623.9927658461900819     1264.0053334497422384    -1329.2556597220777803    -377.38379035558028818      1377.305233194693983    -42.085012345333979056     392.49424942760595059     344.16368335578329152    -1271.4559268553553011     502.13176205002838515     1638.9587075089059454    -1225.6136064370707572     777.84955957255272097      -96.0562287175972358    -1426.8276724961435775     1452.3275927148342817     434.31028290859688923
    1.1735764716193257673    -1.1753433595312623439     23.924960991941610189     115.91347112902141703     103.56863370604989427    -944.52318461752167877     1934.9309964535332256    -2513.1193893588924766    -1374.9369784182420062     323.19016532368175376      88.66879979991895766     661.46016887286907604     736.66006639246757004    -550.24981050650330872    -291.35000355821273388     57.603544309437204163     148.04093976525683729    -3018.8704544378806531     2381.3592159353011084     1655.4236799466277716
  -0.95056482830106558968    0.96343350280974815458    -401.96534337041089202     37.592869151979982689     144.50427839242286154    -597.63008046131835727    -2169.9084107397748085    -475.08036729198209969    -4004.7660922103982557    -888.32184102184191943    -1198.3376101956619095     1342.3870265602085965     888.82743602215305145     932.31566189533839406     7627.0570011577774494    -857.28771388526911323     1100.8722439972950724    -1549.3277912935566292     1448.8182523081318323     639.90339579363387656
  -0.67928605513273587757    0.68184103178780419707     77.620706718748465391     39.602356822199510589    -17.932024786818999473    -481.24525432772554723    -299.99156933519600443     2083.2386296414774733     2219.1519875938647601     2097.8009797604877349    -394.83095140799326828    -2217.8331231698866759     815.28056391878806153     2264.6191324064543551     -4794.453220839005553    -3593.8571427946408221    -2110.6922471746938754    -52.015659051036081451     1493.9467319180969298     104.96772382459371897
   0.22180427821706624747   -0.21191985457663561898    -108.31673610269876917    -103.76006943408529537     1355.1788253136855928     56.403151398443469589    -1409.9301092519397116      -1638.03104019023408    -3038.4631437413022468    -1742.4885633964074714     352.88507676373950517     2036.2687700961412247     863.14473754155972074     9.1517040692020508175     7958.7750871506668773     636.67055265724775381     789.71017339363731935    -2047.6152957722692918     278.81435787042863694    -234.63012266304082232
   -1.0654740186443953931     1.0870389091323473529    -798.73239739136488424     168.94011922162735573     1717.3433874270267552    -736.63567876558954595     86.662462285366927972    -517.30219254276528318    -362.91375894484639275    -181.32362295177861711     677.94607727134916786   -0.57729709517927019213     600.23571246023652748     414.39335539872473646     2469.3676663694322997     620.91173954103339838    -596.69371739406869892     198.74552848012953632     2923.5266467839901452    -375.40285858738621982
   -0.4734945048491300823    0.46830015929342755365     68.253730583929751674     82.594311889879506339    -588.13013534955814521    -371.40801315680175776     448.88215114829961294    -1349.4525825045627698     195.52450188052503677    -1470.5196956157697059    -285.10425536520875767    -302.94461409324168244     616.55932605734528806    -2101.7732655506915762    -247.08223198471657156    -2460.8363191257185463     -168.7407629990652822    -419.18984697663654515    -875.33164940584777014     276.38330560629106003
    1.8567425803134820494    -1.8395536051936911548     126.37798334843424186    -527.00717347726026674     501.02876395229031914    -1138.4310777958164635    -1271.1769873788641689     681.50471572088611083     246.51102324775865782     354.59676964766458696    -865.28802397401261715     1093.3841844827400109     660.13792476977357637      1290.544269740749769     171.39963736772727998    -588.71915607226890188    -24.955698751043559724    -1490.8870095692182076     1403.2694652613404287     1611.4969169018704633
   -2.0935390168049212711     2.0635187299869253152     102.37063559015989256     941.84274567332249717    -2323.3507811928297997     386.43452634996418738     811.36852060813805565    -876.43048119390391548     810.46817542725307248     11.015036985891983434    -1411.7909881385753579    -244.54625939055512163     652.93287672590452075     1807.3909982887300885    -1889.2255868405118235     -776.3152988098630658    -214.46966888922776207    -285.76053753873327423      793.9805069618989819    -477.88394867156773671
   0.28803061971508953087   -0.28422008154157207827    -151.45360644127555361     140.08824791547331756      93.70616129586652221    -1461.5953380492358065     224.66719655360142838    -830.62455271066085061    -141.73003507639549525    -86.928925329145329215    -1.5229067225653984963     386.13649390406993689     863.90417057854347149     8.9147215405637556529    -2919.1712531624480107    -2151.7098767823117669     670.22491045911260699      265.3108378480166607    -837.32142805122623486     35.103366426351399809
   0.66318435617028237417   -0.65287316031586084542    -90.733271055988339526    -191.75804747476061607     1224.2181510825907935     323.41014839403806036    -367.57451196153493811    -71.320141297399402447      1772.494974006886423     615.60668971350196443     2170.3951292526767247    -250.70523804649155863     715.50471915898140196     1258.4596239457830507     1898.9374515517806685    -774.33474884658608062     612.33895766743682998    -823.45225420975350517     344.49148872803675658    -395.15091835343167759
  -0.10548609069712823472    0.10637634818292394934    -128.48023740884963217     43.394489610090403175    -9.7998694998343900409        33.073217211768835      705.6408001166886379     593.96655536221771854     580.03555525665888126     957.10480227562925393    -1013.0679247333707735     213.75353093757928491     905.28535219577497628    -1277.3238267149170042     6742.8515257602812198     482.25893144155747905    -981.53003084551710344     -470.5930687803603405      192.3491699266506032     869.67387948151031196
 -0.016441160506859852503   0.024534457134806571255    -286.29315309273806633    -49.001955365218016425      909.8606903012245084     288.34297543621914883     487.10661115065539661    -62.257564057520511369     680.69847008030967572     1104.9829604825570186      378.8071308747713033    -1311.4271507587873202     953.65627762301585335    -2023.3594916352590189     6975.4883536267743693    -200.55406781765364599     -2450.486093724679904     2021.8888354322489249     489.35083055490736115    -2221.8854144635174634
   0.51347746267893490391   -0.52274987277599926916     196.05153073124350271     104.07563669321872624    -373.39281682746627666     130.34029893217544327     460.77314255259648235    -42.287714780992303076     414.27285280697145708    -294.46445661378345449     299.73885285883858387    -431.53357712583590455     524.82172608318842322     1620.3607158964148311     360.53820520633831848    -726.62430399572417627     -428.6657706478239902    -281.88570067140580022     1013.0080071811072457     1434.4734670631899007
    1.2707011779716321787    -1.2736880564549863948     431.82829133328442595    -341.40751262179821879    -202.15988433200266172     204.23966089826899406     90.496667729861741236    -203.14762604276151592     -1156.813244171436736     120.96260557804455971    -919.68024265712074339    -1026.9618023374175664     735.57334146395737662     650.47216533936227734    -3126.9739369657031602    -2357.1826935475623941     388.86260502532115879    -1059.4737512146014069    -1278.6932657500938149    -1189.3376107039196086
-0.0062279065485984644659 -0.0018489669106378048107     -6.944222820297699883     184.63542658784894002    -284.32510577094114979     259.02318319515762823     57.603289262360398482    -718.58429325928318576    -1222.1699752398244527     292.12725399168419926     587.26019893951854556    -1250.1685672863138734     931.55476134184107195    -546.24388073372688268    -3640.3356438804339632     -4480.711374783413703     1298.6809539002774727     724.27542516791072558    -3020.4744762712130068    -2235.9904007689419814
