    -1.9715293298880129935      1.9739210192394036625      9.8402248406172052597      41.852509271171541627     -9.6427148060327922963       486.1549522651516213     -1032.1167147947533067       707.5760448019108253     -100.79037981202598928       457.5159615696878177      144.70501662794649178      272.03791926909332233     -329.63724123395002152     -177.39200264759827519     -80.546039341500872411     -123.56976417031812332     -79.371755310649334092     -175.46908702479160524      443.26711318855029731      201.01520543819958675
   -0.44994339598093874288     0.45857739775747430322     -435.45394304016735987      42.157215552753179111      160.88162426105139957      258.94625729970960037      981.44956759934825641       907.1963293715433565      520.40792157481598679     -288.18910986881900271       442.7986677593139575      126.53456735527602461      390.18436437888800583      272.16207765500962523      202.70190765948439093     -162.24832026782715388      487.14932777153063626      466.33391699536906572      293.44965255651072766      429.28516758420119004
    0.76293126463922000813    -0.75849595572895023299     -133.35192370882404589      47.844176737727643456       217.0314127789279155     -1338.3295907581079973     -145.63865885288498703      416.36468975728416808      19.622257725555204644      510.34685785861643126     -94.077299017868966757      522.47414944586762431      614.60998947299367501      137.30194062738786442      43.684209541360601747      29.017996294046177752      43.237287065742613379      151.40705575192080801     -74.845213888436035177     -178.84305536726520813
    0.68118479236319329218    -0.67964427496158918984     -80.620421191427880103      34.804381247630352902     -2.9865475481365075794      -353.9279447694253804     -244.67698550316109163     -54.642854582627165883      660.17912409198947898      -773.3529402907848862     -505.91387721825191193      207.65059392871017963     -143.84253747819369096      32.955940160810385464      104.92135843934543971     -263.84687840208948728      156.27957229132761086     -56.942783563433231109      19.364955731470232081     -63.137756789798402224
    0.38662612010187430434    -0.39333186658097790689      181.44106505931458173      44.008553040311333859     -757.25607989087905025     -84.997283273007468551      322.23513646191742055     -18.807345913879785826     -252.83569547680690448      55.809485256475838355     -800.07013498911976512      264.28843662148472049     -19.650684542771543306      58.179095158877601079     -60.050472085350378393      -497.2434510627437021      81.649543389338788302     -280.44221394812302606      638.28701210579151848      24.910151273121702076
       1.01922995676574768     -1.0157833739530148787     -76.809423148540702186      48.842839629112681621      484.74648149625591032     -578.59786440725338252        367.850658229868543     -227.55445704217208913     -334.44367453167939175      255.46542788928223899      622.83883634557389541      296.08239821999904962      -30.98410729253764373      479.95135589078228122     -130.43690834683889079     -529.27988021272938113     -533.18874427424702844     -512.71291533979649557      591.69666026852655705      98.079048214347395174
  -0.097050221002817488314    0.093037469317192672547      80.327428048393144877      40.447181207986346863     -482.61689336964923314     -3.0425676868798476882      357.07598256581587748       236.7754082110776892      200.69054591571514834      188.61965429666892646      611.02510016965982231      -21.77889501602009048      127.84929491932231826       369.5941065187699337      290.59969205381833035     -65.070020926708792786       29.72912094044379927       117.9198688092118914      58.172400996826830522      257.81784951564708308
    0.37727146473615569278    -0.38070664965261064028      109.46413627425519621      47.422277621736775188     -129.49743865257269704     -315.63127961871623484      420.02465645783348691     -302.37610245957171173      249.13883938934336015     -367.23127239867136495      831.88184994130062933      436.20691421430251467     -150.03570938442527449     -286.66265922624108953      128.33825667773652413     -72.866758790739368123     -219.62942204988627282     -175.36060579341472021      418.13544668919615788     -272.52038501423476191
    0.35699079231243163735    -0.35405036099897113644     -99.635280782878808736      39.361561620084913216      214.03212003304659561     -388.79103176903964822      302.54441428011728021     -149.03865534443983165     -72.271868432028625762      91.365857610863841387     -337.18216278843158307      221.89005771463575911     -71.809081677450862458     -276.08701691264798228     -102.79056546423916529     -460.43878322198963815      -159.6311010883943311     -99.755945812152205576      237.31786292845097819      26.246594487560646058
   -0.20110414030458639845     0.20050226209508376085     -11.954072337001957038      51.561323526780107329      15.268361440174285093     -291.74812320602978843      144.91130368592416744     -247.34249203008633344     -312.48923940301222046      23.903713458845544437      162.35304712422518492      65.260943675345174597      509.38321331787193458     -233.39548689039409624     -140.78441534609726205      152.07878529494931286     -131.99043948933135084     -86.322610649102827551      188.31017517725624089      311.37776017700952025
    0.31623050359781362806    -0.31195399111393473657     -166.76211352352996187      48.760769933387948072      258.35382921553349433     -453.51318335571630769      246.44966711762833711     -453.52670517477071144     -476.23452436368177132      214.27291659263983092     -525.09896067751731152     -36.410652616536644643     -927.21331709421463074      -436.7311402222740071     -374.98071684923763769     -94.745639574291701024       40.61333988243799098      317.21681529180415282      615.44137313974158587         185.54779427376792
    0.64107621337115383575    -0.64026357476814177438     -60.558680285403404753      53.005149011392695968      94.528964327914181354      -560.6309186295800373      255.55617179149089679     -261.63226254915133495      349.42876759230824746     -214.83357788758800666      189.73336107640238879      273.95876140387804298     -155.43436175217101436     -576.22825474961121017     -132.55230783482909374     -221.07212821583712525     -105.84059593631289431      131.94420307326151942     -483.36930905031846351       319.6120503790069165
-0.00074908256194046755547   0.0010465643025996198851     -29.737708270982228242      41.589043780856393084      8.7592254451908750923     -167.76988872434563405     -482.78696545029953313     -126.73161791717311075      -407.6663526816760168     -74.689130560367814837      246.11510201110888829     -63.387741334341306754      230.75871685190642779      395.61724904172598372      371.84439255077307962      138.93125450033761581     -217.20199190231397779     -70.499003113373149176     -244.49235427724667602      260.43605824231150336
   -0.10669461274280535312     0.10614820434100120938     -41.274320905097049206      40.143892646260539436     -59.851124646884592551      155.86053739869069545     -125.23967481486623399     -247.24420167721027042      -499.2330736056400724     -187.26499450327699492     -515.17363815702640295     -132.42996936692597387     -11.764674082814323697      154.80542617759169843      320.62069081321959629     -242.16228398165819158       96.31689029767508714      332.57197716953930922     -109.08890591068208664     -63.055737791810386739
   0.074945254797461460794   -0.076455615373241178623      45.612332423175956819      34.460643171799745232     -182.23626574295252567     -292.81373981710083854     -152.73474086351839674      243.06616659705014172      313.74125990879338133      36.204506821624867996      306.56629902518403696      107.34602028384898631      24.019420184305168675     -300.91736557441964806     -3.6870266355180705276       181.0770647212194433     -154.07614958602815136      139.17455347477681471      130.02446682907265085       185.9931554824288753
   -0.21499903612845086553     0.21509040780132682169     -15.390555691568003738      43.951753850889105024       49.40935135246942167      18.766933900150082337      127.97023525668173249      266.18896339614917679      312.31321293623523161      617.46632286309647952     -636.05759285847489082      30.359367148839087491     -171.80194953252862433     -33.958848906176591242      59.356655821594515032      49.648489510812765957      279.31237103636436814     -150.52677066716751142     -308.80426452321682973     -44.026626598866059226
  0.0070272399768815281551  -0.0061451740197850093436     -41.705223830083554049      50.514286241956533274      50.823045668813037423     -250.98792100434087615      -517.4484894294962487      183.48489992165073659     -359.53271665501210919     -17.473397837256211318     -169.60828156835927416      7.0718912723850779756      303.14886551529440339       387.3223387330992864     -265.90295797994519944     -85.377861044777588972      201.64171560795404048     -149.19981788879340456     -261.71318386558357361      992.88363694006363858
   -0.37059801411529308401     0.37018017606190761759     -20.704652475629004016      45.456390271537820524     -24.615867282656488157      81.074281418409569255      69.337982075645186342     -119.75714310562089793     -43.239385472119309384      95.138454560289147821      397.40220586767026134     -113.33457148764635747     -125.13157165853947106      261.67065685090511806     -328.19075823129503533     -523.21110283831319521       208.2777219790473282      213.76718025793388733      61.524246966225149436     -664.18504102408201106
