298.5 301.5
298.6 301.5
298.7 301.5
298.8 301.5
298.9 301.5
299.0 301.5
298.5 301.4
298.5 301.3
298.5 301.2
298.5 301.1
298.5 301.0
298.6 301.4
298.7 301.3
298.8 301.2
298.9 301.1
299.0 301.0
298.6 301.0
298.7 301.1
298.8 301.2
298.9 301.3
299.0 301.4
298.7 301.0
298.8 301.1
298.9 301.5
299.0 301.3
298.1 301.4
298.8 301.4
298.7 301.3
298.6 301.2
299.0 301.1
298.55 301.55
298.65 301.55
298.75 301.55
298.85 301.55
298.95 301.55
299.05 301.55
298.55 301.45
298.55 301.35
298.55 301.25
298.55 301.15
298.55 301.05
298.65 301.45
298.75 301.35
298.85 301.25
298.95 301.15
299.05 301.05
298.65 301.05
298.75 301.15
298.85 301.25
298.95 301.35
299.05 301.45
298.75 301.05
298.85 301.15
298.95 301.55
299.05 301.35
298.15 301.45
298.85 301.45
298.75 301.35
298.65 301.25
299.05 301.15
298.55 301.5
298.65 301.5
298.75 301.5
298.85 301.5
298.95 301.5
299.05 301.5
298.55 301.4
298.55 301.3
298.55 301.2
298.55 301.1
298.55 301.0
298.65 301.4
298.75 301.3
298.85 301.2
298.95 301.1
299.05 301.0
298.65 301.0
298.75 301.1
298.85 301.2
298.95 301.3
299.05 301.4
298.75 301.0
298.85 301.1
298.95 301.5
299.05 301.3
298.15 301.4
298.85 301.4
298.75 301.3
298.65 301.2
299.05 301.1
298.5 301.55
298.6 301.55
298.7 301.55
298.8 301.55
298.9 301.55
299.0 301.55
298.5 301.45
298.5 301.35
298.5 301.25
298.5 301.15
298.5 301.05
298.6 301.45
298.7 301.35
298.8 301.25
298.9 301.15
299.0 301.05
298.6 301.05
298.7 301.15
298.8 301.25
298.9 301.35
299.0 301.45
298.7 301.05
298.8 301.15
298.9 301.55
299.0 301.35
298.1 301.45
298.8 301.45
298.7 301.35
298.6 301.25
299.0 301.15
