/*--------------------------------*- C++ -*----------------------------------*\
  =========                 |
  \\      /  F ield         | OpenFOAM: The Open Source CFD Toolbox
   \\    /   O peration     | Website:  https://openfoam.org
    \\  /    A nd           | Version:  6
     \\/     M anipulation  |
\*---------------------------------------------------------------------------*/
FoamFile
{
    version     2.0;
    format      ascii;
    class       volScalarField;
    location    "0";
    object      T;
}
// * * * * * * * * * * * * * * * * * * * * * * * * * * * * * * * * * * * * * //

dimensions      [0 0 0 1 0 0 0];

internalField   nonuniform List<scalar> 
10000
(
298.915
298.946
298.976
299.004
299.031
299.056
299.079
299.101
299.122
299.141
299.159
299.176
299.192
299.206
299.22
299.233
299.245
299.257
299.268
299.278
299.287
299.297
299.305
299.314
299.321
299.329
299.336
299.342
299.349
299.354
299.36
299.365
299.37
299.374
299.378
299.381
299.385
299.387
299.39
299.392
299.394
299.396
299.398
299.399
299.4
299.401
299.401
299.402
299.403
299.403
299.403
299.404
299.404
299.404
299.404
299.405
299.405
299.405
299.406
299.406
299.406
299.407
299.407
299.408
299.409
299.409
299.41
299.411
299.412
299.413
299.415
299.416
299.418
299.419
299.421
299.424
299.426
299.429
299.433
299.437
299.442
299.448
299.456
299.465
299.476
299.489
299.507
299.529
299.557
299.594
299.641
299.703
299.784
299.89
300.027
300.204
300.426
300.697
301.015
301.367
298.916
298.947
298.977
299.006
299.033
299.059
299.083
299.105
299.126
299.145
299.163
299.18
299.195
299.21
299.224
299.236
299.248
299.26
299.27
299.28
299.29
299.299
299.307
299.316
299.323
299.331
299.337
299.344
299.35
299.356
299.361
299.366
299.371
299.375
299.379
299.383
299.386
299.389
299.391
299.393
299.395
299.397
299.399
299.4
299.401
299.402
299.402
299.403
299.404
299.404
299.404
299.405
299.405
299.405
299.405
299.405
299.406
299.406
299.406
299.407
299.407
299.407
299.408
299.409
299.409
299.41
299.411
299.412
299.413
299.414
299.415
299.416
299.418
299.42
299.422
299.424
299.426
299.429
299.433
299.437
299.442
299.448
299.455
299.463
299.474
299.487
299.504
299.525
299.552
299.586
299.632
299.691
299.769
299.872
300.007
300.181
300.403
300.678
301.002
301.362
298.917
298.949
298.981
299.011
299.039
299.066
299.091
299.114
299.135
299.155
299.174
299.19
299.206
299.221
299.234
299.246
299.258
299.269
299.279
299.288
299.297
299.306
299.314
299.322
299.329
299.336
299.343
299.349
299.355
299.36
299.365
299.37
299.374
299.379
299.382
299.386
299.389
299.392
299.394
299.396
299.398
299.4
299.401
299.402
299.403
299.404
299.405
299.405
299.406
299.406
299.406
299.407
299.407
299.407
299.407
299.407
299.407
299.408
299.408
299.408
299.408
299.409
299.409
299.41
299.41
299.411
299.412
299.413
299.414
299.415
299.416
299.417
299.419
299.42
299.422
299.424
299.427
299.43
299.433
299.437
299.442
299.447
299.454
299.462
299.472
299.484
299.499
299.519
299.544
299.577
299.62
299.677
299.752
299.852
299.984
300.158
300.382
300.66
300.99
301.358
298.918
298.953
298.987
299.019
299.05
299.078
299.105
299.13
299.152
299.173
299.192
299.21
299.225
299.24
299.253
299.265
299.276
299.286
299.295
299.303
299.312
299.319
299.327
299.334
299.34
299.346
299.352
299.358
299.363
299.368
299.373
299.377
299.381
299.385
299.388
299.391
299.394
299.397
299.399
299.401
299.403
299.404
299.406
299.407
299.408
299.408
299.409
299.409
299.409
299.41
299.41
299.41
299.41
299.41
299.41
299.41
299.41
299.41
299.41
299.411
299.411
299.411
299.412
299.412
299.412
299.413
299.414
299.415
299.415
299.416
299.418
299.419
299.42
299.422
299.424
299.426
299.428
299.431
299.434
299.437
299.441
299.447
299.453
299.46
299.469
299.481
299.495
299.514
299.538
299.569
299.61
299.665
299.738
299.836
299.968
300.142
300.368
300.65
300.984
301.356
298.919
298.958
298.995
299.03
299.064
299.095
299.125
299.151
299.176
299.198
299.219
299.237
299.253
299.267
299.28
299.292
299.302
299.311
299.319
299.327
299.333
299.34
299.346
299.352
299.357
299.362
299.367
299.372
299.376
299.38
299.384
299.388
299.391
299.394
299.397
299.4
299.402
299.405
299.407
299.408
299.41
299.411
299.412
299.413
299.413
299.414
299.414
299.414
299.414
299.414
299.414
299.414
299.414
299.414
299.414
299.414
299.414
299.414
299.414
299.414
299.414
299.414
299.414
299.415
299.415
299.416
299.416
299.417
299.418
299.419
299.42
299.421
299.422
299.424
299.425
299.427
299.429
299.432
299.435
299.438
299.442
299.447
299.452
299.459
299.468
299.479
299.492
299.51
299.532
299.562
299.602
299.656
299.728
299.826
299.958
300.134
300.362
300.646
300.983
301.357
298.921
298.964
299.005
299.044
299.081
299.116
299.149
299.178
299.205
299.229
299.251
299.27
299.287
299.302
299.315
299.326
299.336
299.344
299.351
299.357
299.363
299.368
299.372
299.377
299.381
299.384
299.388
299.391
299.394
299.397
299.4
299.403
299.405
299.407
299.41
299.412
299.413
299.415
299.416
299.418
299.419
299.419
299.42
299.42
299.421
299.421
299.421
299.421
299.421
299.421
299.42
299.42
299.42
299.419
299.419
299.419
299.419
299.418
299.418
299.418
299.418
299.418
299.418
299.419
299.419
299.419
299.42
299.42
299.421
299.422
299.423
299.424
299.425
299.426
299.428
299.43
299.432
299.434
299.437
299.44
299.443
299.448
299.453
299.459
299.467
299.477
299.49
299.507
299.529
299.559
299.598
299.651
299.724
299.822
299.956
300.133
300.363
300.649
300.986
301.358
298.923
298.97
299.016
299.059
299.101
299.14
299.175
299.208
299.238
299.265
299.288
299.309
299.327
299.342
299.355
299.366
299.376
299.383
299.389
299.394
299.398
299.402
299.405
299.407
299.41
299.412
299.414
299.415
299.417
299.419
299.42
299.422
299.423
299.424
299.425
299.426
299.427
299.428
299.429
299.429
299.43
299.43
299.43
299.43
299.43
299.43
299.43
299.429
299.429
299.428
299.428
299.427
299.427
299.426
299.425
299.425
299.424
299.424
299.424
299.423
299.423
299.423
299.423
299.423
299.423
299.424
299.424
299.424
299.425
299.426
299.426
299.427
299.428
299.43
299.431
299.433
299.434
299.437
299.439
299.442
299.445
299.449
299.454
299.46
299.468
299.477
299.49
299.506
299.528
299.557
299.596
299.65
299.723
299.823
299.958
300.138
300.369
300.656
300.992
301.36
298.926
298.977
299.027
299.076
299.122
299.164
299.204
299.24
299.273
299.302
299.328
299.351
299.37
299.386
299.399
299.411
299.419
299.426
299.432
299.436
299.438
299.44
299.442
299.443
299.443
299.444
299.444
299.444
299.444
299.444
299.444
299.444
299.444
299.444
299.444
299.444
299.444
299.444
299.444
299.443
299.443
299.443
299.442
299.442
299.441
299.44
299.44
299.439
299.438
299.437
299.436
299.435
299.435
299.434
299.433
299.432
299.431
299.431
299.43
299.43
299.429
299.429
299.429
299.429
299.429
299.429
299.429
299.429
299.43
299.43
299.431
299.432
299.433
299.434
299.435
299.436
299.438
299.44
299.442
299.445
299.448
299.452
299.456
299.462
299.469
299.479
299.491
299.507
299.528
299.557
299.597
299.652
299.726
299.828
299.965
300.146
300.379
300.666
301
301.363
298.928
298.984
299.04
299.093
299.143
299.19
299.234
299.274
299.309
299.341
299.369
299.393
299.414
299.431
299.445
299.457
299.465
299.472
299.477
299.48
299.482
299.482
299.482
299.482
299.48
299.479
299.478
299.476
299.475
299.473
299.471
299.47
299.468
299.467
299.466
299.465
299.463
299.462
299.461
299.46
299.459
299.458
299.456
299.455
299.454
299.453
299.451
299.45
299.449
299.447
299.446
299.445
299.444
299.442
299.441
299.44
299.439
299.438
299.438
299.437
299.436
299.436
299.435
299.435
299.435
299.435
299.435
299.435
299.435
299.435
299.436
299.437
299.438
299.438
299.44
299.441
299.442
299.444
299.446
299.449
299.452
299.455
299.459
299.465
299.472
299.481
299.493
299.509
299.53
299.56
299.6
299.656
299.732
299.835
299.974
300.158
300.391
300.678
301.008
301.367
298.931
298.992
299.052
299.11
299.164
299.216
299.263
299.307
299.345
299.38
299.41
299.436
299.458
299.476
299.491
299.503
299.512
299.519
299.523
299.525
299.526
299.526
299.524
299.522
299.52
299.517
299.514
299.511
299.507
299.504
299.501
299.498
299.495
299.492
299.49
299.487
299.485
299.483
299.48
299.478
299.476
299.474
299.472
299.47
299.468
299.466
299.464
299.463
299.461
299.459
299.457
299.456
299.454
299.452
299.451
299.45
299.448
299.447
299.446
299.445
299.444
299.443
299.443
299.442
299.442
299.441
299.441
299.441
299.441
299.442
299.442
299.443
299.443
299.444
299.445
299.446
299.448
299.449
299.451
299.453
299.456
299.459
299.463
299.469
299.475
299.484
299.496
299.512
299.533
299.563
299.604
299.661
299.739
299.844
299.985
300.17
300.405
300.69
301.017
301.37
298.933
298.999
299.064
299.126
299.186
299.241
299.292
299.339
299.381
299.418
299.45
299.478
299.502
299.521
299.537
299.549
299.558
299.564
299.568
299.57
299.571
299.569
299.567
299.564
299.56
299.555
299.551
299.546
299.542
299.537
299.532
299.528
299.523
299.519
299.515
299.512
299.508
299.505
299.501
299.498
299.495
299.492
299.489
299.487
299.484
299.481
299.479
299.476
299.474
299.472
299.47
299.467
299.465
299.463
299.461
299.46
299.458
299.457
299.455
299.454
299.453
299.452
299.451
299.45
299.449
299.449
299.449
299.448
299.448
299.448
299.449
299.449
299.45
299.45
299.451
299.452
299.453
299.455
299.457
299.459
299.461
299.464
299.468
299.473
299.48
299.488
299.5
299.516
299.538
299.568
299.61
299.668
299.747
299.855
299.998
300.184
300.419
300.703
301.026
301.373
298.936
299.006
299.076
299.143
299.206
299.266
299.321
299.371
299.415
299.455
299.489
299.519
299.544
299.564
299.58
299.593
299.602
299.609
299.612
299.614
299.614
299.612
299.608
299.604
299.599
299.594
299.588
299.582
299.576
299.57
299.564
299.558
299.552
299.547
299.542
299.537
299.532
299.528
299.523
299.519
299.515
299.511
299.508
299.504
299.501
299.497
299.494
299.491
299.488
299.485
299.483
299.48
299.478
299.475
299.473
299.471
299.469
299.467
299.465
299.464
299.462
299.461
299.46
299.459
299.458
299.457
299.457
299.456
299.456
299.456
299.456
299.456
299.457
299.457
299.458
299.459
299.46
299.461
299.463
299.465
299.467
299.47
299.474
299.478
299.485
299.493
299.504
299.52
299.543
299.573
299.616
299.675
299.756
299.866
300.011
300.198
300.434
300.715
301.035
301.376
298.938
299.013
299.087
299.159
299.226
299.29
299.348
299.401
299.449
299.491
299.527
299.558
299.584
299.605
299.622
299.635
299.644
299.651
299.654
299.655
299.655
299.652
299.648
299.643
299.637
299.631
299.624
299.617
299.61
299.602
299.595
299.588
299.581
299.575
299.569
299.562
299.557
299.551
299.546
299.541
299.536
299.531
299.527
299.522
299.518
299.514
299.51
299.507
299.503
299.5
299.497
299.493
299.491
299.488
299.485
299.482
299.48
299.478
299.476
299.474
299.472
299.471
299.469
299.468
299.467
299.466
299.465
299.465
299.464
299.464
299.464
299.464
299.465
299.465
299.465
299.466
299.467
299.468
299.47
299.471
299.474
299.476
299.48
299.484
299.49
299.499
299.51
299.526
299.548
299.58
299.623
299.684
299.766
299.877
300.024
300.213
300.448
300.728
301.043
301.379
298.94
299.02
299.099
299.174
299.246
299.313
299.375
299.431
299.481
299.525
299.563
299.596
299.622
299.644
299.662
299.675
299.684
299.69
299.693
299.694
299.693
299.69
299.685
299.679
299.673
299.665
299.658
299.65
299.642
299.633
299.625
299.617
299.61
299.602
299.595
299.588
299.581
299.575
299.568
299.562
299.557
299.551
299.546
299.541
299.536
299.531
299.527
299.523
299.519
299.515
299.511
299.507
299.504
299.501
299.498
299.495
299.492
299.49
299.487
299.485
299.483
299.481
299.48
299.478
299.477
299.476
299.475
299.474
299.474
299.473
299.473
299.473
299.473
299.473
299.474
299.474
299.475
299.476
299.477
299.479
299.481
299.483
299.486
299.491
299.497
299.505
299.516
299.532
299.555
299.587
299.631
299.692
299.776
299.889
300.037
300.227
300.462
300.74
301.051
301.382
298.942
299.027
299.11
299.189
299.265
299.336
299.401
299.46
299.512
299.558
299.598
299.631
299.659
299.681
299.699
299.712
299.721
299.727
299.729
299.73
299.728
299.724
299.719
299.713
299.706
299.698
299.689
299.681
299.672
299.663
299.654
299.645
299.637
299.628
299.62
299.612
299.605
299.597
299.59
299.584
299.577
299.571
299.565
299.56
299.554
299.549
299.544
299.539
299.534
299.53
299.526
299.522
299.518
299.514
299.511
299.507
299.504
299.502
299.499
299.496
299.494
299.492
299.49
299.489
299.487
299.486
299.485
299.484
299.483
299.482
299.482
299.482
299.482
299.482
299.482
299.483
299.483
299.484
299.485
299.487
299.488
299.491
299.494
299.498
299.504
299.512
299.523
299.539
299.562
299.594
299.639
299.702
299.787
299.901
300.05
300.241
300.475
300.751
301.059
301.385
298.945
299.033
299.12
299.204
299.283
299.357
299.426
299.487
299.542
299.59
299.63
299.665
299.693
299.716
299.733
299.746
299.755
299.76
299.762
299.762
299.76
299.756
299.75
299.743
299.735
299.727
299.718
299.709
299.699
299.69
299.68
299.671
299.662
299.653
299.644
299.635
299.627
299.619
299.612
299.604
299.597
299.591
299.584
299.578
299.572
299.566
299.56
299.555
299.55
299.545
299.54
299.536
299.532
299.528
299.524
299.52
299.517
299.514
299.511
299.508
299.506
299.503
299.501
299.499
299.498
299.496
299.495
299.494
299.493
299.492
299.492
299.491
299.491
299.491
299.491
299.492
299.492
299.493
299.494
299.495
299.496
299.499
299.501
299.505
299.511
299.519
299.53
299.546
299.569
299.602
299.648
299.711
299.797
299.913
300.063
300.254
300.488
300.762
301.066
301.387
298.947
299.039
299.13
299.218
299.301
299.379
299.45
299.514
299.57
299.62
299.662
299.697
299.725
299.748
299.765
299.777
299.785
299.79
299.792
299.791
299.788
299.784
299.777
299.77
299.762
299.753
299.743
299.734
299.724
299.714
299.704
299.694
299.684
299.675
299.666
299.657
299.648
299.64
299.632
299.624
299.616
299.609
299.602
299.595
299.589
299.583
299.577
299.571
299.565
299.56
299.555
299.55
299.546
299.541
299.537
299.533
299.53
299.526
299.523
299.52
299.517
299.515
299.513
299.511
299.509
299.507
299.506
299.505
299.503
299.503
299.502
299.501
299.501
299.501
299.501
299.501
299.501
299.502
299.503
299.504
299.505
299.507
299.51
299.513
299.519
299.527
299.538
299.554
299.577
299.61
299.657
299.721
299.808
299.925
300.076
300.267
300.501
300.772
301.073
301.39
298.949
299.045
299.14
299.232
299.318
299.399
299.473
299.539
299.597
299.648
299.691
299.726
299.755
299.777
299.794
299.806
299.813
299.817
299.818
299.817
299.813
299.808
299.801
299.793
299.785
299.775
299.765
299.755
299.745
299.735
299.725
299.715
299.705
299.695
299.686
299.676
299.667
299.659
299.65
299.642
299.634
299.626
299.619
299.612
299.605
299.599
299.592
299.586
299.58
299.575
299.569
299.564
299.559
299.555
299.55
299.546
299.542
299.539
299.535
299.532
299.529
299.527
299.524
299.522
299.52
299.518
299.517
299.515
299.514
299.513
299.512
299.512
299.511
299.511
299.511
299.511
299.511
299.512
299.512
299.513
299.514
299.516
299.518
299.522
299.527
299.535
299.546
299.562
299.586
299.619
299.666
299.731
299.819
299.936
300.089
300.28
300.513
300.782
301.08
301.392
298.951
299.051
299.15
299.245
299.335
299.418
299.495
299.563
299.623
299.675
299.718
299.754
299.782
299.804
299.82
299.831
299.838
299.841
299.841
299.839
299.835
299.829
299.822
299.813
299.804
299.795
299.785
299.774
299.764
299.754
299.743
299.733
299.723
299.713
299.703
299.694
299.685
299.676
299.667
299.659
299.65
299.643
299.635
299.628
299.62
299.614
299.607
299.601
299.595
299.589
299.583
299.578
299.573
299.568
299.563
299.559
299.555
299.551
299.548
299.544
299.541
299.539
299.536
299.534
299.532
299.53
299.528
299.527
299.525
299.524
299.523
299.523
299.522
299.522
299.521
299.521
299.521
299.521
299.522
299.522
299.523
299.525
299.527
299.531
299.536
299.543
299.554
299.571
299.594
299.628
299.676
299.741
299.83
299.948
300.101
300.293
300.524
300.792
301.086
301.394
298.952
299.057
299.159
299.257
299.35
299.437
299.516
299.586
299.648
299.7
299.744
299.78
299.808
299.829
299.844
299.854
299.86
299.862
299.861
299.858
299.853
299.847
299.839
299.83
299.821
299.811
299.801
299.79
299.78
299.769
299.759
299.749
299.739
299.729
299.719
299.709
299.7
299.691
299.682
299.674
299.665
299.657
299.65
299.642
299.635
299.628
299.621
299.614
299.608
299.602
299.597
299.591
299.586
299.581
299.576
299.572
299.568
299.564
299.56
299.557
299.553
299.551
299.548
299.545
299.543
299.541
299.54
299.538
299.537
299.535
299.534
299.534
299.533
299.532
299.532
299.532
299.532
299.532
299.532
299.532
299.533
299.535
299.537
299.54
299.545
299.552
299.563
299.58
299.604
299.638
299.686
299.752
299.842
299.96
300.114
300.305
300.536
300.801
301.092
301.396
298.954
299.062
299.168
299.269
299.365
299.455
299.536
299.608
299.671
299.724
299.768
299.804
299.831
299.852
299.866
299.875
299.879
299.88
299.879
299.875
299.869
299.862
299.853
299.844
299.835
299.824
299.814
299.804
299.793
299.783
299.772
299.762
299.752
299.742
299.732
299.723
299.714
299.705
299.696
299.687
299.679
299.671
299.663
299.655
299.648
299.641
299.634
299.628
299.621
299.615
299.609
299.604
299.598
299.593
299.589
299.584
299.58
299.576
299.572
299.569
299.565
299.563
299.56
299.557
299.555
299.553
299.551
299.55
299.548
299.547
299.546
299.545
299.544
299.544
299.543
299.543
299.542
299.542
299.542
299.543
299.543
299.544
299.546
299.549
299.554
299.562
299.573
299.589
299.613
299.648
299.696
299.763
299.853
299.972
300.126
300.318
300.547
300.81
301.098
301.398
298.956
299.067
299.176
299.281
299.38
299.472
299.555
299.628
299.692
299.746
299.79
299.826
299.852
299.872
299.885
299.893
299.896
299.896
299.893
299.888
299.882
299.874
299.865
299.856
299.846
299.836
299.825
299.815
299.804
299.794
299.784
299.774
299.764
299.754
299.744
299.735
299.726
299.717
299.708
299.699
299.691
299.683
299.675
299.668
299.66
299.653
299.646
299.64
299.633
299.627
299.622
299.616
299.611
299.606
299.601
299.596
299.592
299.588
299.584
299.581
299.578
299.575
299.572
299.569
299.567
299.565
299.563
299.561
299.56
299.559
299.558
299.557
299.556
299.555
299.554
299.554
299.553
299.553
299.553
299.553
299.554
299.555
299.556
299.559
299.564
299.571
299.582
299.599
299.623
299.658
299.706
299.774
299.865
299.985
300.138
300.33
300.558
300.819
301.104
301.4
298.957
299.072
299.184
299.292
299.393
299.488
299.573
299.648
299.713
299.767
299.811
299.846
299.872
299.89
299.902
299.908
299.911
299.909
299.906
299.9
299.893
299.884
299.875
299.865
299.855
299.845
299.835
299.824
299.814
299.804
299.793
299.783
299.774
299.764
299.755
299.745
299.736
299.727
299.719
299.71
299.702
299.694
299.687
299.679
299.672
299.665
299.658
299.651
299.645
299.639
299.633
299.628
299.623
299.618
299.613
299.608
299.604
299.6
299.596
299.593
299.59
299.587
299.584
299.581
299.579
299.577
299.575
299.574
299.572
299.571
299.57
299.569
299.568
299.567
299.566
299.565
299.565
299.564
299.564
299.564
299.564
299.565
299.567
299.569
299.574
299.581
299.592
299.609
299.633
299.668
299.717
299.785
299.876
299.997
300.151
300.341
300.568
300.827
301.109
301.402
298.959
299.076
299.191
299.302
299.406
299.503
299.59
299.666
299.731
299.786
299.83
299.864
299.889
299.906
299.917
299.922
299.923
299.921
299.916
299.909
299.902
299.893
299.883
299.873
299.863
299.853
299.842
299.832
299.822
299.812
299.802
299.792
299.782
299.773
299.764
299.755
299.746
299.737
299.729
299.72
299.712
299.705
299.697
299.69
299.683
299.676
299.669
299.663
299.656
299.651
299.645
299.639
299.634
299.629
299.625
299.62
299.616
299.612
299.609
299.605
299.602
299.599
299.596
299.594
299.592
299.59
299.588
299.586
299.584
299.583
299.582
299.581
299.58
299.579
299.578
299.577
299.576
299.576
299.575
299.575
299.575
299.576
299.577
299.58
299.584
299.591
299.603
299.619
299.644
299.679
299.728
299.796
299.888
300.009
300.163
300.353
300.579
300.836
301.114
301.404
298.96
299.081
299.198
299.312
299.418
299.517
299.605
299.683
299.749
299.804
299.847
299.881
299.905
299.921
299.93
299.934
299.934
299.931
299.925
299.918
299.909
299.9
299.89
299.88
299.87
299.859
299.849
299.839
299.829
299.819
299.809
299.799
299.79
299.781
299.772
299.763
299.754
299.746
299.738
299.73
299.722
299.714
299.707
299.7
299.693
299.686
299.68
299.673
299.667
299.662
299.656
299.651
299.646
299.641
299.636
299.632
299.628
299.624
299.621
299.617
299.614
299.612
299.609
299.606
299.604
299.602
299.6
299.599
299.597
299.596
299.594
299.593
299.592
299.591
299.59
299.589
299.588
299.587
299.587
299.586
299.586
299.587
299.588
299.59
299.595
299.602
299.613
299.63
299.654
299.69
299.74
299.808
299.9
300.021
300.175
300.365
300.589
300.844
301.119
301.406
298.962
299.085
299.205
299.321
299.43
299.53
299.62
299.699
299.765
299.82
299.863
299.896
299.919
299.934
299.942
299.945
299.944
299.939
299.933
299.925
299.916
299.906
299.896
299.886
299.876
299.865
299.855
299.845
299.835
299.825
299.816
299.806
299.797
299.788
299.78
299.771
299.763
299.754
299.746
299.739
299.731
299.724
299.717
299.71
299.703
299.696
299.69
299.684
299.678
299.673
299.667
299.662
299.657
299.653
299.648
299.644
299.64
299.637
299.633
299.63
299.627
299.624
299.622
299.619
299.617
299.615
299.613
299.612
299.61
299.609
299.607
299.606
299.605
299.604
299.603
299.602
299.6
299.6
299.599
299.598
299.598
299.598
299.599
299.601
299.606
299.613
299.624
299.641
299.665
299.701
299.751
299.82
299.913
300.034
300.188
300.376
300.599
300.852
301.125
301.407
298.963
299.088
299.211
299.329
299.441
299.543
299.634
299.713
299.78
299.835
299.878
299.91
299.932
299.946
299.953
299.955
299.952
299.947
299.94
299.932
299.922
299.912
299.902
299.892
299.881
299.871
299.861
299.851
299.841
299.832
299.822
299.813
299.804
299.796
299.787
299.779
299.771
299.763
299.755
299.748
299.74
299.733
299.726
299.72
299.713
299.707
299.701
299.695
299.689
299.684
299.679
299.674
299.669
299.665
299.661
299.657
299.653
299.649
299.646
299.643
299.64
299.637
299.635
299.633
299.631
299.629
299.627
299.625
299.623
299.622
299.621
299.619
299.618
299.617
299.615
299.614
299.613
299.612
299.611
299.61
299.609
299.609
299.61
299.612
299.617
299.624
299.635
299.652
299.677
299.712
299.763
299.832
299.925
300.046
300.2
300.388
300.61
300.86
301.13
301.409
298.964
299.092
299.217
299.338
299.451
299.554
299.647
299.727
299.794
299.849
299.892
299.923
299.944
299.957
299.963
299.964
299.961
299.955
299.947
299.938
299.928
299.918
299.907
299.897
299.887
299.876
299.866
299.857
299.847
299.838
299.829
299.82
299.811
299.803
299.795
299.787
299.779
299.771
299.764
299.757
299.75
299.743
299.736
299.73
299.724
299.718
299.712
299.706
299.701
299.696
299.691
299.686
299.682
299.677
299.673
299.669
299.666
299.663
299.659
299.656
299.654
299.651
299.649
299.646
299.644
299.642
299.641
299.639
299.637
299.636
299.634
299.633
299.631
299.63
299.629
299.627
299.626
299.624
299.623
299.622
299.621
299.621
299.622
299.624
299.628
299.635
299.646
299.663
299.688
299.724
299.775
299.844
299.937
300.059
300.212
300.399
300.62
300.867
301.134
301.411
298.965
299.095
299.223
299.345
299.46
299.565
299.659
299.74
299.807
299.862
299.904
299.935
299.955
299.967
299.972
299.972
299.968
299.962
299.954
299.944
299.934
299.924
299.913
299.903
299.892
299.882
299.872
299.863
299.853
299.844
299.835
299.827
299.819
299.81
299.803
299.795
299.787
299.78
299.773
299.766
299.759
299.753
299.747
299.74
299.734
299.729
299.723
299.718
299.713
299.708
299.703
299.699
299.694
299.69
299.686
299.683
299.679
299.676
299.673
299.67
299.668
299.665
299.663
299.661
299.659
299.657
299.655
299.653
299.651
299.65
299.648
299.647
299.645
299.644
299.642
299.641
299.639
299.637
299.636
299.635
299.634
299.633
299.634
299.636
299.639
299.646
299.657
299.674
299.7
299.736
299.787
299.857
299.95
300.071
300.224
300.411
300.629
300.875
301.139
301.413
298.966
299.098
299.228
299.352
299.469
299.575
299.67
299.751
299.819
299.874
299.916
299.946
299.965
299.976
299.981
299.98
299.976
299.969
299.96
299.951
299.94
299.93
299.919
299.909
299.898
299.888
299.879
299.869
299.86
299.851
299.843
299.834
299.826
299.819
299.811
299.804
299.796
299.79
299.783
299.776
299.77
299.764
299.758
299.752
299.746
299.741
299.735
299.73
299.725
299.721
299.716
299.712
299.708
299.704
299.7
299.697
299.693
299.69
299.687
299.685
299.682
299.68
299.677
299.675
299.673
299.671
299.67
299.668
299.666
299.664
299.663
299.661
299.66
299.658
299.656
299.654
299.653
299.651
299.649
299.647
299.646
299.646
299.646
299.648
299.651
299.658
299.669
299.686
299.712
299.748
299.799
299.869
299.963
300.084
300.237
300.422
300.639
300.883
301.144
301.414
298.967
299.101
299.233
299.359
299.477
299.585
299.68
299.762
299.831
299.885
299.927
299.956
299.975
299.985
299.989
299.988
299.984
299.976
299.967
299.957
299.947
299.936
299.926
299.915
299.905
299.895
299.886
299.876
299.868
299.859
299.851
299.843
299.835
299.827
299.82
299.813
299.806
299.8
299.793
299.787
299.781
299.775
299.769
299.764
299.758
299.753
299.748
299.743
299.739
299.734
299.73
299.726
299.722
299.718
299.715
299.711
299.708
299.705
299.702
299.7
299.697
299.695
299.693
299.691
299.689
299.687
299.685
299.683
299.681
299.68
299.678
299.676
299.674
299.672
299.671
299.669
299.666
299.664
299.662
299.661
299.659
299.658
299.658
299.66
299.663
299.67
299.681
299.698
299.724
299.76
299.812
299.882
299.976
300.097
300.249
300.434
300.649
300.89
301.149
301.416
298.968
299.104
299.237
299.365
299.485
299.594
299.69
299.773
299.841
299.896
299.937
299.966
299.984
299.994
299.998
299.996
299.991
299.984
299.975
299.965
299.954
299.944
299.933
299.923
299.912
299.903
299.893
299.884
299.876
299.867
299.859
299.852
299.844
299.837
299.83
299.824
299.817
299.811
299.805
299.799
299.793
299.787
299.782
299.776
299.771
299.766
299.762
299.757
299.753
299.748
299.744
299.74
299.737
299.733
299.73
299.727
299.724
299.721
299.718
299.715
299.713
299.711
299.709
299.706
299.704
299.703
299.701
299.699
299.697
299.695
299.693
299.691
299.689
299.687
299.685
299.683
299.681
299.678
299.676
299.674
299.672
299.671
299.671
299.672
299.676
299.682
299.693
299.71
299.736
299.773
299.824
299.895
299.988
300.11
300.261
300.445
300.659
300.898
301.154
301.417
298.969
299.107
299.242
299.371
299.492
299.602
299.699
299.783
299.851
299.906
299.946
299.975
299.993
300.003
300.007
300.005
300
299.992
299.983
299.973
299.962
299.952
299.941
299.931
299.921
299.911
299.902
299.893
299.885
299.877
299.869
299.862
299.855
299.848
299.841
299.835
299.829
299.823
299.817
299.811
299.806
299.8
299.795
299.79
299.785
299.781
299.776
299.772
299.767
299.763
299.76
299.756
299.752
299.749
299.746
299.743
299.74
299.737
299.734
299.732
299.729
299.727
299.725
299.723
299.721
299.719
299.717
299.715
299.713
299.711
299.709
299.707
299.705
299.703
299.7
299.698
299.695
299.693
299.69
299.688
299.686
299.685
299.684
299.685
299.688
299.695
299.706
299.723
299.748
299.785
299.837
299.908
300.001
300.122
300.274
300.456
300.668
300.905
301.158
301.419
298.97
299.109
299.246
299.377
299.499
299.61
299.708
299.792
299.861
299.915
299.956
299.984
300.002
300.012
300.015
300.014
300.008
300.001
299.991
299.981
299.971
299.96
299.95
299.94
299.93
299.92
299.912
299.903
299.895
299.887
299.88
299.873
299.866
299.86
299.853
299.847
299.841
299.836
299.83
299.825
299.819
299.814
299.809
299.805
299.8
299.796
299.791
299.787
299.783
299.779
299.776
299.772
299.769
299.765
299.762
299.759
299.757
299.754
299.751
299.749
299.746
299.744
299.742
299.74
299.738
299.736
299.734
299.732
299.73
299.728
299.726
299.723
299.721
299.719
299.716
299.713
299.71
299.708
299.705
299.702
299.7
299.698
299.697
299.698
299.701
299.707
299.718
299.735
299.761
299.798
299.85
299.921
300.014
300.135
300.286
300.467
300.678
300.912
301.163
301.42
298.971
299.112
299.25
299.382
299.506
299.618
299.717
299.801
299.87
299.924
299.965
299.993
300.011
300.021
300.024
300.023
300.017
300.01
300.001
299.991
299.98
299.97
299.959
299.949
299.94
299.931
299.922
299.914
299.906
299.899
299.892
299.885
299.878
299.872
299.866
299.86
299.855
299.849
299.844
299.839
299.834
299.829
299.825
299.82
299.816
299.812
299.808
299.804
299.8
299.796
299.793
299.789
299.786
299.783
299.78
299.777
299.774
299.771
299.769
299.766
299.764
299.762
299.76
299.758
299.755
299.753
299.751
299.749
299.747
299.745
299.742
299.74
299.737
299.735
299.732
299.729
299.726
299.723
299.72
299.717
299.714
299.712
299.711
299.712
299.714
299.72
299.731
299.748
299.774
299.811
299.863
299.934
300.027
300.148
300.298
300.478
300.687
300.92
301.167
301.422
298.972
299.114
299.254
299.388
299.512
299.625
299.725
299.81
299.879
299.933
299.974
300.002
300.021
300.031
300.034
300.032
300.027
300.019
300.01
300
299.99
299.98
299.97
299.96
299.951
299.942
299.933
299.926
299.918
299.911
299.904
299.898
299.892
299.886
299.88
299.875
299.869
299.864
299.859
299.854
299.85
299.845
299.841
299.837
299.832
299.828
299.825
299.821
299.817
299.814
299.81
299.807
299.804
299.801
299.798
299.795
299.792
299.79
299.787
299.785
299.782
299.78
299.778
299.776
299.774
299.771
299.769
299.767
299.764
299.762
299.76
299.757
299.754
299.751
299.748
299.745
299.742
299.738
299.735
299.732
299.729
299.726
299.725
299.725
299.728
299.734
299.744
299.761
299.787
299.824
299.876
299.947
300.04
300.161
300.31
300.489
300.697
300.927
301.172
301.423
298.972
299.117
299.258
299.393
299.519
299.633
299.733
299.818
299.888
299.942
299.983
300.012
300.03
300.04
300.043
300.042
300.037
300.03
300.021
300.011
300.001
299.991
299.981
299.971
299.962
299.954
299.946
299.938
299.931
299.924
299.918
299.912
299.906
299.9
299.895
299.89
299.885
299.88
299.875
299.871
299.866
299.862
299.858
299.854
299.85
299.846
299.842
299.839
299.835
299.832
299.828
299.825
299.822
299.819
299.816
299.814
299.811
299.808
299.806
299.803
299.801
299.799
299.797
299.794
299.792
299.79
299.787
299.785
299.782
299.78
299.777
299.774
299.771
299.768
299.765
299.761
299.758
299.754
299.75
299.747
299.743
299.741
299.739
299.739
299.741
299.747
299.757
299.774
299.8
299.837
299.889
299.96
300.053
300.173
300.322
300.5
300.706
300.934
301.176
301.425
298.973
299.119
299.262
299.398
299.525
299.64
299.741
299.827
299.897
299.951
299.992
300.021
300.04
300.05
300.054
300.052
300.048
300.041
300.032
300.022
300.012
300.003
299.993
299.984
299.975
299.967
299.959
299.952
299.945
299.938
299.932
299.926
299.921
299.916
299.911
299.906
299.901
299.896
299.892
299.888
299.884
299.88
299.876
299.872
299.868
299.864
299.861
299.857
299.854
299.851
299.847
299.844
299.841
299.838
299.836
299.833
299.83
299.828
299.825
299.823
299.82
299.818
299.816
299.813
299.811
299.808
299.806
299.803
299.801
299.798
299.795
299.792
299.789
299.785
299.782
299.778
299.774
299.77
299.766
299.762
299.758
299.756
299.754
299.753
299.755
299.76
299.771
299.787
299.813
299.85
299.902
299.973
300.066
300.186
300.334
300.511
300.715
300.94
301.18
301.426
298.974
299.121
299.265
299.403
299.531
299.647
299.749
299.835
299.905
299.961
300.002
300.031
300.05
300.06
300.064
300.063
300.059
300.052
300.043
300.034
300.025
300.015
300.006
299.997
299.988
299.98
299.973
299.966
299.959
299.953
299.947
299.942
299.937
299.932
299.927
299.922
299.918
299.914
299.91
299.906
299.902
299.898
299.894
299.89
299.887
299.883
299.88
299.876
299.873
299.87
299.867
299.864
299.861
299.858
299.855
299.853
299.85
299.847
299.845
299.842
299.84
299.837
299.835
299.832
299.83
299.827
299.825
299.822
299.819
299.816
299.813
299.81
299.806
299.803
299.799
299.795
299.791
299.786
299.782
299.778
299.774
299.771
299.768
299.768
299.769
299.774
299.784
299.801
299.826
299.863
299.915
299.986
300.079
300.198
300.346
300.522
300.724
300.947
301.184
301.428
298.975
299.124
299.269
299.408
299.538
299.655
299.757
299.844
299.915
299.97
300.011
300.041
300.06
300.071
300.075
300.074
300.07
300.064
300.056
300.047
300.037
300.028
300.019
300.01
300.002
299.995
299.987
299.981
299.975
299.969
299.963
299.958
299.953
299.949
299.944
299.94
299.936
299.932
299.928
299.924
299.92
299.917
299.913
299.909
299.906
299.903
299.899
299.896
299.893
299.89
299.887
299.884
299.881
299.878
299.875
299.873
299.87
299.867
299.865
299.862
299.86
299.857
299.854
299.852
299.849
299.846
299.844
299.841
299.838
299.835
299.831
299.828
299.824
299.82
299.816
299.812
299.808
299.803
299.798
299.794
299.789
299.786
299.783
299.782
299.783
299.788
299.798
299.814
299.839
299.876
299.928
299.999
300.092
300.211
300.358
300.532
300.733
300.954
301.188
301.429
298.976
299.126
299.273
299.414
299.544
299.662
299.765
299.853
299.924
299.98
300.021
300.051
300.07
300.081
300.086
300.086
300.082
300.076
300.068
300.06
300.051
300.042
300.033
300.025
300.017
300.009
300.003
299.996
299.991
299.985
299.98
299.975
299.971
299.966
299.962
299.958
299.954
299.95
299.947
299.943
299.939
299.936
299.933
299.929
299.926
299.923
299.919
299.916
299.913
299.91
299.907
299.904
299.901
299.899
299.896
299.893
299.89
299.888
299.885
299.882
299.88
299.877
299.874
299.872
299.869
299.866
299.863
299.86
299.857
299.853
299.85
299.846
299.842
299.838
299.834
299.829
299.825
299.82
299.815
299.81
299.805
299.801
299.798
299.797
299.798
299.802
299.811
299.827
299.853
299.89
299.941
300.012
300.105
300.223
300.369
300.543
300.741
300.96
301.193
301.43
298.976
299.128
299.277
299.419
299.551
299.67
299.774
299.862
299.933
299.99
300.032
300.062
300.081
300.093
300.098
300.098
300.094
300.089
300.081
300.073
300.064
300.056
300.047
300.039
300.032
300.025
300.019
300.013
300.007
300.002
299.997
299.993
299.988
299.984
299.98
299.977
299.973
299.969
299.966
299.962
299.959
299.956
299.953
299.949
299.946
299.943
299.94
299.937
299.934
299.931
299.928
299.925
299.922
299.919
299.916
299.914
299.911
299.908
299.905
299.903
299.9
299.897
299.894
299.891
299.888
299.886
299.882
299.879
299.876
299.872
299.869
299.865
299.861
299.856
299.852
299.847
299.842
299.837
299.831
299.826
299.821
299.817
299.813
299.811
299.812
299.816
299.825
299.841
299.866
299.903
299.955
300.025
300.118
300.236
300.381
300.553
300.75
300.967
301.196
301.432
298.977
299.131
299.281
299.424
299.558
299.678
299.782
299.871
299.943
300
300.042
300.073
300.093
300.104
300.11
300.11
300.107
300.102
300.095
300.087
300.079
300.07
300.062
300.055
300.048
300.041
300.035
300.029
300.024
300.019
300.015
300.011
300.007
300.003
299.999
299.996
299.992
299.989
299.986
299.982
299.979
299.976
299.973
299.97
299.967
299.964
299.961
299.958
299.955
299.952
299.949
299.946
299.943
299.94
299.937
299.934
299.932
299.929
299.926
299.923
299.92
299.917
299.914
299.911
299.908
299.905
299.902
299.899
299.895
299.892
299.888
299.884
299.879
299.875
299.87
299.865
299.859
299.854
299.848
299.843
299.837
299.832
299.829
299.826
299.827
299.83
299.839
299.855
299.879
299.916
299.968
300.038
300.13
300.248
300.392
300.563
300.758
300.973
301.2
301.433
298.978
299.133
299.285
299.43
299.565
299.686
299.792
299.881
299.953
300.011
300.053
300.084
300.104
300.116
300.122
300.123
300.12
300.115
300.109
300.101
300.093
300.086
300.078
300.071
300.064
300.058
300.052
300.047
300.042
300.037
300.033
300.029
300.026
300.022
300.019
300.015
300.012
300.009
300.006
300.003
300
299.997
299.994
299.991
299.988
299.985
299.982
299.979
299.976
299.973
299.97
299.967
299.964
299.961
299.958
299.955
299.952
299.95
299.947
299.944
299.941
299.938
299.935
299.932
299.928
299.925
299.922
299.918
299.915
299.911
299.907
299.903
299.898
299.893
299.888
299.883
299.877
299.871
299.865
299.859
299.853
299.848
299.844
299.841
299.841
299.844
299.853
299.868
299.893
299.929
299.981
300.051
300.143
300.26
300.403
300.573
300.767
300.979
301.204
301.434
298.979
299.136
299.289
299.436
299.572
299.694
299.801
299.891
299.964
300.022
300.065
300.096
300.116
300.129
300.135
300.136
300.134
300.129
300.123
300.116
300.109
300.101
300.094
300.087
300.081
300.075
300.07
300.065
300.06
300.056
300.052
300.048
300.045
300.041
300.038
300.035
300.032
300.029
300.026
300.023
300.021
300.018
300.015
300.012
300.009
300.006
300.003
300
299.997
299.994
299.991
299.988
299.985
299.982
299.979
299.976
299.973
299.97
299.967
299.964
299.961
299.958
299.955
299.952
299.949
299.945
299.942
299.938
299.934
299.93
299.926
299.922
299.917
299.912
299.906
299.901
299.895
299.888
299.882
299.876
299.87
299.864
299.859
299.856
299.856
299.859
299.867
299.882
299.906
299.942
299.993
300.063
300.155
300.271
300.414
300.583
300.775
300.985
301.208
301.436
298.98
299.139
299.294
299.442
299.58
299.703
299.811
299.901
299.975
300.033
300.077
300.108
300.129
300.141
300.148
300.149
300.148
300.144
300.138
300.131
300.124
300.117
300.11
300.104
300.098
300.092
300.087
300.083
300.079
300.075
300.071
300.068
300.064
300.061
300.058
300.056
300.053
300.05
300.047
300.044
300.042
300.039
300.036
300.033
300.03
300.028
300.025
300.022
300.019
300.016
300.013
300.01
300.007
300.004
300.001
299.998
299.995
299.992
299.988
299.985
299.982
299.979
299.976
299.972
299.969
299.965
299.962
299.958
299.954
299.95
299.945
299.941
299.936
299.93
299.925
299.919
299.912
299.906
299.899
299.892
299.886
299.88
299.875
299.871
299.87
299.873
299.881
299.895
299.919
299.955
300.006
300.076
300.167
300.283
300.425
300.592
300.783
300.991
301.211
301.437
298.981
299.141
299.299
299.448
299.587
299.712
299.821
299.912
299.987
300.045
300.089
300.12
300.141
300.155
300.161
300.163
300.162
300.158
300.153
300.147
300.14
300.134
300.127
300.121
300.116
300.11
300.106
300.101
300.097
300.094
300.09
300.087
300.084
300.082
300.079
300.076
300.074
300.071
300.068
300.066
300.063
300.06
300.058
300.055
300.052
300.049
300.046
300.043
300.04
300.037
300.034
300.031
300.028
300.025
300.022
300.019
300.016
300.013
300.009
300.006
300.003
300
299.996
299.993
299.989
299.985
299.982
299.978
299.974
299.969
299.965
299.96
299.954
299.949
299.943
299.937
299.93
299.923
299.916
299.909
299.902
299.896
299.89
299.886
299.885
299.887
299.894
299.909
299.932
299.968
300.019
300.088
300.179
300.294
300.435
300.601
300.79
300.997
301.215
301.438
298.982
299.144
299.303
299.455
299.596
299.722
299.831
299.924
299.999
300.057
300.101
300.133
300.155
300.168
300.175
300.178
300.177
300.173
300.168
300.163
300.157
300.15
300.144
300.139
300.133
300.129
300.124
300.12
300.117
300.113
300.11
300.107
300.105
300.102
300.1
300.097
300.095
300.092
300.09
300.087
300.085
300.082
300.079
300.077
300.074
300.071
300.068
300.065
300.062
300.059
300.056
300.053
300.05
300.047
300.044
300.041
300.037
300.034
300.031
300.027
300.024
300.02
300.017
300.013
300.01
300.006
300.002
299.998
299.993
299.989
299.984
299.979
299.973
299.968
299.961
299.955
299.948
299.941
299.933
299.926
299.918
299.911
299.906
299.901
299.899
299.901
299.908
299.922
299.945
299.981
300.031
300.1
300.191
300.306
300.446
300.611
300.798
301.003
301.218
301.439
298.983
299.147
299.308
299.462
299.604
299.732
299.842
299.935
300.011
300.07
300.115
300.146
300.168
300.182
300.189
300.192
300.192
300.189
300.184
300.179
300.173
300.168
300.162
300.157
300.152
300.147
300.143
300.14
300.136
300.133
300.13
300.128
300.125
300.123
300.12
300.118
300.116
300.114
300.111
300.109
300.106
300.104
300.101
300.099
300.096
300.093
300.09
300.087
300.084
300.081
300.078
300.075
300.072
300.069
300.065
300.062
300.059
300.055
300.052
300.048
300.045
300.041
300.038
300.034
300.03
300.026
300.022
300.017
300.013
300.008
300.003
299.998
299.992
299.986
299.98
299.973
299.966
299.958
299.95
299.942
299.935
299.927
299.921
299.916
299.914
299.915
299.922
299.935
299.958
299.993
300.044
300.112
300.203
300.317
300.456
300.619
300.805
301.008
301.222
301.44
298.984
299.151
299.314
299.469
299.613
299.742
299.854
299.948
300.024
300.083
300.128
300.16
300.182
300.196
300.204
300.207
300.207
300.204
300.2
300.196
300.19
300.185
300.18
300.175
300.17
300.166
300.162
300.159
300.156
300.153
300.151
300.148
300.146
300.144
300.142
300.14
300.137
300.135
300.133
300.131
300.128
300.126
300.123
300.121
300.118
300.115
300.112
300.11
300.107
300.103
300.1
300.097
300.094
300.091
300.087
300.084
300.08
300.077
300.073
300.07
300.066
300.062
300.058
300.055
300.05
300.046
300.042
300.037
300.033
300.028
300.023
300.017
300.011
300.005
299.998
299.991
299.983
299.976
299.967
299.959
299.951
299.943
299.936
299.931
299.928
299.929
299.935
299.948
299.971
300.006
300.056
300.124
300.214
300.327
300.466
300.628
300.812
301.013
301.225
301.441
298.985
299.154
299.319
299.476
299.622
299.752
299.866
299.96
300.037
300.097
300.142
300.174
300.197
300.211
300.219
300.222
300.222
300.22
300.217
300.212
300.208
300.203
300.198
300.193
300.189
300.185
300.182
300.179
300.176
300.174
300.171
300.169
300.167
300.165
300.163
300.161
300.159
300.157
300.155
300.153
300.151
300.148
300.146
300.143
300.14
300.138
300.135
300.132
300.129
300.126
300.123
300.119
300.116
300.113
300.109
300.106
300.102
300.099
300.095
300.091
300.087
300.083
300.079
300.075
300.071
300.067
300.062
300.057
300.052
300.047
300.042
300.036
300.03
300.023
300.016
300.009
300.001
299.993
299.984
299.976
299.967
299.959
299.951
299.946
299.942
299.943
299.948
299.961
299.984
300.018
300.068
300.136
300.225
300.338
300.475
300.637
300.819
301.018
301.228
301.442
298.986
299.157
299.325
299.484
299.631
299.763
299.878
299.973
300.051
300.111
300.156
300.189
300.211
300.226
300.234
300.238
300.238
300.237
300.234
300.23
300.225
300.221
300.216
300.212
300.208
300.205
300.202
300.199
300.196
300.194
300.192
300.19
300.188
300.186
300.185
300.183
300.181
300.179
300.177
300.175
300.173
300.171
300.168
300.166
300.163
300.16
300.157
300.154
300.151
300.148
300.145
300.142
300.138
300.135
300.131
300.128
300.124
300.12
300.117
300.113
300.109
300.105
300.1
300.096
300.092
300.087
300.082
300.077
300.072
300.067
300.061
300.055
300.049
300.042
300.034
300.027
300.019
300.01
300.001
299.992
299.983
299.974
299.966
299.96
299.957
299.957
299.962
299.974
299.996
300.03
300.08
300.147
300.236
300.348
300.485
300.645
300.826
301.024
301.231
301.443
298.987
299.161
299.33
299.492
299.641
299.775
299.89
299.987
300.064
300.125
300.17
300.203
300.226
300.241
300.25
300.254
300.255
300.253
300.251
300.247
300.243
300.239
300.235
300.231
300.228
300.224
300.222
300.219
300.217
300.215
300.213
300.211
300.21
300.208
300.206
300.205
300.203
300.201
300.199
300.197
300.195
300.193
300.191
300.188
300.186
300.183
300.18
300.177
300.174
300.171
300.168
300.164
300.161
300.157
300.154
300.15
300.146
300.142
300.138
300.134
300.13
300.126
300.121
300.117
300.112
300.107
300.102
300.097
300.092
300.086
300.08
300.074
300.067
300.06
300.053
300.044
300.036
300.027
300.018
300.008
299.999
299.99
299.981
299.975
299.97
299.97
299.975
299.987
300.008
300.042
300.091
300.159
300.247
300.358
300.494
300.653
300.833
301.028
301.234
301.444
298.988
299.164
299.336
299.5
299.651
299.786
299.903
300
300.079
300.139
300.185
300.218
300.241
300.256
300.265
300.27
300.271
300.27
300.268
300.265
300.261
300.257
300.254
300.25
300.247
300.244
300.242
300.24
300.238
300.236
300.234
300.233
300.231
300.23
300.228
300.227
300.225
300.223
300.222
300.22
300.218
300.216
300.213
300.211
300.208
300.206
300.203
300.2
300.197
300.194
300.19
300.187
300.183
300.18
300.176
300.172
300.168
300.164
300.16
300.156
300.151
300.147
300.142
300.138
300.133
300.128
300.123
300.117
300.112
300.106
300.099
300.093
300.086
300.078
300.07
300.062
300.053
300.044
300.034
300.024
300.014
300.005
299.996
299.989
299.984
299.983
299.988
299.999
300.02
300.054
300.103
300.17
300.257
300.368
300.503
300.661
300.839
301.033
301.237
301.445
298.99
299.168
299.342
299.508
299.661
299.798
299.916
300.014
300.093
300.154
300.2
300.234
300.257
300.272
300.281
300.286
300.288
300.287
300.285
300.282
300.279
300.276
300.273
300.269
300.267
300.264
300.262
300.26
300.258
300.257
300.255
300.254
300.253
300.251
300.25
300.249
300.247
300.246
300.244
300.242
300.24
300.238
300.236
300.234
300.231
300.228
300.226
300.223
300.22
300.216
300.213
300.21
300.206
300.202
300.198
300.194
300.19
300.186
300.182
300.178
300.173
300.168
300.164
300.159
300.153
300.148
300.143
300.137
300.131
300.125
300.118
300.111
300.104
300.096
300.088
300.079
300.07
300.061
300.05
300.04
300.03
300.02
300.011
300.003
299.998
299.997
300
300.012
300.032
300.065
300.114
300.18
300.268
300.378
300.512
300.669
300.846
301.038
301.24
301.446
298.991
299.172
299.348
299.517
299.672
299.81
299.93
300.029
300.108
300.169
300.216
300.249
300.273
300.288
300.298
300.303
300.305
300.304
300.303
300.3
300.298
300.295
300.292
300.289
300.286
300.284
300.282
300.281
300.279
300.278
300.277
300.275
300.274
300.273
300.272
300.271
300.27
300.268
300.267
300.265
300.263
300.261
300.259
300.256
300.254
300.251
300.248
300.246
300.242
300.239
300.236
300.232
300.229
300.225
300.221
300.217
300.213
300.208
300.204
300.199
300.195
300.19
300.185
300.179
300.174
300.169
300.163
300.157
300.151
300.144
300.137
300.13
300.122
300.114
300.106
300.097
300.087
300.077
300.067
300.056
300.045
300.035
300.025
300.017
300.011
300.009
300.013
300.024
300.044
300.077
300.125
300.191
300.278
300.388
300.521
300.676
300.852
301.042
301.243
301.447
298.992
299.176
299.355
299.526
299.683
299.823
299.943
300.043
300.123
300.185
300.231
300.265
300.289
300.304
300.314
300.319
300.322
300.322
300.321
300.319
300.316
300.313
300.311
300.309
300.306
300.304
300.303
300.301
300.3
300.299
300.298
300.297
300.296
300.295
300.294
300.293
300.292
300.291
300.289
300.287
300.286
300.284
300.282
300.279
300.277
300.274
300.271
300.269
300.265
300.262
300.259
300.255
300.251
300.248
300.244
300.239
300.235
300.23
300.226
300.221
300.216
300.211
300.206
300.2
300.195
300.189
300.183
300.176
300.17
300.163
300.156
300.148
300.14
300.132
300.123
300.114
300.104
300.093
300.082
300.071
300.06
300.049
300.039
300.031
300.025
300.022
300.025
300.035
300.055
300.088
300.136
300.201
300.288
300.397
300.529
300.684
300.858
301.047
301.245
301.448
298.993
299.18
299.362
299.535
299.694
299.836
299.957
300.058
300.138
300.2
300.247
300.281
300.305
300.321
300.331
300.336
300.339
300.339
300.339
300.337
300.335
300.332
300.33
300.328
300.326
300.325
300.323
300.322
300.321
300.32
300.319
300.319
300.318
300.317
300.316
300.315
300.314
300.313
300.312
300.31
300.308
300.306
300.304
300.302
300.3
300.297
300.294
300.292
300.288
300.285
300.282
300.278
300.274
300.27
300.266
300.262
300.257
300.253
300.248
300.243
300.238
300.232
300.227
300.221
300.215
300.209
300.203
300.196
300.189
300.182
300.174
300.167
300.158
300.15
300.14
300.13
300.12
300.109
300.098
300.087
300.075
300.064
300.053
300.044
300.038
300.035
300.037
300.047
300.067
300.099
300.146
300.211
300.298
300.406
300.538
300.691
300.864
301.051
301.248
301.449
298.995
299.184
299.368
299.544
299.705
299.849
299.971
300.072
300.153
300.215
300.262
300.297
300.321
300.337
300.347
300.353
300.356
300.357
300.357
300.355
300.353
300.352
300.35
300.348
300.346
300.345
300.344
300.343
300.342
300.341
300.341
300.34
300.339
300.339
300.338
300.337
300.336
300.335
300.334
300.332
300.331
300.329
300.327
300.325
300.323
300.32
300.317
300.314
300.311
300.308
300.305
300.301
300.297
300.293
300.289
300.284
300.279
300.275
300.27
300.264
300.259
300.253
300.248
300.242
300.235
300.229
300.222
300.215
300.208
300.201
300.193
300.185
300.176
300.167
300.157
300.147
300.136
300.125
300.113
300.101
300.089
300.078
300.067
300.057
300.05
300.047
300.049
300.059
300.078
300.109
300.156
300.222
300.307
300.415
300.546
300.698
300.87
301.056
301.251
301.45
298.996
299.188
299.375
299.553
299.717
299.862
299.986
300.087
300.168
300.231
300.278
300.313
300.337
300.353
300.364
300.37
300.374
300.375
300.375
300.374
300.372
300.371
300.369
300.368
300.366
300.365
300.364
300.364
300.363
300.362
300.362
300.362
300.361
300.361
300.36
300.359
300.358
300.357
300.356
300.355
300.353
300.352
300.35
300.348
300.345
300.343
300.34
300.337
300.334
300.331
300.327
300.324
300.32
300.315
300.311
300.306
300.302
300.296
300.291
300.286
300.28
300.274
300.268
300.262
300.255
300.249
300.242
300.234
300.227
300.219
300.211
300.202
300.193
300.184
300.174
300.163
300.152
300.14
300.128
300.116
300.104
300.091
300.08
300.07
300.063
300.059
300.061
300.07
300.089
300.12
300.167
300.231
300.317
300.424
300.554
300.706
300.876
301.06
301.253
301.451
298.998
299.192
299.382
299.563
299.729
299.875
300
300.102
300.184
300.247
300.294
300.329
300.353
300.37
300.381
300.387
300.391
300.392
300.393
300.392
300.391
300.39
300.388
300.387
300.386
300.385
300.385
300.384
300.384
300.383
300.383
300.383
300.383
300.382
300.382
300.381
300.38
300.38
300.378
300.377
300.376
300.374
300.372
300.37
300.368
300.366
300.363
300.36
300.357
300.354
300.35
300.346
300.342
300.338
300.333
300.328
300.323
300.318
300.313
300.307
300.301
300.295
300.288
300.282
300.275
300.268
300.261
300.253
300.245
300.237
300.228
300.219
300.21
300.2
300.19
300.179
300.167
300.155
300.143
300.13
300.117
300.105
300.093
300.083
300.075
300.071
300.072
300.081
300.099
300.13
300.177
300.241
300.326
300.433
300.562
300.713
300.882
301.064
301.256
301.452
298.999
299.197
299.389
299.573
299.741
299.889
300.014
300.117
300.199
300.263
300.31
300.345
300.369
300.386
300.398
300.404
300.408
300.41
300.411
300.41
300.41
300.409
300.408
300.407
300.406
300.405
300.405
300.405
300.404
300.404
300.404
300.404
300.404
300.404
300.403
300.403
300.402
300.401
300.4
300.399
300.398
300.396
300.395
300.393
300.391
300.388
300.385
300.383
300.379
300.376
300.372
300.368
300.364
300.36
300.355
300.35
300.345
300.339
300.334
300.328
300.322
300.315
300.308
300.302
300.294
300.287
300.279
300.271
300.263
300.254
300.245
300.236
300.226
300.216
300.205
300.194
300.182
300.17
300.157
300.144
300.131
300.118
300.106
300.095
300.087
300.082
300.083
300.092
300.11
300.141
300.187
300.251
300.335
300.442
300.57
300.72
300.888
301.069
301.259
301.453
299.001
299.201
299.397
299.583
299.753
299.902
300.029
300.132
300.215
300.278
300.326
300.361
300.386
300.403
300.414
300.421
300.426
300.428
300.429
300.429
300.428
300.428
300.427
300.426
300.426
300.425
300.425
300.425
300.425
300.425
300.425
300.425
300.425
300.425
300.425
300.424
300.424
300.423
300.422
300.421
300.42
300.419
300.417
300.415
300.413
300.41
300.408
300.405
300.402
300.398
300.394
300.39
300.386
300.381
300.376
300.371
300.366
300.36
300.354
300.348
300.342
300.335
300.328
300.321
300.313
300.305
300.297
300.289
300.28
300.271
300.262
300.252
300.242
300.231
300.22
300.208
300.196
300.184
300.17
300.157
300.144
300.13
300.118
300.107
300.098
300.093
300.094
300.102
300.12
300.151
300.197
300.26
300.345
300.451
300.578
300.727
300.894
301.073
301.261
301.453
299.002
299.206
299.404
299.593
299.765
299.916
300.043
300.148
300.23
300.294
300.342
300.377
300.402
300.419
300.431
300.438
300.443
300.445
300.446
300.447
300.447
300.446
300.446
300.446
300.445
300.445
300.445
300.445
300.445
300.446
300.446
300.446
300.446
300.446
300.446
300.446
300.445
300.445
300.444
300.443
300.442
300.44
300.439
300.437
300.435
300.432
300.43
300.427
300.423
300.42
300.416
300.412
300.407
300.402
300.397
300.392
300.386
300.381
300.374
300.368
300.361
300.354
300.347
300.339
300.331
300.323
300.315
300.306
300.297
300.287
300.278
300.267
300.257
300.246
300.234
300.222
300.21
300.197
300.183
300.17
300.156
300.142
300.13
300.118
300.109
300.104
300.105
300.113
300.13
300.161
300.206
300.27
300.354
300.46
300.587
300.735
300.9
301.078
301.264
301.454
299.004
299.21
299.412
299.603
299.777
299.929
300.058
300.163
300.246
300.31
300.358
300.393
300.418
300.435
300.447
300.455
300.46
300.462
300.464
300.465
300.465
300.465
300.465
300.465
300.465
300.465
300.465
300.465
300.465
300.466
300.466
300.466
300.467
300.467
300.467
300.467
300.466
300.466
300.465
300.464
300.463
300.462
300.46
300.458
300.456
300.454
300.451
300.448
300.445
300.441
300.437
300.433
300.428
300.423
300.418
300.412
300.406
300.4
300.394
300.387
300.38
300.372
300.365
300.357
300.348
300.34
300.331
300.322
300.313
300.303
300.293
300.282
300.271
300.26
300.248
300.236
300.223
300.209
300.196
300.182
300.168
300.154
300.141
300.129
300.12
300.115
300.115
300.123
300.14
300.171
300.216
300.28
300.364
300.469
300.596
300.743
300.906
301.082
301.267
301.455
299.005
299.215
299.42
299.613
299.789
299.943
300.072
300.178
300.261
300.325
300.373
300.409
300.434
300.451
300.464
300.471
300.477
300.48
300.481
300.482
300.483
300.483
300.483
300.483
300.484
300.484
300.484
300.485
300.485
300.486
300.486
300.487
300.487
300.487
300.487
300.487
300.487
300.487
300.486
300.485
300.484
300.483
300.481
300.479
300.477
300.475
300.472
300.469
300.465
300.461
300.457
300.453
300.448
300.443
300.437
300.431
300.425
300.419
300.412
300.405
300.398
300.39
300.382
300.373
300.365
300.356
300.347
300.337
300.327
300.317
300.307
300.296
300.285
300.273
300.261
300.248
300.235
300.221
300.207
300.193
300.179
300.165
300.151
300.14
300.13
300.125
300.125
300.133
300.15
300.181
300.226
300.29
300.373
300.478
300.605
300.751
300.913
301.087
301.27
301.456
299.007
299.22
299.427
299.624
299.801
299.957
300.087
300.193
300.277
300.341
300.389
300.424
300.45
300.467
300.48
300.488
300.493
300.496
300.499
300.5
300.501
300.501
300.502
300.502
300.502
300.503
300.504
300.504
300.505
300.505
300.506
300.506
300.507
300.507
300.507
300.507
300.507
300.507
300.506
300.506
300.504
300.503
300.502
300.5
300.497
300.495
300.492
300.489
300.485
300.481
300.477
300.472
300.467
300.462
300.456
300.45
300.443
300.437
300.43
300.422
300.414
300.406
300.398
300.389
300.38
300.371
300.361
300.352
300.341
300.331
300.32
300.309
300.297
300.285
300.272
300.259
300.246
300.232
300.218
300.203
300.189
300.175
300.161
300.15
300.14
300.135
300.135
300.143
300.16
300.191
300.236
300.3
300.384
300.488
300.614
300.759
300.919
301.092
301.273
301.457
299.008
299.224
299.435
299.634
299.814
299.97
300.102
300.208
300.292
300.356
300.404
300.44
300.465
300.483
300.495
300.504
300.509
300.513
300.515
300.517
300.518
300.519
300.52
300.52
300.521
300.522
300.522
300.523
300.524
300.525
300.525
300.526
300.526
300.527
300.527
300.527
300.527
300.527
300.526
300.525
300.524
300.523
300.521
300.519
300.517
300.514
300.511
300.508
300.504
300.5
300.496
300.491
300.485
300.48
300.474
300.467
300.461
300.454
300.446
300.438
300.43
300.422
300.413
300.404
300.395
300.385
300.375
300.365
300.354
300.343
300.332
300.32
300.308
300.296
300.283
300.27
300.256
300.242
300.228
300.213
300.198
300.184
300.171
300.159
300.15
300.144
300.145
300.152
300.17
300.201
300.247
300.311
300.394
300.499
300.624
300.768
300.927
301.098
301.276
301.458
299.01
299.229
299.443
299.644
299.826
299.984
300.116
300.223
300.307
300.371
300.42
300.455
300.48
300.498
300.511
300.52
300.525
300.529
300.532
300.534
300.535
300.536
300.537
300.538
300.539
300.54
300.541
300.542
300.543
300.543
300.544
300.545
300.546
300.546
300.546
300.546
300.546
300.546
300.546
300.545
300.544
300.542
300.541
300.538
300.536
300.533
300.53
300.527
300.523
300.518
300.514
300.508
300.503
300.497
300.491
300.484
300.477
300.469
300.462
300.453
300.445
300.436
300.427
300.417
300.408
300.398
300.387
300.377
300.366
300.354
300.343
300.331
300.318
300.306
300.293
300.279
300.265
300.251
300.237
300.222
300.207
300.193
300.18
300.168
300.159
300.154
300.154
300.162
300.18
300.211
300.258
300.322
300.406
300.51
300.635
300.777
300.934
301.103
301.279
301.46
299.012
299.234
299.451
299.655
299.838
299.997
300.13
300.238
300.322
300.386
300.435
300.47
300.495
300.514
300.526
300.535
300.541
300.545
300.548
300.55
300.552
300.553
300.554
300.556
300.557
300.558
300.559
300.56
300.561
300.562
300.563
300.564
300.564
300.565
300.565
300.565
300.565
300.565
300.564
300.564
300.562
300.561
300.559
300.557
300.554
300.551
300.548
300.544
300.54
300.536
300.531
300.525
300.519
300.513
300.506
300.499
300.492
300.484
300.476
300.467
300.458
300.449
300.44
300.43
300.42
300.409
300.398
300.387
300.376
300.364
300.352
300.34
300.327
300.315
300.301
300.287
300.273
300.259
300.244
300.23
300.215
300.201
300.188
300.176
300.167
300.163
300.163
300.172
300.191
300.222
300.269
300.334
300.418
300.522
300.646
300.787
300.942
301.109
301.283
301.461
299.013
299.239
299.459
299.665
299.851
300.011
300.145
300.252
300.337
300.401
300.449
300.485
300.51
300.528
300.541
300.55
300.557
300.561
300.564
300.567
300.568
300.57
300.571
300.573
300.574
300.575
300.576
300.578
300.579
300.58
300.581
300.582
300.583
300.583
300.583
300.584
300.584
300.583
300.583
300.582
300.58
300.579
300.577
300.574
300.572
300.569
300.565
300.561
300.557
300.552
300.547
300.541
300.535
300.528
300.521
300.514
300.506
300.498
300.489
300.48
300.471
300.461
300.451
300.441
300.43
300.419
300.408
300.397
300.385
300.373
300.361
300.348
300.335
300.322
300.309
300.295
300.281
300.266
300.252
300.237
300.222
300.208
300.195
300.184
300.176
300.171
300.173
300.182
300.202
300.234
300.282
300.347
300.432
300.535
300.658
300.797
300.951
301.115
301.287
301.462
299.015
299.244
299.467
299.675
299.863
300.024
300.159
300.267
300.351
300.416
300.464
300.499
300.525
300.543
300.556
300.565
300.572
300.576
300.58
300.582
300.584
300.586
300.588
300.589
300.591
300.592
300.594
300.595
300.596
300.597
300.599
300.6
300.6
300.601
300.601
300.601
300.601
300.601
300.6
300.599
300.598
300.596
300.594
300.591
300.589
300.585
300.581
300.577
300.573
300.568
300.562
300.556
300.55
300.543
300.535
300.527
300.519
300.511
300.502
300.492
300.482
300.472
300.462
300.451
300.44
300.429
300.417
300.405
300.393
300.381
300.368
300.355
300.342
300.329
300.315
300.301
300.287
300.272
300.258
300.243
300.229
300.215
300.203
300.192
300.184
300.18
300.183
300.193
300.213
300.247
300.295
300.362
300.446
300.549
300.67
300.808
300.96
301.122
301.291
301.463
299.017
299.249
299.475
299.686
299.875
300.038
300.173
300.281
300.366
300.43
300.478
300.513
300.539
300.557
300.57
300.58
300.586
300.591
300.595
300.598
300.6
300.602
300.604
300.606
300.607
300.609
300.61
300.612
300.613
300.615
300.616
300.617
300.618
300.618
300.619
300.619
300.618
300.618
300.617
300.616
300.615
300.613
300.61
300.608
300.605
300.601
300.597
300.593
300.588
300.582
300.576
300.57
300.563
300.556
300.548
300.54
300.532
300.523
300.513
300.503
300.493
300.483
300.472
300.461
300.449
300.437
300.425
300.413
300.4
300.388
300.375
300.362
300.348
300.334
300.321
300.306
300.292
300.278
300.263
300.249
300.235
300.222
300.209
300.199
300.192
300.19
300.193
300.204
300.226
300.26
300.31
300.377
300.461
300.564
300.684
300.82
300.969
301.129
301.295
301.465
299.019
299.254
299.483
299.696
299.887
300.051
300.187
300.295
300.38
300.444
300.492
300.527
300.553
300.571
300.584
300.594
300.601
300.606
300.61
300.613
300.615
300.618
300.62
300.622
300.623
300.625
300.627
300.628
300.63
300.631
300.632
300.633
300.634
300.635
300.635
300.635
300.635
300.635
300.634
300.632
300.631
300.629
300.626
300.623
300.62
300.616
300.612
300.607
300.602
300.597
300.59
300.584
300.577
300.569
300.561
300.553
300.544
300.534
300.524
300.514
300.503
300.492
300.481
300.469
300.457
300.445
300.433
300.42
300.407
300.394
300.381
300.367
300.353
300.339
300.325
300.311
300.297
300.282
300.268
300.254
300.24
300.228
300.216
300.207
300.201
300.199
300.204
300.216
300.24
300.276
300.326
300.394
300.478
300.58
300.699
300.833
300.979
301.136
301.3
301.466
299.02
299.26
299.491
299.707
299.899
300.064
300.2
300.309
300.393
300.458
300.506
300.541
300.566
300.585
300.598
300.608
300.615
300.62
300.624
300.627
300.63
300.633
300.635
300.637
300.639
300.641
300.643
300.644
300.646
300.647
300.649
300.65
300.651
300.651
300.651
300.651
300.651
300.651
300.65
300.648
300.647
300.644
300.642
300.639
300.635
300.631
300.627
300.622
300.616
300.61
300.604
300.597
300.59
300.582
300.573
300.564
300.555
300.545
300.535
300.524
300.513
300.502
300.49
300.478
300.465
300.453
300.44
300.427
300.413
300.4
300.386
300.372
300.358
300.344
300.33
300.316
300.301
300.287
300.273
300.259
300.246
300.234
300.223
300.215
300.21
300.21
300.216
300.23
300.255
300.292
300.344
300.412
300.496
300.597
300.714
300.846
300.99
301.144
301.304
301.468
299.022
299.265
299.499
299.717
299.912
300.077
300.214
300.323
300.407
300.471
300.519
300.554
300.579
300.598
300.611
300.621
300.628
300.634
300.638
300.642
300.645
300.647
300.65
300.652
300.654
300.656
300.658
300.66
300.661
300.663
300.664
300.665
300.666
300.667
300.667
300.667
300.667
300.666
300.665
300.664
300.662
300.659
300.657
300.653
300.65
300.646
300.641
300.636
300.63
300.624
300.617
300.61
300.602
300.594
300.585
300.576
300.566
300.556
300.546
300.534
300.523
300.511
300.499
300.486
300.473
300.46
300.447
300.433
300.419
300.405
300.391
300.377
300.363
300.349
300.334
300.32
300.306
300.291
300.278
300.264
300.252
300.24
300.231
300.224
300.22
300.221
300.229
300.245
300.272
300.31
300.363
300.431
300.515
300.615
300.731
300.861
301.002
301.153
301.31
301.47
299.024
299.27
299.508
299.728
299.924
300.09
300.227
300.336
300.42
300.484
300.532
300.567
300.592
300.611
300.624
300.634
300.641
300.647
300.652
300.655
300.659
300.661
300.664
300.666
300.669
300.671
300.673
300.675
300.676
300.678
300.679
300.681
300.681
300.682
300.682
300.682
300.682
300.681
300.68
300.679
300.677
300.674
300.671
300.668
300.664
300.66
300.655
300.65
300.644
300.638
300.631
300.623
300.615
300.607
300.598
300.588
300.578
300.567
300.556
300.545
300.533
300.521
300.508
300.495
300.482
300.468
300.454
300.44
300.426
300.412
300.397
300.383
300.368
300.354
300.339
300.325
300.31
300.296
300.283
300.27
300.258
300.248
300.239
300.233
300.231
300.234
300.244
300.262
300.29
300.33
300.384
300.452
300.536
300.635
300.749
300.876
301.015
301.162
301.315
301.471
299.026
299.275
299.516
299.739
299.936
300.103
300.24
300.349
300.433
300.497
300.544
300.579
300.604
300.623
300.637
300.647
300.654
300.66
300.665
300.669
300.672
300.675
300.678
300.68
300.683
300.685
300.687
300.689
300.691
300.693
300.694
300.695
300.696
300.697
300.697
300.697
300.697
300.696
300.695
300.693
300.691
300.689
300.686
300.682
300.678
300.674
300.669
300.664
300.658
300.651
300.644
300.637
300.628
300.62
300.61
300.601
300.59
300.579
300.568
300.556
300.544
300.531
300.518
300.505
300.491
300.477
300.463
300.448
300.434
300.419
300.404
300.389
300.374
300.359
300.345
300.33
300.316
300.302
300.289
300.277
300.266
300.257
300.249
300.245
300.245
300.25
300.261
300.281
300.311
300.353
300.407
300.475
300.559
300.656
300.768
300.893
301.028
301.172
301.321
301.473
299.027
299.281
299.524
299.749
299.948
300.116
300.253
300.362
300.446
300.509
300.556
300.591
300.616
300.635
300.649
300.659
300.666
300.672
300.677
300.681
300.685
300.688
300.691
300.694
300.696
300.699
300.701
300.703
300.705
300.706
300.708
300.709
300.71
300.711
300.711
300.711
300.711
300.71
300.709
300.707
300.705
300.703
300.7
300.697
300.693
300.688
300.683
300.678
300.672
300.665
300.658
300.65
300.642
300.633
300.624
300.614
300.603
300.592
300.581
300.568
300.556
300.543
300.529
300.516
300.502
300.487
300.472
300.457
300.442
300.427
300.412
300.397
300.382
300.367
300.352
300.338
300.324
300.31
300.298
300.286
300.276
300.267
300.262
300.259
300.26
300.267
300.281
300.303
300.334
300.377
300.432
300.5
300.583
300.679
300.789
300.91
301.042
301.182
301.327
301.475
299.029
299.286
299.533
299.76
299.96
300.129
300.266
300.374
300.458
300.521
300.568
300.602
300.628
300.646
300.66
300.67
300.678
300.684
300.689
300.694
300.697
300.701
300.704
300.707
300.709
300.712
300.714
300.716
300.718
300.72
300.721
300.723
300.724
300.724
300.725
300.725
300.724
300.724
300.723
300.721
300.719
300.717
300.714
300.711
300.707
300.702
300.698
300.692
300.686
300.68
300.672
300.665
300.656
300.648
300.638
300.628
300.617
300.606
300.594
300.582
300.569
300.556
300.542
300.528
300.514
300.499
300.484
300.469
300.453
300.438
300.422
300.407
300.391
300.376
300.361
300.347
300.333
300.32
300.308
300.297
300.288
300.281
300.277
300.276
300.279
300.288
300.303
300.327
300.36
300.403
300.459
300.527
300.609
300.703
300.81
300.929
301.057
301.193
301.334
301.478
299.031
299.292
299.542
299.771
299.973
300.142
300.279
300.387
300.47
300.532
300.579
300.613
300.639
300.657
300.671
300.681
300.689
300.696
300.701
300.705
300.709
300.713
300.716
300.719
300.721
300.724
300.726
300.729
300.731
300.733
300.734
300.736
300.737
300.737
300.738
300.738
300.738
300.737
300.736
300.735
300.733
300.731
300.728
300.725
300.721
300.717
300.712
300.707
300.701
300.694
300.687
300.68
300.672
300.663
300.653
300.643
300.633
300.622
300.61
300.597
300.584
300.571
300.557
300.543
300.528
300.513
300.498
300.482
300.467
300.451
300.435
300.419
300.404
300.388
300.373
300.359
300.346
300.333
300.321
300.312
300.303
300.298
300.295
300.295
300.3
300.311
300.328
300.353
300.388
300.432
300.488
300.556
300.636
300.729
300.833
300.948
301.072
301.204
301.34
301.48
299.033
299.298
299.551
299.783
299.985
300.155
300.291
300.399
300.481
300.543
300.59
300.624
300.649
300.668
300.681
300.692
300.7
300.706
300.712
300.716
300.72
300.724
300.727
300.73
300.733
300.736
300.738
300.741
300.743
300.745
300.746
300.748
300.749
300.75
300.75
300.751
300.751
300.75
300.749
300.748
300.746
300.744
300.742
300.739
300.735
300.731
300.727
300.722
300.716
300.71
300.703
300.696
300.688
300.679
300.67
300.66
300.649
300.638
300.627
300.614
300.602
300.588
300.574
300.56
300.545
300.53
300.514
300.499
300.483
300.467
300.451
300.435
300.419
300.404
300.389
300.375
300.362
300.349
300.339
300.33
300.323
300.318
300.317
300.319
300.326
300.338
300.357
300.383
300.418
300.464
300.519
300.587
300.665
300.756
300.857
300.969
301.089
301.216
301.348
301.482
299.035
299.304
299.56
299.794
299.998
300.167
300.304
300.411
300.493
300.554
300.6
300.634
300.659
300.677
300.691
300.701
300.71
300.716
300.722
300.726
300.731
300.734
300.738
300.741
300.744
300.747
300.749
300.752
300.754
300.756
300.758
300.759
300.761
300.762
300.762
300.763
300.763
300.763
300.762
300.761
300.76
300.758
300.755
300.753
300.749
300.746
300.741
300.737
300.731
300.725
300.719
300.712
300.704
300.696
300.687
300.678
300.667
300.657
300.645
300.633
300.621
300.607
300.594
300.579
300.565
300.55
300.534
300.518
300.502
300.486
300.47
300.454
300.439
300.423
300.409
300.395
300.382
300.37
300.36
300.352
300.346
300.343
300.342
300.346
300.355
300.368
300.389
300.416
300.452
300.498
300.553
300.619
300.696
300.784
300.883
300.99
301.106
301.228
301.355
301.485
299.038
299.31
299.57
299.806
300.011
300.18
300.316
300.422
300.503
300.564
300.61
300.643
300.668
300.686
300.7
300.711
300.719
300.726
300.731
300.736
300.74
300.744
300.748
300.751
300.754
300.757
300.76
300.762
300.765
300.767
300.769
300.77
300.772
300.773
300.774
300.774
300.775
300.775
300.774
300.773
300.772
300.771
300.769
300.766
300.763
300.76
300.756
300.752
300.747
300.742
300.736
300.729
300.722
300.714
300.706
300.697
300.687
300.677
300.666
300.654
300.642
300.629
300.616
300.602
300.587
300.572
300.557
300.541
300.526
300.51
300.494
300.478
300.462
300.447
300.433
300.419
300.407
300.395
300.386
300.379
300.374
300.372
300.373
300.378
300.387
300.402
300.424
300.452
300.489
300.534
300.589
300.654
300.729
300.814
300.909
301.012
301.124
301.241
301.363
301.487
299.04
299.316
299.58
299.818
300.024
300.193
300.329
300.434
300.514
300.574
300.619
300.652
300.677
300.695
300.709
300.719
300.727
300.734
300.74
300.745
300.749
300.753
300.757
300.76
300.764
300.767
300.769
300.772
300.774
300.777
300.779
300.78
300.782
300.783
300.784
300.785
300.786
300.786
300.786
300.785
300.784
300.783
300.782
300.78
300.777
300.774
300.771
300.767
300.763
300.758
300.752
300.746
300.74
300.733
300.725
300.716
300.707
300.698
300.687
300.676
300.665
300.653
300.64
300.626
300.612
300.598
300.583
300.568
300.553
300.537
300.521
300.506
300.491
300.476
300.462
300.448
300.436
300.426
300.417
300.41
300.406
300.405
300.408
300.414
300.424
300.44
300.463
300.492
300.528
300.573
300.627
300.69
300.763
300.845
300.936
301.036
301.142
301.254
301.371
301.49
299.042
299.323
299.59
299.831
300.037
300.206
300.341
300.445
300.524
300.583
300.628
300.66
300.685
300.703
300.716
300.727
300.735
300.742
300.748
300.753
300.758
300.762
300.765
300.769
300.772
300.775
300.778
300.781
300.783
300.786
300.788
300.79
300.791
300.793
300.794
300.795
300.796
300.797
300.797
300.797
300.796
300.795
300.794
300.793
300.791
300.788
300.785
300.782
300.778
300.774
300.769
300.764
300.758
300.752
300.745
300.737
300.729
300.72
300.71
300.7
300.689
300.678
300.666
300.653
300.64
300.627
300.613
300.598
300.583
300.568
300.553
300.538
300.524
300.509
300.496
300.483
300.471
300.461
300.453
300.447
300.444
300.444
300.447
300.454
300.466
300.482
300.505
300.534
300.57
300.614
300.667
300.728
300.798
300.877
300.965
301.059
301.161
301.268
301.379
301.493
299.045
299.33
299.601
299.843
300.05
300.219
300.353
300.456
300.534
300.592
300.636
300.668
300.692
300.71
300.723
300.734
300.742
300.749
300.755
300.76
300.765
300.769
300.773
300.776
300.78
300.783
300.786
300.789
300.791
300.794
300.796
300.798
300.8
300.802
300.803
300.805
300.806
300.806
300.807
300.807
300.807
300.807
300.806
300.805
300.803
300.802
300.799
300.797
300.794
300.79
300.786
300.781
300.776
300.771
300.765
300.758
300.751
300.743
300.734
300.725
300.715
300.705
300.694
300.683
300.67
300.658
300.645
300.631
300.617
300.603
300.589
300.575
300.561
300.547
300.534
300.522
300.512
300.502
300.495
300.49
300.487
300.487
300.491
300.499
300.511
300.528
300.551
300.579
300.615
300.658
300.709
300.768
300.835
300.911
300.994
301.084
301.181
301.282
301.388
301.496
299.047
299.338
299.612
299.857
300.064
300.232
300.365
300.466
300.543
300.6
300.643
300.675
300.698
300.716
300.73
300.74
300.749
300.756
300.762
300.767
300.772
300.776
300.78
300.783
300.787
300.79
300.793
300.796
300.799
300.801
300.803
300.806
300.808
300.81
300.811
300.813
300.814
300.815
300.816
300.817
300.817
300.817
300.817
300.816
300.816
300.814
300.813
300.811
300.808
300.805
300.802
300.798
300.794
300.79
300.784
300.779
300.772
300.766
300.758
300.75
300.742
300.733
300.723
300.713
300.702
300.691
300.679
300.667
300.654
300.641
300.628
300.615
300.602
300.59
300.578
300.567
300.557
300.548
300.541
300.537
300.535
300.536
300.54
300.548
300.56
300.577
300.6
300.628
300.663
300.704
300.753
300.81
300.874
300.945
301.024
301.11
301.201
301.297
301.397
301.499
299.05
299.345
299.623
299.87
300.078
300.245
300.376
300.477
300.552
300.608
300.65
300.681
300.704
300.722
300.735
300.746
300.755
300.762
300.768
300.773
300.777
300.782
300.786
300.789
300.793
300.796
300.799
300.802
300.805
300.807
300.81
300.812
300.815
300.817
300.819
300.82
300.822
300.823
300.825
300.826
300.826
300.827
300.827
300.827
300.827
300.826
300.825
300.824
300.822
300.82
300.818
300.815
300.811
300.808
300.804
300.799
300.794
300.788
300.782
300.776
300.769
300.761
300.753
300.744
300.735
300.725
300.715
300.704
300.693
300.682
300.67
300.659
300.647
300.636
300.625
300.615
300.606
300.598
300.592
300.588
300.587
300.588
300.593
300.601
300.613
300.63
300.652
300.679
300.713
300.753
300.799
300.853
300.914
300.981
301.056
301.136
301.222
301.312
301.406
301.502
299.053
299.353
299.635
299.883
300.091
300.258
300.387
300.486
300.56
300.615
300.656
300.686
300.709
300.727
300.74
300.751
300.759
300.766
300.773
300.778
300.782
300.787
300.791
300.794
300.798
300.801
300.804
300.807
300.81
300.813
300.816
300.818
300.82
300.823
300.825
300.827
300.829
300.83
300.832
300.833
300.835
300.835
300.836
300.837
300.837
300.837
300.836
300.836
300.835
300.834
300.832
300.83
300.828
300.825
300.822
300.818
300.815
300.81
300.806
300.8
300.795
300.789
300.782
300.775
300.768
300.76
300.751
300.743
300.733
300.724
300.714
300.704
300.695
300.685
300.676
300.667
300.659
300.653
300.647
300.644
300.643
300.645
300.65
300.658
300.67
300.686
300.707
300.734
300.766
300.803
300.847
300.898
300.955
301.018
301.088
301.163
301.243
301.328
301.416
301.505
299.056
299.361
299.646
299.896
300.104
300.27
300.398
300.495
300.567
300.621
300.661
300.691
300.714
300.731
300.744
300.755
300.763
300.771
300.777
300.782
300.787
300.791
300.795
300.799
300.802
300.806
300.809
300.812
300.815
300.818
300.82
300.823
300.825
300.828
300.83
300.832
300.835
300.837
300.838
300.84
300.842
300.843
300.844
300.845
300.846
300.846
300.847
300.847
300.846
300.846
300.845
300.844
300.843
300.841
300.839
300.837
300.834
300.831
300.828
300.824
300.82
300.815
300.811
300.805
300.8
300.794
300.787
300.781
300.774
300.766
300.759
300.751
300.743
300.735
300.728
300.721
300.715
300.71
300.706
300.703
300.703
300.705
300.71
300.718
300.73
300.745
300.765
300.79
300.82
300.856
300.897
300.944
300.997
301.056
301.121
301.191
301.265
301.344
301.425
301.508
299.058
299.369
299.657
299.908
300.116
300.28
300.407
300.502
300.573
300.626
300.665
300.694
300.717
300.734
300.747
300.758
300.767
300.774
300.78
300.785
300.79
300.795
300.799
300.802
300.806
300.809
300.812
300.815
300.818
300.821
300.824
300.827
300.83
300.832
300.835
300.837
300.839
300.842
300.844
300.846
300.847
300.849
300.851
300.852
300.853
300.854
300.855
300.856
300.856
300.857
300.857
300.856
300.856
300.855
300.854
300.853
300.851
300.85
300.848
300.845
300.843
300.84
300.837
300.834
300.83
300.826
300.822
300.817
300.812
300.807
300.802
300.797
300.791
300.786
300.781
300.776
300.771
300.768
300.765
300.764
300.764
300.767
300.772
300.78
300.792
300.807
300.826
300.849
300.877
300.91
300.948
300.992
301.041
301.095
301.155
301.219
301.288
301.36
301.435
301.512
299.061
299.376
299.667
299.919
300.126
300.289
300.414
300.507
300.577
300.629
300.668
300.697
300.719
300.736
300.749
300.76
300.769
300.776
300.782
300.788
300.793
300.797
300.801
300.805
300.809
300.812
300.815
300.818
300.821
300.824
300.827
300.83
300.833
300.835
300.838
300.841
300.843
300.846
300.848
300.85
300.852
300.854
300.856
300.858
300.86
300.861
300.863
300.864
300.865
300.866
300.867
300.867
300.867
300.868
300.867
300.867
300.867
300.866
300.866
300.865
300.864
300.862
300.861
300.859
300.857
300.855
300.853
300.851
300.848
300.846
300.843
300.84
300.837
300.834
300.831
300.829
300.827
300.825
300.824
300.825
300.826
300.83
300.835
300.843
300.855
300.869
300.887
300.909
300.935
300.965
301
301.04
301.085
301.135
301.189
301.248
301.31
301.376
301.445
301.515
299.064
299.382
299.675
299.927
300.133
300.295
300.418
300.511
300.579
300.63
300.669
300.697
300.72
300.737
300.75
300.761
300.77
300.778
300.784
300.79
300.795
300.799
300.803
300.807
300.811
300.814
300.817
300.821
300.824
300.827
300.83
300.832
300.835
300.838
300.841
300.843
300.846
300.849
300.851
300.854
300.856
300.858
300.861
300.863
300.865
300.867
300.869
300.87
300.872
300.873
300.875
300.876
300.877
300.878
300.879
300.879
300.88
300.88
300.881
300.881
300.881
300.881
300.882
300.882
300.881
300.881
300.881
300.881
300.881
300.88
300.88
300.879
300.879
300.879
300.878
300.878
300.879
300.879
300.881
300.883
300.886
300.891
300.897
300.906
300.917
300.931
300.948
300.968
300.992
301.02
301.052
301.088
301.129
301.174
301.223
301.276
301.333
301.392
301.454
301.518
299.066
299.387
299.68
299.932
300.137
300.297
300.419
300.51
300.579
300.629
300.668
300.697
300.719
300.736
300.75
300.761
300.771
300.778
300.785
300.791
300.796
300.8
300.805
300.809
300.812
300.816
300.819
300.822
300.825
300.828
300.831
300.834
300.837
300.84
300.843
300.846
300.848
300.851
300.854
300.856
300.859
300.862
300.864
300.867
300.869
300.871
300.873
300.876
300.878
300.879
300.881
300.883
300.885
300.886
300.888
300.889
300.891
300.892
300.893
300.894
300.896
300.897
300.899
300.9
300.901
300.903
300.904
300.906
300.908
300.909
300.911
300.913
300.915
300.917
300.919
300.922
300.925
300.928
300.932
300.936
300.941
300.947
300.954
300.964
300.975
300.989
301.005
301.024
301.047
301.072
301.102
301.135
301.171
301.212
301.256
301.303
301.354
301.408
301.464
301.521
299.067
299.389
299.682
299.933
300.136
300.295
300.416
300.506
300.574
300.626
300.664
300.694
300.717
300.734
300.749
300.76
300.77
300.778
300.785
300.791
300.796
300.801
300.806
300.81
300.813
300.817
300.82
300.823
300.826
300.83
300.832
300.835
300.838
300.841
300.844
300.847
300.85
300.853
300.855
300.858
300.861
300.864
300.867
300.869
300.872
300.874
300.877
300.879
300.882
300.884
300.886
300.888
300.891
300.893
300.895
300.897
300.899
300.901
300.903
300.905
300.907
300.909
300.912
300.914
300.917
300.92
300.923
300.926
300.929
300.932
300.936
300.94
300.944
300.948
300.953
300.958
300.963
300.968
300.974
300.981
300.988
300.996
301.005
301.015
301.027
301.041
301.057
301.075
301.096
301.12
301.147
301.177
301.21
301.246
301.285
301.328
301.373
301.421
301.472
301.524
299.066
299.388
299.679
299.927
300.128
300.286
300.407
300.498
300.567
300.619
300.658
300.689
300.713
300.731
300.746
300.759
300.769
300.777
300.785
300.791
300.796
300.801
300.806
300.81
300.814
300.817
300.821
300.824
300.827
300.83
300.833
300.836
300.839
300.842
300.845
300.848
300.851
300.854
300.857
300.86
300.862
300.865
300.868
300.871
300.874
300.877
300.879
300.882
300.885
300.887
300.89
300.892
300.895
300.897
300.9
300.902
300.905
300.907
300.91
300.912
300.915
300.918
300.921
300.925
300.928
300.932
300.936
300.94
300.945
300.949
300.954
300.96
300.965
300.971
300.977
300.984
300.991
300.999
301.006
301.015
301.024
301.034
301.044
301.056
301.069
301.083
301.099
301.117
301.137
301.16
301.184
301.212
301.242
301.274
301.31
301.348
301.389
301.433
301.479
301.526
299.065
299.382
299.669
299.914
300.114
300.271
300.392
300.485
300.555
300.609
300.651
300.683
300.708
300.727
300.743
300.756
300.767
300.776
300.784
300.79
300.796
300.801
300.806
300.81
300.814
300.818
300.821
300.824
300.828
300.831
300.834
300.837
300.84
300.843
300.846
300.848
300.851
300.854
300.857
300.86
300.863
300.866
300.869
300.872
300.875
300.878
300.881
300.884
300.887
300.889
300.892
300.895
300.898
300.9
300.903
300.906
300.908
300.911
300.914
300.917
300.921
300.924
300.928
300.931
300.935
300.94
300.944
300.949
300.955
300.96
300.966
300.972
300.979
300.986
300.993
301.001
301.01
301.019
301.028
301.038
301.048
301.059
301.071
301.084
301.098
301.113
301.129
301.147
301.167
301.188
301.212
301.238
301.265
301.296
301.328
301.364
301.401
301.442
301.484
301.528
299.061
299.372
299.654
299.895
300.093
300.251
300.374
300.469
300.542
300.599
300.642
300.676
300.702
300.723
300.74
300.754
300.765
300.775
300.783
300.789
300.795
300.801
300.806
300.81
300.814
300.818
300.821
300.824
300.828
300.831
300.834
300.837
300.84
300.843
300.846
300.849
300.852
300.855
300.858
300.861
300.864
300.867
300.87
300.873
300.876
300.879
300.882
300.885
300.888
300.891
300.893
300.896
300.899
300.902
300.905
300.908
300.911
300.914
300.917
300.92
300.923
300.927
300.931
300.935
300.939
300.944
300.949
300.954
300.96
300.966
300.972
300.979
300.986
300.994
301.002
301.01
301.019
301.029
301.039
301.05
301.061
301.073
301.086
301.099
301.114
301.129
301.146
301.164
301.184
301.205
301.228
301.253
301.279
301.308
301.339
301.373
301.409
301.447
301.487
301.529
299.057
299.361
299.637
299.876
300.074
300.233
300.358
300.456
300.532
300.59
300.635
300.671
300.698
300.72
300.738
300.752
300.764
300.773
300.782
300.789
300.795
300.8
300.805
300.81
300.814
300.818
300.821
300.824
300.828
300.831
300.834
300.837
300.84
300.843
300.846
300.849
300.852
300.855
300.858
300.861
300.864
300.867
300.87
300.873
300.876
300.879
300.882
300.885
300.888
300.891
300.894
300.897
300.9
300.903
300.906
300.908
300.911
300.915
300.918
300.921
300.925
300.928
300.932
300.936
300.941
300.945
300.95
300.956
300.962
300.968
300.974
300.981
300.988
300.996
301.004
301.013
301.022
301.032
301.043
301.053
301.065
301.077
301.09
301.104
301.119
301.135
301.152
301.17
301.19
301.211
301.234
301.258
301.285
301.313
301.344
301.377
301.412
301.449
301.489
301.529
)
;

boundaryField
{
    Adiabatic_walls
    {
        type            zeroGradient;
    }
    Left
    {
        type            fixedValue;
        value           uniform 298.9;
    }
    Right
    {
        type            fixedValue;
        value           uniform 301.55;
    }
    frontAndBack
    {
        type            empty;
    }
}

