/*--------------------------------*- C++ -*----------------------------------*\
  =========                 |
  \\      /  F ield         | OpenFOAM: The Open Source CFD Toolbox
   \\    /   O peration     | Website:  https://openfoam.org
    \\  /    A nd           | Version:  6
     \\/     M anipulation  |
\*---------------------------------------------------------------------------*/
FoamFile
{
    version     2.0;
    format      ascii;
    class       volScalarField;
    location    "0";
    object      p;
}
// * * * * * * * * * * * * * * * * * * * * * * * * * * * * * * * * * * * * * //

dimensions      [0 2 -2 0 0 0 0];

internalField   nonuniform List<scalar> 
9000
(
121.421
67.4523
52.4859
46.1621
42.8699
40.9866
39.7678
38.8858
38.1876
37.5931
37.0576
36.555
36.0694
35.5916
35.1157
34.6387
34.1588
33.6755
33.1885
32.698
32.2045
31.7084
31.2101
30.7102
30.2092
29.7073
29.205
28.7027
28.2007
27.6993
27.1988
26.6996
26.2022
25.7068
25.2142
24.7247
24.2393
23.7587
23.2843
22.8176
22.3607
21.9165
21.4892
21.085
20.7127
20.3843
20.1055
19.8455
19.8384
18.733
91.4423
64.0306
53.1548
47.3164
43.8858
41.7565
40.3288
39.2919
38.4819
37.8068
37.213
36.6677
36.151
35.6502
35.1576
34.6683
34.1796
33.6899
33.1984
32.7047
32.209
31.7113
31.2121
30.7116
30.2101
29.708
29.2056
28.7032
28.2011
27.6995
27.1989
26.6994
26.2015
25.7055
25.2119
24.7211
24.2337
23.7506
23.2725
22.8006
22.3363
21.8813
21.4379
21.0086
20.5958
20.1993
19.8067
19.3676
18.8676
17.2839
73.2878
60.1974
53.019
47.9326
44.595
42.3672
40.8096
39.6583
38.7575
38.0128
37.3661
36.7811
36.2345
35.7113
35.202
34.7003
34.2025
33.7061
33.2097
32.7126
32.2144
31.7151
31.2146
30.7133
30.2113
29.7089
29.2062
28.7036
28.2013
27.6996
27.1986
26.6987
26.2002
25.7033
25.2085
24.7161
24.2264
23.7402
23.2578
22.7798
22.307
21.8398
21.3784
20.9219
20.4666
20.0023
19.502
18.8946
18.0979
16.6166
63.4731
56.5115
51.7731
47.7028
44.7567
42.6387
41.0816
39.8949
38.9512
38.1665
37.4857
36.873
36.3043
35.7639
35.2413
34.7295
34.2239
33.7217
33.2209
32.7206
32.2201
31.7191
31.2175
30.7153
30.2127
29.7098
29.2068
28.7039
28.2013
27.6993
27.1979
26.6975
26.1982
25.7004
25.2042
24.71
24.218
23.7285
23.2417
22.7577
22.2765
21.7976
21.3195
20.8389
20.3487
19.8341
19.2647
18.5755
17.6918
16.3917
56.9757
53.2348
50.1486
47.0442
44.5785
42.6715
41.1942
40.0268
39.0765
38.2754
37.5762
36.946
36.3621
35.8089
35.2759
34.7558
34.2438
33.7365
33.232
32.7287
32.226
31.7234
31.2205
30.7175
30.2142
29.7108
29.2074
28.7041
28.2011
27.6986
27.1968
26.6957
26.1957
25.6968
25.1992
24.7032
24.2087
23.7159
23.2247
22.7348
22.2457
21.7559
21.2629
20.7621
20.2447
19.695
19.0854
18.3655
17.4804
16.3376
52.3104
50.4538
48.5104
46.208
44.2049
42.5432
41.1874
40.0745
39.1437
38.345
37.6402
37.0013
36.4082
35.8464
35.3058
34.7793
34.262
33.7505
33.2426
32.7367
32.2319
31.7277
31.2237
30.7197
30.2157
29.7118
29.2079
28.7042
28.2008
27.6978
27.1954
26.6937
26.1927
25.6927
25.1937
24.6958
24.1988
23.7028
23.2074
22.712
22.2155
21.7161
21.2106
20.6936
20.1562
19.5838
18.9536
18.2297
17.3757
16.3635
48.931
48.1563
46.9851
45.3134
43.7199
42.3051
41.0901
40.0534
39.1608
38.3789
37.6792
37.0395
36.4427
35.8761
35.3306
34.7995
34.2781
33.7632
33.2524
32.7443
32.2377
31.732
31.2269
30.722
30.2173
29.7127
29.2083
28.7041
28.2002
27.6967
27.1937
26.6913
26.1895
25.6883
25.1879
24.6881
24.1888
23.6897
23.1904
22.69
22.1871
21.6796
21.1641
20.635
20.0842
19.4991
18.8621
18.1493
17.3393
16.4344
46.4441
46.2769
45.6187
44.4293
43.1827
41.9985
40.9286
39.9792
39.1368
38.3823
37.6962
37.062
36.4661
35.8982
35.3502
34.8162
34.292
33.7745
33.2615
32.7514
32.2432
31.7362
31.23
30.7242
30.2188
29.7136
29.2086
28.704
28.1996
27.6955
27.1919
26.6887
26.186
25.6837
25.1819
24.6803
24.1788
23.677
23.1742
22.6694
22.1612
21.6473
21.1242
20.5869
20.0282
19.438
18.8036
18.11
17.3468
16.5287
44.5722
44.7421
44.4234
43.5965
42.6348
41.6562
40.7259
39.8671
39.0815
38.361
37.6945
37.0707
36.4797
35.9132
35.3649
34.8296
34.3037
33.7843
33.2695
32.7579
32.2483
31.7401
31.2329
30.7263
30.2202
29.7144
29.2089
28.7037
28.1988
27.6942
27.1899
26.686
26.1823
25.679
25.1758
24.6727
24.1692
23.6649
23.1591
22.6508
22.1383
21.6196
21.0913
20.549
19.9869
19.3971
18.7711
18.1003
17.3815
16.6331
43.1342
43.4874
43.3934
42.8361
42.1039
41.3028
40.5008
39.7305
39.0037
38.3211
37.6781
37.0682
36.4848
35.9221
35.3751
34.8398
34.3131
33.7926
33.2766
32.7637
32.253
31.7438
31.2357
30.7283
30.2215
29.7151
29.2091
28.7033
28.1979
27.6927
27.1878
26.6831
26.1787
25.6743
25.17
24.6653
24.1601
23.6537
23.1455
22.6343
22.1187
21.5966
21.0652
20.5207
19.9584
19.3729
18.7586
18.1114
17.4325
16.74
42.0109
42.46
42.5148
42.1568
41.607
40.9558
40.2682
39.5808
38.9118
38.2682
37.6506
37.0568
36.4831
35.9259
35.3816
34.8473
34.3206
33.7995
33.2826
32.7688
32.2572
31.7471
31.2382
30.7301
30.2227
29.7157
29.2091
28.7029
28.1969
27.6912
27.1857
26.6803
26.1751
25.6698
25.1644
24.6585
24.1517
23.6436
23.1335
22.6202
22.1024
21.5783
21.0454
20.5008
19.941
19.3621
18.761
18.1368
17.4927
16.8452
41.1222
41.6181
41.7714
41.5604
41.154
40.6273
40.0392
39.4271
38.8127
38.2073
37.6158
37.039
36.4762
35.9255
35.3848
34.8523
34.3262
33.8051
33.2877
32.7732
32.2608
31.7501
31.2404
30.7317
30.2237
29.7162
29.2091
28.7023
28.1958
27.6896
27.1835
26.6775
26.1715
25.6655
25.1591
24.6521
24.1442
23.6347
23.1231
22.6084
22.0894
21.5644
21.0315
20.4884
19.9326
19.3618
18.7745
18.1716
17.5574
16.9463
40.4131
40.9287
41.1477
41.0447
40.7504
40.3257
39.8224
39.2769
38.7124
38.1431
37.5768
37.0172
36.4656
35.922
35.3856
34.8554
34.3303
33.8095
33.2919
32.7769
32.264
31.7526
31.2424
30.7331
30.2245
29.7165
29.2089
28.7017
28.1947
27.6879
27.1813
26.6748
26.1682
25.6614
25.1542
24.6463
24.1374
23.627
23.1145
22.5989
22.0794
21.5544
21.0226
20.4822
19.9316
19.3695
18.7957
18.2121
17.6236
17.0421
39.8457
40.3669
40.6295
40.6059
40.3986
40.0562
39.624
39.1359
38.6157
38.0793
37.5366
36.9935
36.4529
35.9165
35.3845
34.8569
34.3332
33.8128
33.2953
32.78
32.2667
31.7548
31.244
30.7342
30.2252
29.7167
29.2086
28.7009
28.1935
27.6863
27.1792
26.6721
26.1649
25.6575
25.1497
24.6411
24.1315
23.6205
23.1074
22.5915
22.0721
21.5479
21.018
20.4811
19.9363
19.3831
18.8222
18.2559
17.6891
17.1318
39.3938
39.9134
40.2051
40.2397
40.0991
39.8223
39.4484
39.0086
38.5267
38.0192
37.4978
36.9697
36.4395
35.9099
35.3823
34.8573
34.335
33.8153
33.2979
32.7825
32.2688
31.7565
31.2454
30.7351
30.2256
29.7167
29.2082
28.7001
28.1923
27.6846
27.1771
26.6695
26.1619
25.654
25.1456
24.6365
24.1265
23.6151
23.1018
22.586
22.0672
21.5444
21.0169
20.484
19.9453
19.4008
18.8518
18.3008
17.7525
17.2151
39.0387
39.5539
39.8649
39.9417
39.8516
39.6259
39.2986
38.8984
38.4483
37.9655
37.4623
36.9474
36.4264
35.9031
35.3795
34.857
34.3361
33.8171
33.2999
32.7844
32.2705
31.7579
31.2463
30.7357
30.2258
29.7165
29.2077
28.6992
28.191
27.683
27.175
26.6671
26.159
25.6507
25.1419
24.6325
24.1222
23.6106
23.0974
22.5822
22.0643
21.5433
21.0186
20.4899
19.9573
19.4211
18.8829
18.3454
17.8128
17.2918
38.7674
39.2775
39.6013
39.7082
39.6552
39.4682
39.1768
38.8077
38.383
37.9201
37.432
36.928
36.4148
35.8967
35.3766
34.8562
34.3366
33.8182
33.3013
32.7858
32.2717
31.7588
31.247
30.7361
30.2258
29.7162
29.207
28.6982
28.1897
27.6813
27.173
26.6647
26.1563
25.6476
25.1386
24.6289
24.1185
23.607
23.0942
22.5796
22.063
21.544
21.0223
20.498
19.9712
19.4428
18.9144
18.3886
17.8693
17.362
38.5708
39.0764
39.4083
39.5358
39.509
39.3496
39.0844
38.7383
38.3326
37.8847
37.4081
36.9125
36.4053
35.8914
35.374
34.8554
34.3368
33.8189
33.3022
32.7868
32.2725
31.7594
31.2473
30.7361
30.2256
29.7157
29.2062
28.6971
28.1883
27.6796
27.171
26.6624
26.1537
25.6448
25.1356
24.6258
24.1154
23.6041
23.0918
22.5781
22.0629
21.5461
21.0275
20.5073
19.9861
19.4648
18.9451
18.4295
17.9215
17.4256
38.4429
38.9452
39.2819
39.4222
39.412
39.2705
39.0224
38.6914
38.2984
37.8605
37.3916
36.9018
36.3986
35.8875
35.3721
34.8546
34.3367
33.8193
33.3027
32.7872
32.2729
31.7596
31.2474
30.7359
30.2252
29.715
29.2053
28.696
28.1869
27.6779
27.1691
26.6602
26.1513
25.6422
25.1328
24.623
24.1127
23.6018
23.09
22.5774
22.0637
21.549
21.0334
20.5173
20.0012
19.4864
18.9744
18.4676
17.969
17.4826
38.3798
38.8804
39.2194
39.3658
39.3637
39.231
38.9913
38.6678
38.281
37.8482
37.3831
36.8962
36.3952
35.8855
35.371
34.8541
34.3366
33.8193
33.3028
32.7873
32.2728
31.7595
31.247
30.7354
30.2245
29.7142
29.2042
28.6947
28.1854
27.6762
27.1671
26.6581
26.149
25.6397
25.1303
24.6205
24.1104
23.5998
23.0887
22.5771
22.065
21.5524
21.0397
20.5273
20.0159
19.5068
19.0015
18.5022
18.0117
17.5332
38.3798
38.8804
39.2194
39.3658
39.3637
39.231
38.9913
38.6678
38.281
37.8482
37.3831
36.8961
36.3951
35.8854
35.3708
34.854
34.3364
33.819
33.3025
32.7869
32.2724
31.7589
31.2464
30.7347
30.2236
29.7131
29.2031
28.6933
28.1838
27.6745
27.1652
26.656
26.1467
25.6373
25.1278
24.6181
24.1082
23.5981
23.0876
22.577
22.0664
21.5558
21.0457
20.5367
20.0296
19.5255
19.026
18.5332
18.0493
17.5774
38.4428
38.9452
39.2819
39.4221
39.412
39.2705
39.0224
38.6914
38.2983
37.8604
37.3914
36.9016
36.3984
35.8872
35.3717
34.8541
34.3361
33.8185
33.3018
32.7861
32.2716
31.758
31.2454
30.7337
30.2225
29.7119
29.2017
28.6918
28.1822
27.6727
27.1632
26.6538
26.1444
25.635
25.1254
24.6158
24.1061
23.5963
23.0866
22.577
22.0676
21.5589
21.0512
20.5452
20.0418
19.5421
19.0475
18.5601
18.0818
17.6153
38.5707
39.0763
39.4082
39.5357
39.5089
39.3495
39.0844
38.7382
38.3325
37.8846
37.4078
36.9122
36.4049
35.8909
35.3734
34.8546
34.3358
33.8177
33.3007
32.7849
32.2703
31.7568
31.2442
30.7324
30.2212
29.7105
29.2003
28.6903
28.1805
27.6708
27.1613
26.6517
26.1422
25.6326
25.123
24.6135
24.104
23.5946
23.0854
22.5766
22.0685
21.5614
21.0558
20.5524
20.0522
19.5561
19.0658
18.5828
18.1091
17.647
38.7672
39.2773
39.6011
39.708
39.6551
39.468
39.1767
38.8076
38.3828
37.9199
37.4316
36.9276
36.4142
35.896
35.3757
34.8551
34.3352
33.8165
33.2992
32.7833
32.2687
31.7552
31.2426
30.7309
30.2197
29.709
29.1987
28.6886
28.1787
27.669
27.1592
26.6496
26.1399
25.6302
25.1206
24.6111
24.1017
23.5926
23.0839
22.5758
22.0687
21.563
21.0592
20.558
20.0604
19.5674
19.0805
18.6012
18.1312
17.6726
39.0384
39.5537
39.8648
39.9416
39.8514
39.6258
39.2984
38.8982
38.4481
37.9652
37.4619
36.9469
36.4258
35.9022
35.3784
34.8556
34.3344
33.8149
33.2973
32.7813
32.2666
31.7532
31.2408
30.7291
30.218
29.7074
29.197
28.6869
28.1769
27.667
27.1572
26.6473
26.1375
25.6277
25.118
24.6085
24.0992
23.5902
23.0819
22.5744
22.0681
21.5635
21.0611
20.5617
20.0662
19.5758
19.0916
18.6152
18.1481
17.6923
39.3935
39.9132
40.2049
40.2396
40.0989
39.8221
39.4482
39.0084
38.5264
38.0189
37.4973
36.969
36.4387
35.9089
35.381
34.8557
34.333
33.8128
33.2948
32.7787
32.2642
31.7509
31.2387
30.7271
30.2162
29.7056
29.1953
28.6851
28.1751
27.6651
27.1551
26.6451
26.1351
25.6252
25.1153
24.6057
24.0963
23.5875
23.0793
22.5722
22.0665
21.5627
21.0614
20.5634
20.0695
19.5809
19.0988
18.6246
18.1598
17.706
39.8454
40.3666
40.6293
40.6057
40.3984
40.056
39.6238
39.1356
38.6154
38.0789
37.5361
36.9928
36.4521
35.9154
35.3831
34.8551
34.3309
33.8099
33.2917
32.7757
32.2613
31.7483
31.2363
30.725
30.2142
29.7037
29.1934
28.6833
28.1732
27.6631
27.1529
26.6428
26.1326
25.6224
25.1124
24.6026
24.0931
23.5842
23.0761
22.5692
22.0638
21.5605
21.0599
20.5628
20.0701
19.5829
19.1023
18.6296
18.1663
17.7139
40.4127
40.9284
41.1474
41.0445
40.7502
40.3255
39.8222
39.2766
38.712
38.1427
37.5762
37.0165
36.4647
35.9207
35.384
34.8534
34.3278
33.8063
33.288
32.7721
32.258
31.7454
31.2337
30.7226
30.212
29.7017
29.1915
28.6814
28.1713
27.661
27.1508
26.6404
26.13
25.6196
25.1093
24.5992
24.0895
23.5804
23.0722
22.5652
22.0599
21.5568
21.0566
20.56
20.068
19.5815
19.1018
18.6301
18.1677
17.7161
41.1218
41.6178
41.7712
41.5601
41.1538
40.6271
40.039
39.4268
38.8124
38.2069
37.6152
37.0382
36.4752
35.9241
35.3831
34.8502
34.3235
33.8016
33.2834
32.7679
32.2543
31.7421
31.2308
30.7201
30.2098
29.6997
29.1896
28.6795
28.1693
27.659
27.1486
26.638
26.1273
25.6166
25.106
24.5955
24.0855
23.5761
23.0675
22.5603
22.0548
21.5516
21.0513
20.5548
20.0629
19.5768
19.0974
18.6261
18.164
17.7127
42.0106
42.4597
42.5145
42.1566
41.6068
40.9556
40.2679
39.5805
38.9115
38.2677
37.65
37.056
36.4821
35.9245
35.3798
34.845
34.3177
33.7959
33.2781
32.7631
32.2502
31.7386
31.2278
30.7176
30.2076
29.6977
29.1877
28.6777
28.1674
27.657
27.1464
26.6355
26.1245
25.6135
25.1024
24.5916
24.081
23.5711
23.0621
22.5543
22.0484
21.5447
21.0441
20.5472
20.0551
19.5687
19.0891
18.6176
18.1554
17.7038
43.1338
43.4871
43.3931
42.8359
42.1037
41.3026
40.5006
39.7303
39.0034
38.3207
37.6775
37.0674
36.4838
35.9208
35.3734
34.8375
34.3102
33.7889
33.2719
32.7578
32.2456
31.7348
31.2246
30.7149
30.2053
29.6957
29.1859
28.6759
28.1656
27.6551
27.1442
26.6331
26.1217
25.6103
25.0987
24.5873
24.0762
23.5656
23.0558
22.5474
22.0406
21.5362
21.0348
20.5372
20.0444
19.5573
19.077
18.6048
18.1418
17.6895
44.5719
44.7418
44.4232
43.5963
42.6347
41.6561
40.7257
39.8669
39.0812
38.3606
37.694
37.07
36.4787
35.9119
35.3631
34.8273
34.3007
33.7805
33.2647
32.7518
32.2407
31.7308
31.2214
30.7122
30.2031
29.6937
29.1841
28.6742
28.1639
27.6532
27.1421
26.6307
26.1189
25.607
25.0949
24.5828
24.0709
23.5595
23.0489
22.5394
22.0317
21.5262
21.0237
20.5249
20.0309
19.5425
19.0611
18.5876
18.1235
17.6699
46.4438
46.2766
45.6186
44.4292
43.1825
41.9983
40.9285
39.979
39.1366
38.3819
37.6957
37.0613
36.4652
35.8969
35.3485
34.814
34.2891
33.7708
33.2567
32.7453
32.2355
31.7266
31.2181
30.7096
30.2009
29.6919
29.1825
28.6726
28.1623
27.6514
27.1401
26.6283
26.1161
25.6036
25.0909
24.578
24.0653
23.5529
23.0412
22.5306
22.0215
21.5146
21.0106
20.5103
20.0146
19.5246
19.0414
18.5663
18.1003
17.645
48.9307
48.1561
46.985
45.3133
43.7198
42.305
41.09
40.0532
39.1606
38.3786
37.6789
37.039
36.4419
35.875
35.329
34.7974
34.2754
33.7596
33.2478
32.7383
32.23
31.7224
31.2148
30.7071
30.1989
29.6902
29.181
28.6712
28.1608
27.6498
27.1382
26.6261
26.1134
25.6003
25.0868
24.5731
24.0594
23.5459
23.0329
22.5208
22.0102
21.5016
20.9958
20.4935
19.9957
19.5036
19.0182
18.5407
18.0726
17.615
52.3101
50.4536
48.5102
46.2079
44.2048
42.5431
41.1873
40.0745
39.1436
38.3448
37.6399
37.0009
36.4076
35.8455
35.3045
34.7774
34.2594
33.7471
33.2381
32.7309
32.2244
31.7182
31.2117
30.7047
30.1971
29.6888
29.1798
28.6701
28.1596
27.6484
27.1366
26.624
26.1108
25.597
25.0828
24.5681
24.0533
23.5385
23.0241
22.5104
21.9979
21.4873
20.9792
20.4746
19.9743
19.4795
18.9914
18.5112
18.0402
17.5799
56.9755
53.2346
50.1485
47.0441
44.5785
42.6715
41.1942
40.0269
39.0765
38.2754
37.5761
36.9458
36.3616
35.8082
35.2748
34.7542
34.2415
33.7334
33.2278
32.7232
32.2188
31.7141
31.2088
30.7026
30.1956
29.6877
29.1789
28.6692
28.1587
27.6473
27.1351
26.6222
26.1084
25.5939
25.0788
24.5632
24.0471
23.5309
23.0148
22.4992
21.9847
21.4717
20.9611
20.4537
19.9505
19.4526
18.9612
18.4777
18.0034
17.5399
63.4729
56.5114
51.7731
47.7028
44.7567
42.6388
41.0817
39.8951
38.9514
38.1666
37.4858
36.8729
36.3041
35.7634
35.2405
34.7282
34.222
33.719
33.2172
32.7156
32.2134
31.7103
31.2062
30.7009
30.1944
29.6869
29.1783
28.6687
28.1581
27.6465
27.134
26.6206
26.1063
25.5911
25.075
24.5583
24.0409
23.5231
23.0053
22.4876
21.9707
21.4551
20.9416
20.431
19.9244
19.4229
18.9278
18.4405
17.9624
17.495
73.2877
60.1973
53.0189
47.9326
44.5951
42.3673
40.8098
39.6586
38.7578
38.0131
37.3664
36.7813
36.2345
35.7111
35.2015
34.6995
34.2011
33.7039
33.2065
32.7082
32.2084
31.707
31.2041
30.6996
30.1937
29.6865
29.1781
28.6685
28.1578
27.6461
27.1332
26.6194
26.1044
25.5885
25.0715
24.5535
24.0348
23.5153
22.9955
22.4755
21.956
21.4374
20.9206
20.4064
19.8958
19.3901
18.8907
18.3989
17.9163
17.4445
91.4422
64.0305
53.1548
47.3165
43.886
41.7567
40.3291
39.2922
38.4823
37.8073
37.2134
36.6681
36.1513
35.6504
35.1575
34.6679
34.1787
33.6883
33.1959
32.7011
32.2038
31.7042
31.2025
30.6989
30.1936
29.6867
29.1784
28.6689
28.1581
27.6461
27.1329
26.6185
26.103
25.5862
25.0682
24.549
24.0286
23.5073
22.9852
22.4627
21.9401
21.4181
20.8974
20.3789
19.8637
19.3531
18.8484
18.3513
17.8633
17.3861
121.421
67.4523
52.486
46.1622
42.8701
40.9869
39.7681
38.8863
38.1881
37.5937
37.0583
36.5556
36.0701
35.5921
35.116
34.6387
34.1585
33.6746
33.1868
32.6952
32.2003
31.7023
31.2017
30.6988
30.1939
29.6873
29.1791
28.6695
28.1586
27.6464
27.1329
26.6181
26.102
25.5844
25.0655
24.5451
24.0233
23.5002
22.9759
22.4509
21.9254
21.4
20.8755
20.3529
19.8331
19.3176
18.8078
18.3053
17.8119
17.3296
8.67898
10.7332
10.8546
11.2639
11.4875
11.6481
11.7444
11.798
11.8176
11.8109
11.783
11.7377
11.678
11.6063
11.5243
11.4336
11.3354
11.2308
11.1208
11.006
10.8872
10.7649
10.6397
10.512
10.3822
10.2505
10.1174
9.98301
9.8476
9.71134
9.5744
9.43692
9.29901
9.16076
9.02228
8.88361
8.74483
8.60599
8.46711
8.32823
8.18938
8.05058
7.91183
7.77316
7.63456
7.49605
7.35762
7.21927
7.08101
6.94283
6.80472
6.66669
6.52873
6.39083
6.25299
6.11521
5.97747
5.83978
5.70214
5.56453
5.42695
5.2894
5.15188
5.01438
4.87691
4.73945
4.602
4.46457
4.32715
4.18974
4.05234
3.91495
3.77756
3.64018
3.5028
3.36543
3.22805
3.09068
2.95332
2.81595
2.67858
2.54122
2.40386
2.26649
2.12913
1.99177
1.8544
1.71704
1.57968
1.44232
1.30496
1.16759
1.03023
0.892868
0.755505
0.618143
0.480781
0.343416
0.206061
0.0686755
11.224
11.8087
11.5059
11.6816
11.782
11.8673
11.9145
11.9332
11.9266
11.8995
11.8553
11.7966
11.7258
11.6448
11.5549
11.4576
11.3539
11.2447
11.1307
11.0127
10.8913
10.7668
10.6399
10.5108
10.3799
10.2474
10.1137
9.9789
9.84323
9.70685
9.56988
9.43245
9.29466
9.15658
9.01829
8.87985
8.74131
8.60271
8.46409
8.32546
8.18685
8.04828
7.90976
7.7713
7.6329
7.49457
7.3563
7.21811
7.07999
6.94194
6.80395
6.66602
6.52815
6.39033
6.25257
6.11485
5.97717
5.83953
5.70193
5.56436
5.42681
5.28929
5.15179
5.01432
4.87686
4.73941
4.60198
4.46456
4.32714
4.18974
4.05235
3.91496
3.77757
3.64019
3.50281
3.36544
3.22807
3.0907
2.95333
2.81597
2.6786
2.54123
2.40387
2.26651
2.12914
1.99178
1.85442
1.71705
1.57969
1.44233
1.30496
1.1676
1.03024
0.892872
0.755509
0.618145
0.480782
0.343417
0.206058
0.068681
12.6193
12.5902
12.0985
12.0916
12.0818
12.0937
12.0911
12.0736
12.0398
11.9915
11.9302
11.8576
11.7753
11.6847
11.5868
11.4827
11.3733
11.2593
11.1413
11.02
10.8958
10.7691
10.6404
10.5098
10.3778
10.2445
10.1101
9.9749
9.83896
9.70242
9.56541
9.42802
9.29033
9.1524
9.01431
8.87609
8.73778
8.59943
8.46105
8.32267
8.1843
8.04596
7.90766
7.76941
7.63121
7.49306
7.35497
7.21693
7.07896
6.94103
6.80316
6.66533
6.52756
6.38983
6.25213
6.11448
5.97686
5.83927
5.70171
5.56418
5.42667
5.28917
5.1517
5.01424
4.8768
4.73937
4.60195
4.46454
4.32713
4.18974
4.05235
3.91496
3.77758
3.6402
3.50283
3.36545
3.22808
3.09071
2.95335
2.81598
2.67861
2.54125
2.40388
2.26652
2.12915
1.99179
1.85443
1.71706
1.5797
1.44233
1.30497
1.1676
1.03024
0.892876
0.755512
0.618147
0.480783
0.343418
0.206055
0.0686863
13.5752
13.2044
12.6247
12.4791
12.3766
12.3211
12.2702
12.2168
12.1556
12.0856
12.0069
11.9202
11.8261
11.7256
11.6195
11.5085
11.3933
11.2744
11.1524
11.0276
10.9006
10.7717
10.6411
10.509
10.3759
10.2417
10.1067
9.97099
9.83475
9.69805
9.56098
9.42361
9.28602
9.14824
9.01033
8.87232
8.73425
8.59613
8.458
8.31986
8.18173
8.04363
7.90555
7.76751
7.6295
7.49154
7.35362
7.21574
7.0779
6.94011
6.80235
6.66464
6.52696
6.38931
6.25169
6.1141
5.97654
5.83901
5.70149
5.564
5.42652
5.28905
5.15161
5.01417
4.87674
4.73933
4.60192
4.46452
4.32712
4.18973
4.05235
3.91497
3.77759
3.64021
3.50284
3.36547
3.2281
3.09073
2.95336
2.81599
2.67863
2.54126
2.4039
2.26653
2.12917
1.9918
1.85444
1.71707
1.57971
1.44234
1.30498
1.16761
1.03025
0.89288
0.755515
0.61815
0.480785
0.343419
0.206052
0.0686915
14.2702
13.7071
13.087
12.838
12.6601
12.5447
12.4488
12.3607
12.2724
12.1809
12.0848
11.9836
11.8777
11.7673
11.6528
11.5348
11.4137
11.2898
11.1637
11.0355
10.9057
10.7744
10.6419
10.5084
10.374
10.239
10.1033
9.96714
9.83059
9.69371
9.55657
9.41923
9.28172
9.14408
9.00635
8.86855
8.7307
8.59283
8.45493
8.31704
8.17915
8.04128
7.90342
7.76559
7.62778
7.49
7.35225
7.21453
7.07684
6.93918
6.80154
6.66393
6.52635
6.38878
6.25124
6.11372
5.97622
5.83874
5.70126
5.56381
5.42636
5.28893
5.15151
5.01409
4.87668
4.73928
4.60189
4.4645
4.32711
4.18973
4.05235
3.91497
3.7776
3.64022
3.50285
3.36548
3.22811
3.09074
2.95338
2.81601
2.67864
2.54128
2.40391
2.26654
2.12918
1.99181
1.85445
1.71708
1.57971
1.44235
1.30498
1.16762
1.03025
0.892884
0.755518
0.618152
0.480786
0.34342
0.20605
0.0686966
14.7813
14.1234
13.4905
13.1666
12.9283
12.7611
12.6241
12.5034
12.389
12.2763
12.1629
12.0475
11.9296
11.8093
11.6864
11.5614
11.4343
11.3055
11.1752
11.0436
10.9109
10.7773
10.6429
10.5079
10.3723
10.2363
10.1
9.96333
9.82646
9.6894
9.55219
9.41485
9.27743
9.13993
9.00237
8.86478
8.72715
8.58952
8.45187
8.31421
8.17656
8.03892
7.90129
7.76366
7.62605
7.48846
7.35088
7.21332
7.07577
6.93824
6.80072
6.66322
6.52573
6.38825
6.25079
6.11334
5.97589
5.83846
5.70104
5.56362
5.42621
5.2888
5.15141
5.01401
4.87662
4.73924
4.60185
4.46447
4.3271
4.18972
4.05235
3.91498
3.7776
3.64023
3.50286
3.3655
3.22813
3.09076
2.95339
2.81602
2.67866
2.54129
2.40392
2.26656
2.12919
1.99182
1.85446
1.71709
1.57972
1.44236
1.30499
1.16762
1.03026
0.892889
0.755522
0.618155
0.480787
0.343421
0.206048
0.0687015
15.1691
14.4729
13.8421
13.4651
13.1794
12.968
12.7943
12.6432
12.504
12.3709
12.2406
12.1111
11.9815
11.8512
11.72
11.5879
11.455
11.3212
11.1867
11.0517
10.9161
10.7801
10.6439
10.5073
10.3706
10.2337
10.0967
9.95954
9.82234
9.6851
9.54781
9.41049
9.27314
9.13577
8.99839
8.861
8.72361
8.5862
8.44879
8.31138
8.17397
8.03656
7.89914
7.76173
7.62432
7.48691
7.3495
7.2121
7.07469
6.93729
6.7999
6.6625
6.52511
6.38772
6.25033
6.11295
5.97556
5.83818
5.70081
5.56343
5.42605
5.28868
5.1513
5.01393
4.87656
4.73919
4.60182
4.46445
4.32708
4.18971
4.05235
3.91498
3.77761
3.64024
3.50288
3.36551
3.22814
3.09077
2.95341
2.81604
2.67867
2.5413
2.40394
2.26657
2.1292
1.99183
1.85447
1.7171
1.57973
1.44236
1.305
1.16763
1.03026
0.892893
0.755525
0.618157
0.480789
0.343422
0.206046
0.0687062
15.4745
14.7705
14.149
13.735
13.4124
13.1639
12.9578
12.779
12.6165
12.4639
12.3172
12.174
12.0328
11.8928
11.7533
11.6143
11.4755
11.3367
11.1981
11.0596
10.9212
10.783
10.6448
10.5068
10.3688
10.231
10.0933
9.95573
9.81822
9.68079
9.54342
9.40611
9.26885
9.13162
8.99442
8.85723
8.72006
8.58289
8.44572
8.30855
8.17138
8.0342
7.897
7.7598
7.62259
7.48536
7.34812
7.21088
7.07362
6.93635
6.79907
6.66178
6.52449
6.38719
6.24987
6.11256
5.97524
5.83791
5.70057
5.56324
5.4259
5.28855
5.1512
5.01385
4.8765
4.73914
4.60179
4.46443
4.32707
4.18971
4.05235
3.91498
3.77762
3.64025
3.50289
3.36552
3.22815
3.09079
2.95342
2.81605
2.67869
2.54132
2.40395
2.26658
2.12921
1.99184
1.85448
1.71711
1.57974
1.44237
1.305
1.16763
1.03027
0.892897
0.755528
0.61816
0.48079
0.343424
0.206044
0.0687106
15.7231
15.0271
14.4179
13.9787
13.6273
13.348
13.1135
12.9096
12.7255
12.5544
12.3921
12.2356
12.0832
11.9336
11.7861
11.6402
11.4956
11.352
11.2093
11.0674
10.9262
10.7856
10.6456
10.5061
10.367
10.2283
10.0899
9.95188
9.81406
9.67646
9.53902
9.40173
9.26456
9.12746
8.99044
8.85346
8.71651
8.57958
8.44266
8.30573
8.16879
8.03184
7.89487
7.75787
7.62086
7.48382
7.34675
7.20966
7.07255
6.93541
6.79825
6.66107
6.52387
6.38665
6.24942
6.11217
5.97491
5.83763
5.70034
5.56305
5.42574
5.28842
5.1511
5.01377
4.87644
4.7391
4.60176
4.46441
4.32706
4.1897
4.05234
3.91499
3.77763
3.64026
3.5029
3.36553
3.22817
3.0908
2.95344
2.81607
2.6787
2.54133
2.40396
2.26659
2.12922
1.99186
1.85449
1.71712
1.57975
1.44238
1.30501
1.16764
1.03027
0.892901
0.755532
0.618162
0.480792
0.343425
0.206042
0.0687148
15.931
15.2504
14.6543
14.1982
13.8247
13.5198
13.2607
13.0342
12.8302
12.642
12.4648
12.2956
12.1323
11.9734
11.818
11.6654
11.5151
11.3668
11.2201
11.0749
10.9309
10.7881
10.6463
10.5053
10.3651
10.2255
10.0865
9.94798
9.80986
9.67209
9.5346
9.39734
9.26025
9.1233
8.98646
8.84969
8.71297
8.57628
8.43959
8.30291
8.16621
8.02949
7.89274
7.75595
7.61913
7.48228
7.34538
7.20845
7.07148
6.93447
6.79743
6.66036
6.52326
6.38612
6.24897
6.11179
5.97458
5.83736
5.70012
5.56286
5.42559
5.2883
5.151
5.01369
4.87638
4.73905
4.60172
4.46439
4.32704
4.1897
4.05234
3.91499
3.77763
3.64027
3.50291
3.36555
3.22818
3.09082
2.95345
2.81608
2.67871
2.54135
2.40398
2.26661
2.12924
1.99187
1.8545
1.71713
1.57976
1.44239
1.30502
1.16765
1.03028
0.892906
0.755535
0.618165
0.480793
0.343426
0.206041
0.0687186
16.1087
15.4464
14.863
14.3959
14.0053
13.6792
13.3989
13.1524
12.9302
12.7259
12.5347
12.3534
12.1797
12.0118
11.8488
11.6897
11.5339
11.3809
11.2304
11.0819
10.9353
10.7903
10.6466
10.5043
10.3629
10.2225
10.0829
9.94399
9.8056
9.66768
9.53014
9.39292
9.25593
9.11914
8.98248
8.84593
8.70944
8.57298
8.43655
8.3001
8.16364
8.02715
7.89062
7.75405
7.61743
7.48075
7.34403
7.20725
7.07042
6.93355
6.79662
6.65966
6.52265
6.3856
6.24852
6.11141
5.97426
5.83709
5.69989
5.56267
5.42543
5.28818
5.1509
5.01362
4.87632
4.73901
4.60169
4.46436
4.32703
4.18969
4.05234
3.91499
3.77764
3.64028
3.50292
3.36556
3.2282
3.09083
2.95347
2.8161
2.67873
2.54136
2.40399
2.26662
2.12925
1.99188
1.85451
1.71714
1.57977
1.44239
1.30502
1.16765
1.03028
0.89291
0.755539
0.618168
0.480795
0.343427
0.206039
0.0687222
16.2631
15.6194
15.0478
14.5739
14.1701
13.8266
13.5279
13.2636
13.025
12.8058
12.6015
12.4087
12.225
12.0487
11.8783
11.7129
11.5518
11.3943
11.24
11.0884
10.9392
10.792
10.6467
10.503
10.3606
10.2194
10.0792
9.93989
9.80126
9.66321
9.52564
9.38847
9.25159
9.11496
8.9785
8.84216
8.70591
8.5697
8.43351
8.29731
8.16109
8.02483
7.88852
7.75216
7.61573
7.47924
7.34269
7.20606
7.06938
6.93263
6.79583
6.65897
6.52205
6.38509
6.24808
6.11103
5.97395
5.83682
5.69967
5.56249
5.42529
5.28806
5.15081
5.01354
4.87626
4.73897
4.60166
4.46435
4.32702
4.18969
4.05235
3.915
3.77765
3.64029
3.50294
3.36558
3.22821
3.09085
2.95348
2.81611
2.67874
2.54137
2.404
2.26663
2.12926
1.99189
1.85452
1.71715
1.57977
1.4424
1.30503
1.16766
1.03029
0.892914
0.755542
0.61817
0.480797
0.343428
0.206038
0.0687255
16.399
15.7729
15.2119
14.7338
14.3199
13.962
13.6476
13.3675
13.114
12.8813
12.6648
12.4612
12.2681
12.0836
11.9062
11.7348
11.5686
11.4068
11.2488
11.0942
10.9425
10.7934
10.6464
10.5014
10.3581
10.2161
10.0754
9.93567
9.79681
9.65866
9.52109
9.38398
9.24723
9.11077
8.97451
8.83841
8.70239
8.56643
8.43049
8.29454
8.15856
8.02254
7.88645
7.75029
7.61406
7.47775
7.34136
7.2049
7.06835
6.93173
6.79504
6.65829
6.52147
6.38459
6.24765
6.11067
5.97364
5.83657
5.69946
5.56232
5.42514
5.28794
5.15072
5.01347
4.87621
4.73893
4.60163
4.46433
4.32701
4.18968
4.05235
3.91501
3.77766
3.64031
3.50295
3.36559
3.22823
3.09086
2.9535
2.81613
2.67876
2.54139
2.40402
2.26664
2.12927
1.9919
1.85453
1.71715
1.57978
1.44241
1.30504
1.16766
1.03029
0.892919
0.755546
0.618173
0.480799
0.34343
0.206038
0.0687285
16.5195
15.9094
15.3578
14.8775
14.4558
14.0859
13.758
13.464
13.1971
12.9519
12.7242
12.5106
12.3086
12.1164
11.9323
11.7552
11.5841
11.4182
11.2568
11.0993
10.9452
10.7942
10.6457
10.4995
10.3552
10.2125
10.0713
9.93129
9.79225
9.65403
9.51647
9.37945
9.24285
9.10657
8.97053
8.83466
8.69889
8.56318
8.4275
8.2918
8.15606
8.02026
7.8844
7.74845
7.61241
7.47629
7.34006
7.20375
7.06735
6.93085
6.79428
6.65762
6.52089
6.3841
6.24723
6.11031
5.97334
5.83632
5.69925
5.56215
5.42501
5.28783
5.15063
5.01341
4.87616
4.73889
4.60161
4.46431
4.327
4.18968
4.05235
3.91501
3.77767
3.64032
3.50296
3.3656
3.22824
3.09088
2.95351
2.81614
2.67877
2.5414
2.40403
2.26666
2.12928
1.99191
1.85454
1.71716
1.57979
1.44242
1.30504
1.16767
1.0303
0.892923
0.755549
0.618176
0.480801
0.343431
0.206037
0.0687311
16.6269
16.031
15.4877
15.0064
14.5784
14.1987
13.8592
13.553
13.2741
13.0176
12.7795
12.5565
12.3463
12.1468
11.9564
11.7739
11.5982
11.4284
11.2637
11.1035
10.9472
10.7944
10.6445
10.4971
10.352
10.2087
10.0671
9.92674
9.78755
9.64929
9.51178
9.37487
9.23843
9.10235
8.96654
8.83091
8.6954
8.55996
8.42453
8.28908
8.15358
8.01802
7.88238
7.74664
7.6108
7.47485
7.33879
7.20263
7.06636
6.93
6.79353
6.65698
6.52034
6.38362
6.24683
6.10997
5.97305
5.83608
5.69905
5.56198
5.42487
5.28773
5.15055
5.01334
4.87611
4.73886
4.60159
4.4643
4.327
4.18968
4.05236
3.91502
3.77768
3.64033
3.50298
3.36562
3.22826
3.09089
2.95353
2.81616
2.67879
2.54142
2.40404
2.26667
2.1293
1.99192
1.85455
1.71717
1.5798
1.44242
1.30505
1.16768
1.0303
0.892928
0.755553
0.618179
0.480803
0.343433
0.206037
0.0687334
16.7228
16.1392
15.6031
15.1215
14.6888
14.3009
13.9514
13.6344
13.3448
13.0781
12.8304
12.5988
12.3809
12.1747
11.9784
11.7908
11.6107
11.4373
11.2695
11.1068
10.9484
10.7939
10.6427
10.4943
10.3484
10.2046
10.0625
9.922
9.78271
9.64444
9.50701
9.37023
9.23398
9.09812
8.96255
8.82718
8.69193
8.55675
8.42158
8.28639
8.15114
8.01582
7.88039
7.74486
7.60921
7.47344
7.33755
7.20154
7.06541
6.92916
6.79281
6.65635
6.5198
6.38316
6.24644
6.10965
5.97278
5.83585
5.69887
5.56183
5.42475
5.28763
5.15047
5.01329
4.87607
4.73883
4.60157
4.46429
4.32699
4.18968
4.05236
3.91503
3.77769
3.64035
3.50299
3.36564
3.22827
3.09091
2.95354
2.81617
2.6788
2.54143
2.40406
2.26668
2.12931
1.99193
1.85456
1.71718
1.57981
1.44243
1.30506
1.16768
1.03031
0.892932
0.755557
0.618182
0.480805
0.343434
0.206037
0.0687354
16.8084
16.2355
15.7055
15.2241
14.7876
14.3928
14.0347
13.7083
13.4091
13.1331
12.8768
12.6373
12.4123
12.1997
11.998
11.8057
11.6216
11.4447
11.2741
11.109
10.9488
10.7927
10.6402
10.491
10.3444
10.2001
10.0577
9.91704
9.7777
9.63947
9.50215
9.36554
9.22949
9.09387
8.95856
8.82345
8.68848
8.55357
8.41867
8.28374
8.14874
8.01365
7.87845
7.74312
7.60767
7.47207
7.33634
7.20048
7.06448
6.92836
6.79211
6.65575
6.51929
6.38273
6.24607
6.10933
5.97252
5.83564
5.69869
5.56169
5.42464
5.28754
5.15041
5.01323
4.87603
4.7388
4.60155
4.46428
4.32699
4.18969
4.05237
3.91504
3.77771
3.64036
3.50301
3.36565
3.22829
3.09093
2.95356
2.81619
2.67882
2.54144
2.40407
2.26669
2.12932
1.99194
1.85457
1.71719
1.57982
1.44244
1.30506
1.16769
1.03031
0.892936
0.75556
0.618185
0.480807
0.343436
0.206037
0.068737
16.8845
16.3206
15.796
15.315
14.8754
14.4749
14.1093
13.7747
13.467
13.1827
12.9185
12.6718
12.4402
12.2219
12.0151
11.8184
11.6306
11.4506
11.2774
11.1101
10.9481
10.7907
10.6372
10.4871
10.3399
10.1952
10.0527
9.91185
9.77251
9.63436
9.49719
9.36078
9.22497
9.0896
8.95456
8.81974
8.68505
8.55042
8.4158
8.28113
8.14638
8.01153
7.87655
7.74143
7.60616
7.47074
7.33517
7.19945
7.06359
6.92758
6.79144
6.65518
6.5188
6.38231
6.24572
6.10904
5.97228
5.83544
5.69853
5.56156
5.42453
5.28746
5.15034
5.01319
4.876
4.73878
4.60154
4.46428
4.32699
4.18969
4.05238
3.91506
3.77772
3.64038
3.50303
3.36567
3.22831
3.09094
2.95357
2.8162
2.67883
2.54146
2.40408
2.26671
2.12933
1.99195
1.85458
1.7172
1.57982
1.44245
1.30507
1.16769
1.03032
0.892941
0.755564
0.618188
0.480809
0.343437
0.206037
0.0687383
16.9517
16.3956
15.8755
15.395
14.9529
14.5475
14.1755
13.8337
13.5184
13.2266
12.9553
12.7021
12.4646
12.241
12.0296
11.8289
11.6377
11.4548
11.2792
11.11
10.9465
10.7878
10.6334
10.4826
10.3349
10.19
10.0472
9.9064
9.76712
9.62911
9.49212
9.35595
9.2204
9.08532
8.95057
8.81604
8.68165
8.54731
8.41296
8.27856
8.14407
8.00945
7.87469
7.73978
7.6047
7.46946
7.33404
7.19847
7.06273
6.92684
6.79081
6.65464
6.51834
6.38192
6.24539
6.10877
5.97205
5.83525
5.69838
5.56144
5.42444
5.28739
5.15029
5.01315
4.87598
4.73877
4.60153
4.46428
4.327
4.1897
4.05239
3.91507
3.77774
3.64039
3.50304
3.36569
3.22833
3.09096
2.95359
2.81622
2.67885
2.54147
2.4041
2.26672
2.12934
1.99197
1.85459
1.71721
1.57983
1.44246
1.30508
1.1677
1.03032
0.892945
0.755568
0.618191
0.480812
0.343439
0.206038
0.0687393
17.0107
16.461
15.9446
15.4647
15.0205
14.611
14.2335
13.8853
13.5633
13.2649
12.9872
12.7281
12.4852
12.2568
12.0412
11.8369
11.6426
11.4572
11.2795
11.1086
10.9437
10.784
10.6288
10.4775
10.3295
10.1843
10.0415
9.90069
9.76152
9.6237
9.48695
9.35104
9.21578
9.08101
8.94657
8.81236
8.67827
8.54423
8.41017
8.27604
8.1418
8.00743
7.87289
7.73818
7.60329
7.46822
7.33296
7.19753
7.06192
6.92614
6.79021
6.65412
6.5179
6.38155
6.24509
6.10851
5.97184
5.83508
5.69824
5.56133
5.42436
5.28733
5.15024
5.01312
4.87596
4.73876
4.60153
4.46428
4.32701
4.18972
4.05241
3.91509
3.77775
3.64041
3.50306
3.36571
3.22834
3.09098
2.95361
2.81624
2.67886
2.54149
2.40411
2.26673
2.12936
1.99198
1.8546
1.71722
1.57984
1.44246
1.30508
1.16771
1.03033
0.89295
0.755572
0.618194
0.480814
0.343441
0.206039
0.0687401
17.0617
16.5175
16.0042
15.5247
15.0788
14.6657
14.2834
13.9296
13.6018
13.2974
13.0141
12.7497
12.502
12.2693
12.05
11.8425
11.6454
11.4577
11.2782
11.1058
10.9398
10.7792
10.6234
10.4717
10.3234
10.1781
10.0354
9.89468
9.75571
9.61812
9.48165
9.34605
9.21112
9.07668
8.94258
8.8087
8.67493
8.5412
8.40743
8.27357
8.13959
8.00546
7.87114
7.73664
7.60194
7.46703
7.33193
7.19663
7.06114
6.92548
6.78964
6.65364
6.5175
6.38122
6.24481
6.10828
5.97165
5.83493
5.69812
5.56124
5.42429
5.28728
5.15021
5.0131
4.87594
4.73876
4.60154
4.46429
4.32702
4.18973
4.05243
3.91511
3.77777
3.64043
3.50308
3.36573
3.22836
3.091
2.95363
2.81625
2.67888
2.5415
2.40412
2.26675
2.12937
1.99199
1.85461
1.71723
1.57985
1.44247
1.30509
1.16771
1.03033
0.892954
0.755575
0.618197
0.480816
0.343443
0.20604
0.0687405
17.1052
16.5654
16.0547
15.5755
15.128
14.7118
14.3254
13.9667
13.6338
13.3242
13.0359
12.7667
12.5148
12.2784
12.0557
11.8454
11.646
11.4563
11.2752
11.1016
10.9346
10.7734
10.6171
10.4651
10.3168
10.1715
10.0289
9.88837
9.74965
9.61237
9.47623
9.34098
9.20641
9.07233
8.93859
8.80505
8.67162
8.5382
8.40474
8.27116
8.13745
8.00355
7.86946
7.73516
7.60064
7.4659
7.33095
7.19579
7.06042
6.92486
6.78912
6.6532
6.51713
6.38091
6.24455
6.10808
5.97149
5.8348
5.69802
5.56116
5.42423
5.28724
5.15018
5.01308
4.87594
4.73876
4.60154
4.4643
4.32704
4.18975
4.05245
3.91513
3.7778
3.64045
3.5031
3.36575
3.22838
3.09102
2.95364
2.81627
2.67889
2.54152
2.40414
2.26676
2.12938
1.992
1.85462
1.71724
1.57986
1.44248
1.3051
1.16772
1.03034
0.892959
0.755579
0.6182
0.480819
0.343444
0.206042
0.0687406
17.1414
16.6052
16.0965
15.6175
15.1686
14.7498
14.3597
13.9968
13.6593
13.3452
13.0525
12.7792
12.5236
12.2838
12.0583
11.8455
11.6441
11.4528
11.2704
11.0959
10.9282
10.7665
10.6099
10.4578
10.3095
10.1644
10.022
9.88175
9.74336
9.60644
9.47068
9.33583
9.20165
9.06796
8.9346
8.80143
8.66835
8.53526
8.4021
8.26882
8.13536
8.00171
7.86784
7.73374
7.59941
7.46484
7.33003
7.195
7.05974
6.92429
6.78863
6.6528
6.51679
6.38063
6.24433
6.1079
5.97135
5.83469
5.69794
5.5611
5.42419
5.28721
5.15017
5.01308
4.87594
4.73877
4.60156
4.46432
4.32706
4.18977
4.05247
3.91515
3.77782
3.64048
3.50313
3.36577
3.2284
3.09104
2.95366
2.81629
2.67891
2.54153
2.40415
2.26677
2.12939
1.99201
1.85463
1.71725
1.57987
1.44248
1.3051
1.16772
1.03034
0.892963
0.755583
0.618203
0.480822
0.343446
0.206044
0.0687405
17.1706
16.6372
16.13
15.651
15.2009
14.7797
14.3864
14.0198
13.6784
13.3604
13.0638
12.787
12.5282
12.2856
12.0577
11.8429
11.6398
11.4472
11.2638
11.0886
10.9204
10.7584
10.6018
10.4498
10.3016
10.1567
10.0146
9.87479
9.73681
9.60032
9.465
9.33059
9.19685
9.06358
8.93062
8.79784
8.66512
8.53237
8.39953
8.26653
8.13335
7.99994
7.8663
7.7324
7.59824
7.46383
7.32917
7.19426
7.05912
6.92376
6.7882
6.65244
6.5165
6.38039
6.24414
6.10775
5.97123
5.8346
5.69787
5.56106
5.42416
5.28719
5.15017
5.01308
4.87596
4.73879
4.60158
4.46434
4.32708
4.1898
4.0525
3.91518
3.77784
3.6405
3.50315
3.36579
3.22843
3.09106
2.95368
2.81631
2.67893
2.54155
2.40417
2.26678
2.1294
1.99202
1.85464
1.71726
1.57987
1.44249
1.30511
1.16773
1.03035
0.892968
0.755587
0.618207
0.480824
0.343448
0.206046
0.0687402
17.193
16.6617
16.1555
15.6764
15.2251
14.8018
14.4057
14.036
13.6912
13.3697
13.0699
12.7901
12.5286
12.2836
12.0537
11.8373
11.633
11.4394
11.2553
11.0796
10.9112
10.7492
10.5927
10.4409
10.293
10.1485
10.0069
9.86749
9.73
9.59401
9.45919
9.32526
9.19199
9.05918
8.92665
8.79427
8.66193
8.52954
8.39702
8.26432
8.13141
7.99825
7.86482
7.73112
7.59715
7.46289
7.32837
7.19359
7.05856
6.92329
6.78781
6.65212
6.51624
6.38019
6.24398
6.10762
5.97114
5.83454
5.69783
5.56103
5.42415
5.28719
5.15018
5.0131
4.87598
4.73881
4.60161
4.46437
4.32711
4.18983
4.05252
3.91521
3.77787
3.64053
3.50317
3.36581
3.22845
3.09108
2.9537
2.81632
2.67894
2.54156
2.40418
2.2668
2.12941
1.99203
1.85465
1.71726
1.57988
1.4425
1.30512
1.16774
1.03035
0.892972
0.755591
0.61821
0.480827
0.34345
0.206048
0.0687397
17.2087
16.679
16.1734
15.694
15.2415
14.8162
14.4178
14.0453
13.6976
13.3732
13.0707
12.7884
12.5246
12.2778
12.0464
11.8287
11.6235
11.4293
11.2449
11.069
10.9006
10.7388
10.5825
10.4311
10.2837
10.1398
9.99864
9.85984
9.72292
9.5875
9.45324
9.31985
9.18709
9.05477
8.92269
8.79074
8.6588
8.52677
8.39458
8.26219
8.12955
7.99664
7.86343
7.72993
7.59613
7.46203
7.32764
7.19298
7.05805
6.92288
6.78747
6.65185
6.51603
6.38002
6.24385
6.10753
5.97107
5.8345
5.69781
5.56102
5.42415
5.28721
5.1502
5.01313
4.87601
4.73884
4.60164
4.46441
4.32715
4.18986
4.05256
3.91524
3.7779
3.64056
3.5032
3.36584
3.22847
3.0911
2.95372
2.81634
2.67896
2.54158
2.40419
2.26681
2.12942
1.99204
1.85466
1.71727
1.57989
1.44251
1.30512
1.16774
1.03036
0.892977
0.755595
0.618213
0.48083
0.343453
0.20605
0.0687389
17.218
16.6891
16.1838
15.7039
15.2503
14.8233
14.4226
14.0478
13.6976
13.3709
13.0661
12.7818
12.5164
12.2681
12.0356
11.8171
11.6114
11.4169
11.2324
11.0566
10.8885
10.7271
10.5714
10.4205
10.2737
10.1304
9.98996
9.85183
9.71557
9.58079
9.44715
9.31435
9.18215
9.05034
8.91876
8.78726
8.65572
8.52407
8.39222
8.26014
8.12777
7.99511
7.86213
7.72882
7.59519
7.46124
7.32699
7.19244
7.05761
6.92252
6.78719
6.65163
6.51586
6.3799
6.24376
6.10747
5.97104
5.83448
5.69781
5.56104
5.42418
5.28724
5.15023
5.01317
4.87605
4.73888
4.60168
4.46445
4.32719
4.1899
4.05259
3.91527
3.77793
3.64059
3.50323
3.36586
3.22849
3.09112
2.95374
2.81636
2.67898
2.54159
2.40421
2.26682
2.12944
1.99205
1.85467
1.71728
1.5799
1.44251
1.30513
1.16775
1.03036
0.892981
0.755599
0.618217
0.480833
0.343455
0.206053
0.0687381
17.221
16.6925
16.187
15.7064
15.2515
14.8229
14.4204
14.0435
13.6913
13.3627
13.0562
12.7703
12.5036
12.2545
12.0212
11.8024
11.5965
11.4021
11.2178
11.0425
10.8749
10.7141
10.5591
10.409
10.263
10.1205
9.98082
9.84346
9.70795
9.57389
9.44093
9.30877
9.17717
9.04592
8.91485
8.78382
8.65271
8.52144
8.38995
8.25818
8.12609
7.99367
7.86091
7.7278
7.59434
7.46054
7.32641
7.19197
7.05724
6.92223
6.78696
6.65145
6.51573
6.37981
6.24371
6.10745
5.97103
5.83449
5.69783
5.56107
5.42422
5.28728
5.15028
5.01321
4.8761
4.73893
4.60173
4.46449
4.32723
4.18994
4.05263
3.91531
3.77797
3.64062
3.50326
3.36589
3.22852
3.09114
2.95376
2.81638
2.67899
2.54161
2.40422
2.26683
2.12945
1.99206
1.85467
1.71729
1.5799
1.44252
1.30514
1.16775
1.03037
0.892985
0.755603
0.61822
0.480836
0.343457
0.206055
0.0687371
17.2178
16.6891
16.1831
15.7016
15.2455
14.8154
14.4112
14.0326
13.6788
13.3486
13.0408
12.7539
12.4864
12.2368
12.0033
11.7845
11.5788
11.3848
11.2011
11.0265
10.8598
10.6998
10.5457
10.3966
10.2515
10.11
9.9712
9.83472
9.70006
9.56679
9.43458
9.30312
9.17216
9.0415
8.91097
8.78043
8.64977
8.5189
8.38776
8.25631
8.12451
7.99234
7.85979
7.72687
7.59357
7.45991
7.32591
7.19158
7.05693
6.92199
6.78679
6.65134
6.51566
6.37977
6.2437
6.10745
5.97106
5.83453
5.69788
5.56113
5.42428
5.28734
5.15034
5.01328
4.87616
4.73899
4.60179
4.46455
4.32728
4.18999
4.05268
3.91535
3.77801
3.64065
3.50329
3.36592
3.22854
3.09117
2.95378
2.8164
2.67901
2.54162
2.40423
2.26685
2.12946
1.99207
1.85468
1.7173
1.57991
1.44253
1.30514
1.16776
1.03037
0.89299
0.755606
0.618223
0.480839
0.343459
0.206058
0.0687359
17.2085
16.6792
16.1724
15.6897
15.2323
14.8007
14.3951
14.015
13.6599
13.3286
13.02
12.7325
12.4647
12.215
11.9817
11.7633
11.5582
11.365
11.1823
11.0087
10.843
10.6842
10.5312
10.3832
10.2393
10.0988
9.9611
9.82562
9.6919
9.55951
9.4281
9.29739
9.16713
9.0371
8.90713
8.77711
8.6469
8.51645
8.38568
8.25455
8.12303
7.99111
7.85878
7.72604
7.5929
7.45938
7.3255
7.19126
7.0567
6.92183
6.78668
6.65128
6.51563
6.37978
6.24373
6.1075
5.97112
5.8346
5.69795
5.5612
5.42435
5.28742
5.15042
5.01335
4.87623
4.73906
4.60185
4.46461
4.32734
4.19004
4.05272
3.91539
3.77805
3.64069
3.50332
3.36595
3.22857
3.09119
2.9538
2.81642
2.67903
2.54164
2.40425
2.26686
2.12947
1.99208
1.85469
1.71731
1.57992
1.44253
1.30515
1.16776
1.03038
0.892994
0.75561
0.618227
0.480842
0.343462
0.206061
0.0687347
17.1933
16.6629
16.1548
15.6708
15.212
14.779
14.372
13.9908
13.6347
13.3027
12.9936
12.706
12.4383
12.189
11.9564
11.7388
11.5348
11.3427
11.1612
10.989
10.8247
10.6672
10.5156
10.3689
10.2263
10.0871
9.95054
9.81616
9.68347
9.55203
9.42151
9.29161
9.16208
9.03271
8.90335
8.77385
8.64413
8.5141
8.3837
8.25289
8.12166
7.98999
7.85787
7.72532
7.59234
7.45895
7.32517
7.19103
7.05654
6.92174
6.78664
6.65127
6.51566
6.37983
6.2438
6.10758
5.97121
5.8347
5.69805
5.5613
5.42445
5.28752
5.15051
5.01344
4.87631
4.73914
4.60192
4.46467
4.3274
4.19009
4.05277
3.91544
3.77809
3.64073
3.50336
3.36598
3.2286
3.09121
2.95383
2.81644
2.67904
2.54165
2.40426
2.26687
2.12948
1.99209
1.8547
1.71731
1.57993
1.44254
1.30515
1.16777
1.03038
0.892998
0.755614
0.61823
0.480845
0.343464
0.206064
0.0687335
17.1723
16.6402
16.1305
15.6449
15.1846
14.7502
14.3421
13.96
13.6032
13.2709
12.9617
12.6744
12.4073
12.1588
11.9273
11.711
11.5084
11.3179
11.138
10.9674
10.8047
10.6489
10.4989
10.3537
10.2126
10.0747
9.93951
9.80635
9.67479
9.54439
9.41482
9.28578
9.15702
9.02836
8.89962
8.77068
8.64145
8.51185
8.38183
8.25136
8.12041
7.98898
7.85708
7.7247
7.59187
7.45861
7.32494
7.19088
7.05646
6.92172
6.78666
6.65133
6.51574
6.37993
6.24391
6.10771
5.97134
5.83482
5.69818
5.56142
5.42457
5.28763
5.15062
5.01354
4.8764
4.73922
4.602
4.46475
4.32746
4.19015
4.05283
3.91549
3.77813
3.64077
3.50339
3.36601
3.22863
3.09124
2.95385
2.81646
2.67906
2.54167
2.40428
2.26688
2.12949
1.9921
1.85471
1.71732
1.57993
1.44254
1.30516
1.16777
1.03039
0.893003
0.755618
0.618234
0.480849
0.343467
0.206068
0.0687322
17.1455
16.6114
16.0997
15.6122
15.1502
14.7145
14.3053
13.9224
13.5653
13.233
12.9243
12.6377
12.3716
12.1244
11.8944
11.6798
11.479
11.2904
11.1125
10.9438
10.7831
10.6292
10.481
10.3376
10.1981
10.0618
9.92803
9.7962
9.66586
9.53659
9.40803
9.27991
9.15198
9.02405
8.89597
8.76761
8.63888
8.50973
8.38009
8.24995
8.11929
7.98811
7.85641
7.72421
7.59152
7.45838
7.3248
7.19083
7.05647
6.92177
6.78676
6.65145
6.51588
6.38008
6.24407
6.10787
5.9715
5.83498
5.69833
5.56157
5.42471
5.28776
5.15074
5.01365
4.87651
4.73932
4.60209
4.46482
4.32753
4.19022
4.05289
3.91554
3.77818
3.64081
3.50343
3.36604
3.22866
3.09126
2.95387
2.81647
2.67908
2.54168
2.40429
2.26689
2.1295
1.99211
1.85472
1.71733
1.57994
1.44255
1.30516
1.16778
1.03039
0.893007
0.755622
0.618238
0.480852
0.34347
0.206072
0.0687309
17.1131
16.5763
16.0622
15.5727
15.1089
14.6718
14.2616
13.8782
13.521
13.1891
12.8811
12.5957
12.3311
12.0857
11.8577
11.6452
11.4467
11.2604
11.0847
10.9184
10.7599
10.6081
10.462
10.3206
10.1829
10.0483
9.9161
9.78573
9.65671
9.52864
9.40117
9.27403
9.14696
9.01981
8.8924
8.76464
8.63644
8.50773
8.37849
8.24868
8.11831
7.98737
7.85587
7.72383
7.59129
7.45826
7.32477
7.19086
7.05656
6.92191
6.78692
6.65164
6.51608
6.38029
6.24428
6.10807
5.9717
5.83517
5.69851
5.56174
5.42487
5.28791
5.15087
5.01378
4.87662
4.73942
4.60218
4.46491
4.32761
4.19029
4.05295
3.91559
3.77823
3.64085
3.50347
3.36608
3.22868
3.09129
2.95389
2.81649
2.6791
2.5417
2.4043
2.26691
2.12951
1.99212
1.85473
1.71733
1.57994
1.44256
1.30517
1.16778
1.0304
0.893011
0.755626
0.618241
0.480856
0.343473
0.206075
0.0687297
17.075
16.5352
16.0183
15.5263
15.0606
14.622
14.2109
13.8272
13.4702
13.139
12.8322
12.5484
12.2858
12.0426
11.817
11.6072
11.4113
11.2277
11.0547
10.891
10.735
10.5857
10.4419
10.3026
10.167
10.0342
9.90376
9.77495
9.64736
9.52058
9.39426
9.26814
9.14199
9.01564
8.88894
8.7618
8.63413
8.50588
8.37704
8.24756
8.11747
7.98677
7.85546
7.72359
7.59118
7.45825
7.32485
7.191
7.05675
6.92212
6.78716
6.65189
6.51634
6.38054
6.24453
6.10832
5.97193
5.83539
5.69872
5.56194
5.42505
5.28808
5.15103
5.01391
4.87675
4.73954
4.60228
4.465
4.32769
4.19036
4.05301
3.91565
3.77828
3.64089
3.5035
3.36611
3.22871
3.09132
2.95391
2.81651
2.67911
2.54171
2.40431
2.26692
2.12952
1.99213
1.85473
1.71734
1.57995
1.44256
1.30517
1.16779
1.0304
0.893015
0.75563
0.618245
0.480859
0.343476
0.20608
0.0687287
17.0315
16.488
15.9679
15.4732
15.0054
14.5653
14.1534
13.7695
13.413
13.0828
12.7777
12.4959
12.2357
11.9952
11.7725
11.5657
11.3729
11.1924
11.0225
10.8617
10.7086
10.562
10.4207
10.2838
10.1504
10.0197
9.89103
9.76392
9.63784
9.51242
9.38732
9.26228
9.13709
9.01157
8.8856
8.75909
8.63197
8.50419
8.37574
8.2466
8.11679
7.98632
7.8552
7.72348
7.59119
7.45836
7.32503
7.19124
7.05702
6.92242
6.78747
6.65221
6.51666
6.38086
6.24483
6.1086
5.9722
5.83565
5.69896
5.56216
5.42525
5.28826
5.15119
5.01407
4.87688
4.73966
4.60239
4.4651
4.32778
4.19044
4.05308
3.91571
3.77833
3.64094
3.50355
3.36615
3.22874
3.09134
2.95394
2.81653
2.67913
2.54173
2.40433
2.26693
2.12953
1.99213
1.85474
1.71735
1.57996
1.44257
1.30518
1.16779
1.0304
0.893019
0.755634
0.618249
0.480863
0.343479
0.206084
0.0687278
16.9826
16.4349
15.9111
15.4133
14.9431
14.5015
14.0888
13.705
13.3492
13.0205
12.7174
12.4381
12.1808
11.9435
11.7242
11.5208
11.3315
11.1545
10.988
10.8305
10.6806
10.537
10.3985
10.2642
10.1331
10.0046
9.87797
9.75265
9.62819
9.50421
9.38039
9.25648
9.13228
9.00763
8.88242
8.75655
8.62998
8.50268
8.37462
8.24582
8.11628
7.98603
7.8551
7.72352
7.59134
7.4586
7.32533
7.19158
7.05739
6.92281
6.78786
6.6526
6.51704
6.38122
6.24518
6.10893
5.97251
5.83594
5.69923
5.5624
5.42547
5.28846
5.15138
5.01423
4.87703
4.73979
4.60251
4.4652
4.32787
4.19052
4.05315
3.91577
3.77838
3.64099
3.50359
3.36618
3.22878
3.09137
2.95396
2.81655
2.67915
2.54174
2.40434
2.26694
2.12954
1.99214
1.85475
1.71735
1.57996
1.44257
1.30518
1.16779
1.03041
0.893023
0.755637
0.618253
0.480867
0.343483
0.206089
0.0687272
16.9273
16.3746
15.8466
15.3453
14.8725
14.4292
14.0158
13.6321
13.2775
12.9506
12.65
12.3737
12.1199
11.8863
11.671
11.4717
11.2865
11.1134
10.9508
10.7971
10.6507
10.5103
10.375
10.2435
10.115
9.98891
9.86442
9.74104
9.61831
9.49587
9.37341
9.2507
9.12754
9.0038
8.87937
8.75417
8.62817
8.50134
8.37369
8.24522
8.11595
7.98592
7.85516
7.72372
7.59164
7.45897
7.32576
7.19204
7.05787
6.9233
6.78835
6.65307
6.51749
6.38165
6.24559
6.10931
5.97287
5.83626
5.69953
5.56267
5.42572
5.28869
5.15158
5.01441
4.87719
4.73993
4.60264
4.46532
4.32797
4.19061
4.05323
3.91584
3.77844
3.64104
3.50363
3.36622
3.22881
3.09139
2.95398
2.81657
2.67916
2.54176
2.40435
2.26695
2.12955
1.99215
1.85475
1.71736
1.57997
1.44258
1.30519
1.1678
1.03041
0.893026
0.755641
0.618257
0.480871
0.343487
0.206094
0.0687273
16.8632
16.3047
15.7716
15.2663
14.7904
14.3453
13.9312
13.5479
13.1947
12.8702
12.5727
12.3002
12.0506
11.8216
11.6109
11.4164
11.236
11.0676
10.9095
10.7601
10.6177
10.4812
10.3493
10.221
10.0955
9.97207
9.84998
9.72875
9.60794
9.48719
9.36622
9.24481
9.12278
9.00001
8.87641
8.75192
8.62652
8.5002
8.37295
8.24482
8.11583
7.98601
7.85542
7.72411
7.59213
7.45952
7.32635
7.19265
7.05849
6.92391
6.78894
6.65364
6.51804
6.38217
6.24607
6.10976
5.97328
5.83664
5.69987
5.56299
5.426
5.28894
5.15181
5.01461
4.87737
4.74009
4.60278
4.46544
4.32808
4.1907
4.05331
3.91591
3.7785
3.64109
3.50367
3.36626
3.22884
3.09142
2.95401
2.81659
2.67918
2.54177
2.40436
2.26696
2.12956
1.99216
1.85476
1.71736
1.57997
1.44258
1.30519
1.1678
1.03042
0.89303
0.755645
0.618261
0.480876
0.343492
0.206101
0.0687289
16.8013
16.2371
15.699
15.1897
14.7109
14.264
13.8494
13.4666
13.115
12.7929
12.4986
12.2298
11.9844
11.7599
11.5538
11.364
11.1882
11.0244
10.8707
10.7253
10.5869
10.454
10.3254
10.2002
10.0775
9.95658
9.83676
9.71755
9.59853
9.47936
9.35978
9.23957
9.11859
8.99671
8.87388
8.75004
8.62518
8.49931
8.37244
8.24461
8.11585
7.98623
7.85578
7.72458
7.59267
7.46012
7.32697
7.19329
7.05912
6.92453
6.78954
6.65421
6.51858
6.38268
6.24654
6.1102
5.97368
5.83701
5.7002
5.56329
5.42627
5.28918
5.15202
5.01481
4.87754
4.74024
4.60291
4.46555
4.32818
4.19079
4.05338
3.91597
3.77856
3.64114
3.50371
3.36629
3.22887
3.09145
2.95403
2.81661
2.67919
2.54178
2.40437
2.26697
2.12956
1.99216
1.85476
1.71737
1.57997
1.44258
1.30519
1.16781
1.03042
0.893033
0.755649
0.618264
0.48088
0.343497
0.206107
0.0687331
10.6389
10.6486
10.7189
10.8431
11.0004
11.1722
11.3419
11.4974
11.6301
11.7351
11.8099
11.8544
11.8697
11.8578
11.8212
11.7629
11.6855
11.5919
11.4845
11.3658
11.2376
11.102
10.9604
10.8141
10.6644
10.5123
10.3584
10.2035
10.0481
9.89264
9.73745
9.58279
9.42885
9.27576
9.12363
8.9725
8.82241
8.67334
8.52529
8.37822
8.23209
8.08685
7.94245
7.79881
7.6559
7.51364
7.37198
7.23087
7.09024
6.95006
6.81026
6.67082
6.53168
6.39281
6.25419
6.11576
5.97752
5.83943
5.70148
5.56364
5.4259
5.28824
5.15065
5.01312
4.87564
4.73819
4.60078
4.46339
4.32602
4.18867
4.05133
3.914
3.77668
3.63936
3.50205
3.36473
3.22741
3.0901
2.95278
2.81546
2.67814
2.54081
2.40348
2.26615
2.12881
1.99148
1.85414
1.71679
1.57945
1.4421
1.30475
1.1674
1.03005
0.892697
0.755345
0.617993
0.480644
0.343291
0.20596
0.0685796
10.6485
10.6575
10.7225
10.8368
10.9819
11.1415
11.3004
11.4472
11.5737
11.6748
11.748
11.7926
11.8094
11.8
11.7668
11.7123
11.639
11.5496
11.4464
11.3317
11.2074
11.0753
10.937
10.7938
10.6469
10.4972
10.3456
10.1927
10.0391
9.88514
9.7313
9.5778
9.42487
9.27264
9.12124
8.97073
8.82114
8.6725
8.5248
8.37801
8.23211
8.08704
7.94277
7.79923
7.65639
7.51418
7.37254
7.23144
7.09081
6.95061
6.8108
6.67133
6.53216
6.39327
6.25461
6.11615
5.97788
5.83976
5.70178
5.56391
5.42614
5.28846
5.15084
5.01329
4.87579
4.73832
4.60089
4.46349
4.32611
4.18875
4.0514
3.91406
3.77673
3.6394
3.50208
3.36476
3.22744
3.09012
2.9528
2.81547
2.67815
2.54082
2.40349
2.26616
2.12882
1.99148
1.85414
1.7168
1.57945
1.4421
1.30476
1.16741
1.03005
0.892703
0.755352
0.618
0.480652
0.3433
0.205971
0.0685888
10.6506
10.6594
10.7198
10.8253
10.9593
11.1074
11.256
11.3944
11.5147
11.612
11.6835
11.7281
11.7463
11.7396
11.7097
11.659
11.5899
11.5048
11.4059
11.2953
11.175
11.0466
10.9118
10.7719
10.6279
10.4809
10.3316
10.1808
10.0291
9.87683
9.72443
9.5722
9.42036
9.26907
9.11846
8.96862
8.81961
8.67144
8.52412
8.37765
8.232
8.08713
7.94301
7.7996
7.65683
7.51468
7.37308
7.232
7.09137
6.95117
6.81134
6.67185
6.53266
6.39373
6.25504
6.11656
5.97825
5.8401
5.70209
5.56419
5.4264
5.28869
5.15105
5.01347
4.87595
4.73847
4.60102
4.4636
4.32621
4.18883
4.05147
3.91413
3.77679
3.63945
3.50212
3.3648
3.22747
3.09014
2.95282
2.81549
2.67816
2.54083
2.4035
2.26617
2.12883
1.99149
1.85415
1.7168
1.57946
1.44211
1.30476
1.16741
1.03006
0.89271
0.755359
0.618009
0.480661
0.34331
0.205985
0.068593
10.6408
10.6503
10.708
10.808
10.9344
11.0744
11.2153
11.3474
11.463
11.5572
11.6272
11.6718
11.6912
11.6864
11.6593
11.6119
11.5462
11.4647
11.3694
11.2624
11.1456
11.0205
10.8888
10.7517
10.6103
10.4656
10.3185
10.1697
10.0196
9.86887
9.71781
9.56674
9.4159
9.26548
9.11563
8.96643
8.81795
8.67023
8.52329
8.37712
8.23172
8.08706
7.9431
7.7998
7.65713
7.51504
7.37349
7.23243
7.09183
6.95162
6.81179
6.67229
6.53308
6.39413
6.25542
6.11691
5.97857
5.8404
5.70236
5.56444
5.42662
5.28889
5.15123
5.01364
4.87609
4.7386
4.60114
4.4637
4.3263
4.18891
4.05154
3.91419
3.77684
3.6395
3.50216
3.36483
3.2275
3.09017
2.95284
2.81551
2.67818
2.54085
2.40351
2.26618
2.12884
1.9915
1.85415
1.71681
1.57946
1.44212
1.30477
1.16742
1.03007
0.892717
0.755366
0.618016
0.48067
0.343318
0.205996
0.068594
10.6192
10.6311
10.6882
10.7853
10.9069
11.0414
11.177
11.3043
11.4163
11.508
11.5768
11.6213
11.6416
11.6386
11.6137
11.569
11.5064
11.428
11.3359
11.2321
11.1183
10.9961
10.8671
10.7326
10.5936
10.4511
10.3059
10.1589
10.0104
9.86107
9.71126
9.56129
9.41141
9.26183
9.11269
8.9641
8.81615
8.66887
8.5223
8.37645
8.2313
8.08684
7.94304
7.79987
7.6573
7.51529
7.37379
7.23277
7.09219
6.952
6.81216
6.67266
6.53344
6.39447
6.25574
6.11721
5.97886
5.84067
5.70261
5.56467
5.42683
5.28908
5.1514
5.01379
4.87623
4.73872
4.60124
4.4638
4.32638
4.18899
4.05161
3.91424
3.77689
3.63954
3.5022
3.36486
3.22753
3.09019
2.95286
2.81553
2.67819
2.54086
2.40352
2.26619
2.12885
1.9915
1.85416
1.71682
1.57947
1.44212
1.30477
1.16742
1.03007
0.892723
0.755373
0.618023
0.480677
0.343325
0.206005
0.068594
10.5862
10.6025
10.6611
10.7576
10.8769
11.0081
11.14
11.264
11.3732
11.4631
11.531
11.5754
11.5965
11.5948
11.5719
11.5295
11.4695
11.3938
11.3046
11.2035
11.0925
10.973
10.8465
10.7143
10.5775
10.437
10.2937
10.1483
10.0013
9.85334
9.70472
9.5558
9.40685
9.25807
9.10963
8.96165
8.81421
8.66737
8.52117
8.37562
8.23073
8.08648
7.94286
7.79983
7.65737
7.51544
7.374
7.23303
7.09247
6.9523
6.81248
6.67297
6.53374
6.39477
6.25603
6.11749
5.97912
5.84091
5.70283
5.56487
5.42702
5.28925
5.15156
5.01393
4.87636
4.73883
4.60134
4.46389
4.32646
4.18906
4.05167
3.9143
3.77693
3.63958
3.50223
3.36489
3.22755
3.09022
2.95288
2.81555
2.67821
2.54087
2.40354
2.2662
2.12886
1.99151
1.85417
1.71682
1.57948
1.44213
1.30478
1.16743
1.03008
0.89273
0.75538
0.61803
0.480684
0.343331
0.206014
0.0685935
10.5422
10.5648
10.627
10.7253
10.8445
10.9744
11.1044
11.2263
11.3337
11.4224
11.4895
11.5339
11.5555
11.5551
11.5338
11.4933
11.4355
11.3622
11.2754
11.1769
11.0683
10.9512
10.827
10.6969
10.5621
10.4235
10.2819
10.138
9.99245
9.84572
9.69822
9.55031
9.40224
9.25424
9.10647
8.95908
8.81214
8.66574
8.51991
8.37467
8.23004
8.08601
7.94256
7.79967
7.65733
7.51549
7.37412
7.2332
7.09268
6.95253
6.81273
6.67323
6.534
6.39503
6.25628
6.11773
5.97935
5.84112
5.70303
5.56506
5.42719
5.2894
5.1517
5.01406
4.87647
4.73894
4.60144
4.46398
4.32654
4.18912
4.05173
3.91435
3.77698
3.63962
3.50227
3.36492
3.22758
3.09024
2.9529
2.81556
2.67823
2.54089
2.40355
2.26621
2.12887
1.99152
1.85418
1.71683
1.57948
1.44214
1.30479
1.16744
1.03009
0.892736
0.755386
0.618036
0.480691
0.343337
0.206021
0.0685929
10.4875
10.5185
10.5864
10.6887
10.81
10.9405
11.0702
11.1913
11.2978
11.3856
11.4523
11.4967
11.5188
11.5192
11.4992
11.4604
11.4044
11.3332
11.2485
11.1521
11.0457
10.9307
10.8085
10.6804
10.5474
10.4105
10.2704
10.128
9.98376
9.83822
9.69179
9.54482
9.3976
9.25034
9.10323
8.95641
8.80997
8.66399
8.51852
8.3736
8.22923
8.08541
7.94214
7.79941
7.65718
7.51544
7.37415
7.23329
7.09281
6.9527
6.81291
6.67343
6.53421
6.39524
6.25649
6.11793
5.97954
5.84131
5.70321
5.56522
5.42734
5.28955
5.15183
5.01418
4.87658
4.73904
4.60153
4.46406
4.32661
4.18919
4.05179
3.9144
3.77703
3.63966
3.50231
3.36495
3.22761
3.09026
2.95292
2.81558
2.67824
2.5409
2.40356
2.26622
2.12887
1.99153
1.85419
1.71684
1.57949
1.44214
1.30479
1.16744
1.03009
0.892742
0.755393
0.618043
0.480698
0.343342
0.206028
0.0685924
10.4225
10.4638
10.5396
10.6481
10.7736
10.9067
11.0376
11.159
11.2653
11.3528
11.4193
11.4637
11.4862
11.4873
11.4683
11.4307
11.3762
11.3067
11.2238
11.1292
11.0247
10.9115
10.7911
10.6648
10.5334
10.398
10.2594
10.1183
9.9753
9.83087
9.68544
9.53937
9.39295
9.2464
9.09992
8.95365
8.80769
8.66213
8.51702
8.37241
8.2283
8.0847
7.94162
7.79904
7.65694
7.5153
7.3741
7.2333
7.09288
6.9528
6.81305
6.67358
6.53438
6.39541
6.25666
6.1181
5.97971
5.84147
5.70336
5.56537
5.42748
5.28967
5.15195
5.01429
4.87668
4.73913
4.60161
4.46413
4.32668
4.18925
4.05184
3.91445
3.77707
3.6397
3.50234
3.36498
3.22763
3.09029
2.95294
2.8156
2.67826
2.54092
2.40357
2.26623
2.12889
1.99154
1.85419
1.71685
1.5795
1.44215
1.3048
1.16745
1.0301
0.892749
0.755399
0.618049
0.480703
0.343347
0.206035
0.068592
10.3474
10.4011
10.4869
10.6039
10.7357
10.8731
11.0066
11.1294
11.2362
11.3239
11.3903
11.4348
11.4575
11.459
11.4407
11.4041
11.3508
11.2826
11.2012
11.1082
11.0052
10.8937
10.7749
10.65
10.5201
10.3862
10.2489
10.109
9.96708
9.82367
9.67918
9.53396
9.3883
9.24243
9.09656
8.95082
8.80533
8.66017
8.51542
8.37111
8.22726
8.08389
7.941
7.79858
7.65661
7.51508
7.37397
7.23324
7.09287
6.95284
6.81312
6.67368
6.53449
6.39554
6.2568
6.11824
5.97985
5.84161
5.70349
5.5655
5.4276
5.28979
5.15205
5.01438
4.87677
4.73921
4.60169
4.4642
4.32674
4.18931
4.05189
3.91449
3.77711
3.63974
3.50237
3.36501
3.22766
3.09031
2.95296
2.81562
2.67827
2.54093
2.40359
2.26624
2.1289
1.99155
1.8542
1.71685
1.57951
1.44216
1.30481
1.16746
1.03011
0.892755
0.755405
0.618054
0.480709
0.343352
0.20604
0.0685919
10.2623
10.3307
10.4286
10.5564
10.6966
10.8401
10.9776
11.1027
11.2108
11.2989
11.3654
11.4099
11.4326
11.4344
11.4166
11.3806
11.3282
11.261
11.1807
11.089
10.9873
10.8771
10.7597
10.6362
10.5076
10.3749
10.2388
10.1
9.9591
9.81665
9.67303
9.5286
9.38366
9.23844
9.09314
8.94791
8.80288
8.65812
8.51372
8.36971
8.22613
8.08298
7.94028
7.79802
7.65619
7.51478
7.37375
7.2331
7.0928
6.95282
6.81314
6.67373
6.53457
6.39563
6.2569
6.11835
5.97996
5.84172
5.7036
5.5656
5.4277
5.28989
5.15215
5.01447
4.87685
4.73928
4.60176
4.46426
4.3268
4.18936
4.05194
3.91454
3.77715
3.63977
3.5024
3.36504
3.22769
3.09033
2.95298
2.81564
2.67829
2.54094
2.4036
2.26625
2.12891
1.99156
1.85421
1.71686
1.57951
1.44216
1.30481
1.16746
1.03011
0.892761
0.755411
0.61806
0.480714
0.343356
0.206046
0.0685922
10.1672
10.2526
10.3651
10.5062
10.6568
10.8081
10.9508
11.0791
11.1889
11.2778
11.3446
11.389
11.4116
11.4134
11.3957
11.3601
11.3082
11.2417
11.1623
11.0715
10.9709
10.8619
10.7456
10.6232
10.4958
10.3641
10.2291
10.0913
9.95138
9.8098
9.66699
9.52331
9.37904
9.23444
9.08969
8.94495
8.80036
8.65599
8.51193
8.36822
8.2249
8.08198
7.93947
7.79738
7.65569
7.51439
7.37347
7.2329
7.09266
6.95274
6.8131
6.67373
6.53459
6.39568
6.25696
6.11842
5.98004
5.8418
5.70369
5.56569
5.42779
5.28997
5.15223
5.01455
4.87693
4.73935
4.60182
4.46432
4.32685
4.18941
4.05198
3.91458
3.77719
3.63981
3.50243
3.36507
3.22771
3.09035
2.953
2.81565
2.67831
2.54096
2.40361
2.26626
2.12892
1.99157
1.85422
1.71687
1.57952
1.44217
1.30482
1.16747
1.03012
0.892767
0.755416
0.618065
0.480719
0.343361
0.20605
0.0685928
10.0618
10.1669
10.2967
10.4537
10.6168
10.7774
10.9265
11.0588
11.1708
11.2607
11.3277
11.372
11.3943
11.3959
11.378
11.3424
11.2907
11.2247
11.1458
11.0558
10.956
10.8479
10.7325
10.6111
10.4846
10.354
10.2199
10.083
9.94391
9.80313
9.66107
9.51808
9.37445
9.23043
9.0862
8.94194
8.79777
8.65378
8.51006
8.36664
8.22358
8.08088
7.93857
7.79665
7.6551
7.51393
7.37311
7.23263
7.09247
6.9526
6.81301
6.67368
6.53458
6.39569
6.25699
6.11847
5.9801
5.84187
5.70376
5.56576
5.42786
5.29004
5.1523
5.01462
4.87699
4.73941
4.60188
4.46437
4.3269
4.18945
4.05203
3.91462
3.77722
3.63984
3.50246
3.3651
3.22773
3.09038
2.95302
2.81567
2.67832
2.54097
2.40362
2.26628
2.12893
1.99158
1.85423
1.71688
1.57953
1.44218
1.30483
1.16748
1.03012
0.892773
0.755422
0.61807
0.480724
0.343365
0.206055
0.0685938
9.94554
10.0737
10.2237
10.3993
10.5772
10.7488
10.9052
11.0422
11.1568
11.2478
11.315
11.359
11.3808
11.3817
11.3635
11.3276
11.2759
11.2099
11.1314
11.0418
10.9426
10.8351
10.7205
10.5999
10.4742
10.3444
10.2111
10.075
9.9367
9.79665
9.65528
9.51293
9.3699
9.22642
9.0827
8.93889
8.79513
8.65151
8.50811
8.36498
8.22217
8.0797
7.93759
7.79584
7.65444
7.51339
7.37268
7.23229
7.09221
6.95241
6.81288
6.67359
6.53452
6.39566
6.25699
6.11848
5.98013
5.84191
5.70381
5.56581
5.42791
5.2901
5.15235
5.01467
4.87705
4.73947
4.60193
4.46442
4.32695
4.1895
4.05207
3.91465
3.77725
3.63987
3.50249
3.36512
3.22776
3.0904
2.95304
2.81569
2.67834
2.54099
2.40364
2.26629
2.12894
1.99159
1.85424
1.71689
1.57954
1.44219
1.30483
1.16748
1.03013
0.892778
0.755427
0.618075
0.480729
0.343368
0.206058
0.0685953
9.81757
9.97285
10.1464
10.3438
10.5386
10.7227
10.8875
11.0297
11.147
11.2391
11.3064
11.3499
11.3709
11.371
11.352
11.3156
11.2634
11.1973
11.1188
11.0294
10.9305
10.8235
10.7094
10.5895
10.4645
10.3353
10.2028
10.0674
9.92975
9.79036
9.64962
9.50786
9.36538
9.22242
9.07917
8.9358
8.79243
8.64916
8.50608
8.36325
8.22069
8.07845
7.93653
7.79495
7.6537
7.51279
7.37219
7.2319
7.0919
6.95217
6.81269
6.67345
6.53443
6.3956
6.25695
6.11847
5.98013
5.84192
5.70383
5.56585
5.42796
5.29014
5.1524
5.01472
4.87709
4.73951
4.60197
4.46446
4.32699
4.18953
4.0521
3.91469
3.77729
3.6399
3.50252
3.36515
3.22778
3.09042
2.95306
2.81571
2.67835
2.541
2.40365
2.2663
2.12895
1.9916
1.85425
1.7169
1.57955
1.44219
1.30484
1.16749
1.03014
0.892784
0.755433
0.61808
0.480733
0.343372
0.206061
0.0685972
9.67676
9.86422
10.0654
10.288
10.5019
10.6999
10.8739
11.0216
11.1417
11.2348
11.302
11.3447
11.3646
11.3636
11.3435
11.3062
11.2534
11.1868
11.108
11.0186
10.9198
10.813
10.6994
10.5799
10.4554
10.3268
10.1948
10.0601
9.92305
9.78426
9.64409
9.50288
9.36091
9.21843
9.07563
8.93267
8.78968
8.64676
8.504
8.36144
8.21914
8.07712
7.9354
7.79399
7.6529
7.51212
7.37164
7.23144
7.09153
6.95187
6.81246
6.67327
6.53429
6.3955
6.25689
6.11843
5.98011
5.84192
5.70384
5.56587
5.42798
5.29017
5.15243
5.01476
4.87713
4.73955
4.60201
4.4645
4.32702
4.18957
4.05213
3.91472
3.77731
3.63992
3.50254
3.36517
3.2278
3.09044
2.95308
2.81572
2.67837
2.54102
2.40366
2.26631
2.12896
1.99161
1.85426
1.71691
1.57955
1.4422
1.30485
1.1675
1.03014
0.89279
0.755438
0.618085
0.480737
0.343375
0.206064
0.0685995
9.5216
9.74769
9.98124
10.2328
10.4681
10.6813
10.8651
11.0184
11.1413
11.2352
11.3019
11.3435
11.362
11.3595
11.338
11.2995
11.2457
11.1783
11.099
11.0093
10.9104
10.8037
10.6903
10.5711
10.447
10.3189
10.1874
10.0531
9.91661
9.77834
9.63869
9.49798
9.35649
9.21446
9.07208
8.92952
8.78689
8.64431
8.50185
8.35957
8.21751
8.07571
7.93419
7.79296
7.65203
7.51138
7.37102
7.23093
7.09111
6.95153
6.81218
6.67305
6.53412
6.39537
6.25679
6.11836
5.98007
5.84189
5.70383
5.56587
5.42799
5.29019
5.15246
5.01478
4.87716
4.73958
4.60204
4.46453
4.32706
4.1896
4.05216
3.91475
3.77734
3.63995
3.50257
3.36519
3.22782
3.09046
2.9531
2.81574
2.67838
2.54103
2.40368
2.26632
2.12897
1.99162
1.85427
1.71691
1.57956
1.44221
1.30486
1.1675
1.03015
0.892795
0.755443
0.618089
0.480741
0.343379
0.206066
0.0686023
9.35023
9.62319
9.89469
10.1794
10.4384
10.668
10.8618
11.0207
11.1461
11.2404
11.3063
11.3463
11.363
11.3586
11.3354
11.2953
11.2402
11.1718
11.0918
11.0015
10.9023
10.7955
10.6821
10.563
10.4392
10.3114
10.1803
10.0465
9.91041
9.77261
9.63341
9.49316
9.35211
9.21051
9.06853
8.92634
8.78407
8.64181
8.49964
8.35763
8.21582
8.07425
7.93293
7.79187
7.65109
7.51059
7.37035
7.23037
7.09064
6.95114
6.81187
6.6728
6.53392
6.39521
6.25667
6.11827
5.98
5.84185
5.7038
5.56585
5.42799
5.2902
5.15247
5.0148
4.87718
4.73961
4.60207
4.46456
4.32708
4.18963
4.05219
3.91477
3.77737
3.63997
3.50259
3.36521
3.22784
3.09048
2.95311
2.81576
2.6784
2.54104
2.40369
2.26634
2.12898
1.99163
1.85428
1.71692
1.57957
1.44222
1.30486
1.16751
1.03015
0.892801
0.755448
0.618094
0.480745
0.343382
0.206068
0.0686055
9.16035
9.49079
9.80687
10.1294
10.4141
10.661
10.8649
11.0291
11.1564
11.2506
11.3151
11.3532
11.3676
11.3609
11.3356
11.2936
11.2369
11.1672
11.0861
10.9951
10.8954
10.7883
10.6747
10.5557
10.432
10.3044
10.1736
10.0401
9.90446
9.76705
9.62827
9.48843
9.34779
9.20657
9.06498
8.92315
8.78121
8.63926
8.49738
8.35564
8.21407
8.07271
7.93159
7.79072
7.6501
7.50974
7.36962
7.22976
7.09012
6.95071
6.81151
6.6725
6.53368
6.39502
6.25651
6.11815
5.97991
5.84178
5.70376
5.56582
5.42797
5.29019
5.15247
5.01481
4.8772
4.73963
4.60209
4.46459
4.32711
4.18965
4.05222
3.9148
3.77739
3.64
3.50261
3.36523
3.22786
3.0905
2.95313
2.81577
2.67841
2.54106
2.4037
2.26635
2.12899
1.99164
1.85429
1.71693
1.57958
1.44222
1.30487
1.16751
1.03016
0.892806
0.755453
0.618098
0.480748
0.343385
0.206069
0.0686092
8.94929
9.35089
9.71936
10.0847
10.3971
10.6617
10.8754
11.0442
11.1727
11.2661
11.3286
11.364
11.3757
11.3663
11.3385
11.2943
11.2357
11.1644
11.0821
10.9901
10.8897
10.7821
10.6682
10.5491
10.4254
10.2979
10.1673
10.0341
9.89873
9.76167
9.62325
9.48378
9.34351
9.20266
9.06142
8.91993
8.77831
8.63667
8.49507
8.35359
8.21226
8.07112
7.9302
7.78951
7.64905
7.50883
7.36885
7.22909
7.08956
6.95024
6.81111
6.67217
6.53341
6.3948
6.25634
6.11801
5.9798
5.8417
5.7037
5.56578
5.42794
5.29018
5.15247
5.01481
4.87721
4.73964
4.60211
4.4646
4.32713
4.18967
4.05224
3.91482
3.77741
3.64002
3.50263
3.36525
3.22788
3.09051
2.95315
2.81579
2.67843
2.54107
2.40372
2.26636
2.12901
1.99165
1.8543
1.71694
1.57959
1.44223
1.30488
1.16752
1.03017
0.892812
0.755457
0.618102
0.480752
0.343388
0.20607
0.0686132
8.71394
9.2044
9.63434
10.0477
10.3893
10.6716
10.8942
11.0666
11.1954
11.287
11.3467
11.379
11.3873
11.3748
11.344
11.2973
11.2365
11.1634
11.0796
10.9864
10.8851
10.7768
10.6625
10.5431
10.4193
10.2919
10.1614
10.0283
9.89323
9.75645
9.61835
9.47921
9.33928
9.19878
9.05787
8.9167
8.77539
8.63404
8.49272
8.35149
8.2104
8.06948
7.92876
7.78824
7.64795
7.50788
7.36802
7.22839
7.08895
6.94972
6.81068
6.67181
6.5331
6.39455
6.25613
6.11784
5.97967
5.8416
5.70362
5.56572
5.4279
5.29015
5.15245
5.01481
4.87721
4.73964
4.60212
4.46462
4.32715
4.18969
4.05226
3.91484
3.77743
3.64004
3.50265
3.36527
3.2279
3.09053
2.95317
2.8158
2.67844
2.54109
2.40373
2.26637
2.12902
1.99166
1.85431
1.71695
1.57959
1.44224
1.30488
1.16753
1.03017
0.892817
0.755462
0.618106
0.480755
0.343391
0.206071
0.0686176
8.45086
9.05316
9.55485
10.0216
10.393
10.6922
10.9224
11.097
11.2247
11.3135
11.3696
11.3979
11.4024
11.3862
11.3522
11.3025
11.2392
11.164
11.0785
10.9839
10.8816
10.7725
10.6576
10.5378
10.4138
10.2862
10.1558
10.0229
9.88794
9.7514
9.61357
9.47472
9.3351
9.19491
9.05431
8.91345
8.77244
8.63137
8.49032
8.34934
8.20849
8.06778
7.92726
7.78693
7.6468
7.50687
7.36715
7.22763
7.08831
6.94917
6.81021
6.67141
6.53277
6.39427
6.2559
6.11766
5.97952
5.84148
5.70352
5.56565
5.42785
5.29011
5.15243
5.01479
4.8772
4.73965
4.60212
4.46463
4.32716
4.18971
4.05228
3.91486
3.77745
3.64006
3.50267
3.36529
3.22792
3.09055
2.95318
2.81582
2.67846
2.5411
2.40374
2.26638
2.12903
1.99167
1.85432
1.71696
1.5796
1.44225
1.30489
1.16753
1.03018
0.892822
0.755467
0.61811
0.480758
0.343394
0.206071
0.0686223
8.15611
8.90045
9.48515
10.0103
10.4111
10.7255
10.9611
11.136
11.261
11.3458
11.3973
11.4209
11.4209
11.4006
11.3628
11.3099
11.2438
11.1663
11.0788
10.9826
10.879
10.7689
10.6533
10.533
10.4087
10.281
10.1505
10.0176
9.88284
9.74649
9.60889
9.47031
9.33097
9.19107
9.05076
8.91019
8.76947
8.62867
8.48788
8.34715
8.20653
8.06604
7.92571
7.78556
7.6456
7.50582
7.36624
7.22684
7.08763
6.94858
6.80971
6.67099
6.53241
6.39397
6.25565
6.11745
5.97935
5.84134
5.70342
5.56557
5.42779
5.29006
5.15239
5.01477
4.87719
4.73964
4.60212
4.46464
4.32717
4.18972
4.05229
3.91487
3.77747
3.64007
3.50269
3.36531
3.22793
3.09056
2.9532
2.81583
2.67847
2.54111
2.40375
2.2664
2.12904
1.99168
1.85433
1.71697
1.57961
1.44225
1.3049
1.16754
1.03018
0.892827
0.755471
0.618114
0.480761
0.343396
0.206071
0.0686274
7.82493
8.75187
9.43109
10.0186
10.4467
10.7733
11.0114
11.1841
11.3046
11.384
11.4298
11.4479
11.4427
11.4177
11.3758
11.3193
11.2501
11.17
11.0803
10.9824
10.8774
10.7662
10.6498
10.5289
10.4041
10.2762
10.1455
10.0127
9.87794
9.74173
9.60432
9.46597
9.32688
9.18725
9.04722
8.90693
8.76647
8.62594
8.48541
8.34492
8.20452
8.06425
7.92412
7.78415
7.64435
7.50473
7.36528
7.22601
7.08691
6.94796
6.80918
6.67054
6.53203
6.39365
6.25538
6.11723
5.97916
5.84119
5.7033
5.56547
5.42771
5.29001
5.15235
5.01474
4.87717
4.73963
4.60212
4.46464
4.32718
4.18973
4.0523
3.91489
3.77749
3.64009
3.50271
3.36533
3.22795
3.09058
2.95321
2.81585
2.67849
2.54113
2.40377
2.26641
2.12905
1.99169
1.85434
1.71698
1.57962
1.44226
1.30491
1.16755
1.03019
0.892833
0.755476
0.618118
0.480764
0.343399
0.20607
0.0686328
7.45344
8.61731
9.40074
10.0525
10.5033
10.8375
11.0742
11.2418
11.3557
11.428
11.467
11.4787
11.4677
11.4376
11.3911
11.3307
11.2581
11.1751
11.0831
10.9832
10.8766
10.7642
10.6468
10.5252
10.4
10.2717
10.1409
10.0079
9.87322
9.73711
9.59985
9.46169
9.32283
9.18345
9.04368
8.90365
8.76346
8.62319
8.4829
8.34265
8.20248
8.06241
7.92248
7.7827
7.64307
7.5036
7.36429
7.22514
7.08615
6.94731
6.80862
6.67005
6.53162
6.3933
6.25509
6.11698
5.97896
5.84103
5.70316
5.56536
5.42763
5.28994
5.1523
5.01471
4.87715
4.73962
4.60212
4.46464
4.32718
4.18974
4.05231
3.9149
3.7775
3.64011
3.50272
3.36534
3.22797
3.0906
2.95323
2.81586
2.6785
2.54114
2.40378
2.26642
2.12906
1.9917
1.85434
1.71699
1.57963
1.44227
1.30491
1.16755
1.0302
0.892838
0.75548
0.618122
0.480766
0.343402
0.20607
0.0686384
7.0425
8.5137
9.40486
10.1192
10.5848
10.92
11.1504
11.3095
11.4143
11.4779
11.5088
11.5132
11.4958
11.46
11.4086
11.3438
11.2677
11.1816
11.087
10.985
10.8767
10.7629
10.6445
10.522
10.3962
10.2675
10.1365
10.0034
9.86866
9.73261
9.59547
9.45748
9.31883
9.17967
9.04014
8.90036
8.76043
8.6204
8.48036
8.34034
8.2004
8.06054
7.92081
7.7812
7.64174
7.50243
7.36326
7.22424
7.08537
6.94663
6.80803
6.66955
6.53119
6.39294
6.25478
6.11672
5.97875
5.84085
5.70302
5.56525
5.42753
5.28987
5.15225
5.01467
4.87712
4.7396
4.6021
4.46463
4.32718
4.18974
4.05232
3.91491
3.77751
3.64012
3.50274
3.36536
3.22798
3.09061
2.95324
2.81588
2.67852
2.54115
2.40379
2.26643
2.12907
1.99171
1.85435
1.717
1.57964
1.44228
1.30492
1.16756
1.0302
0.892843
0.755484
0.618125
0.480769
0.343404
0.206069
0.0686442
6.56714
8.46373
9.45743
10.2265
10.6951
11.0225
11.2406
11.3872
11.4804
11.5335
11.5551
11.5514
11.5268
11.4847
11.428
11.3587
11.2786
11.1893
11.0919
10.9877
10.8775
10.7623
10.6427
10.5193
10.3928
10.2637
10.1323
9.99904
9.86426
9.72822
9.59117
9.45333
9.31485
9.17591
9.03661
8.89707
8.75738
8.6176
8.47779
8.33801
8.19828
8.05864
7.9191
7.77967
7.64038
7.50122
7.3622
7.22331
7.08455
6.94592
6.80742
6.66902
6.53074
6.39255
6.25446
6.11645
5.97852
5.84066
5.70286
5.56512
5.42743
5.28979
5.15219
5.01462
4.87708
4.73957
4.60209
4.46463
4.32718
4.18975
4.05233
3.91492
3.77752
3.64013
3.50275
3.36537
3.228
3.09063
2.95326
2.81589
2.67853
2.54117
2.40381
2.26644
2.12908
1.99172
1.85436
1.71701
1.57965
1.44229
1.30493
1.16757
1.03021
0.892848
0.755489
0.618129
0.480772
0.343407
0.206067
0.0686502
5.82172
8.49352
9.57971
10.3839
10.8377
11.146
11.345
11.4749
11.5538
11.5946
11.6057
11.5929
11.5605
11.5118
11.4493
11.3751
11.2909
11.1981
11.0978
10.9912
10.8791
10.7622
10.6413
10.517
10.3898
10.2601
10.1283
9.99488
9.85999
9.72394
9.58696
9.44923
9.31092
9.17216
9.03308
8.89377
8.75431
8.61477
8.4752
8.33564
8.19613
8.05669
7.91735
7.77811
7.63899
7.49999
7.36111
7.22235
7.08371
6.94519
6.80678
6.66847
6.53026
6.39215
6.25411
6.11616
5.97827
5.84045
5.70269
5.56498
5.42732
5.2897
5.15212
5.01457
4.87704
4.73955
4.60207
4.46462
4.32718
4.18975
4.05233
3.91493
3.77753
3.64015
3.50276
3.36539
3.22801
3.09064
2.95327
2.81591
2.67854
2.54118
2.40382
2.26646
2.1291
1.99174
1.85437
1.71701
1.57965
1.44229
1.30493
1.16757
1.03021
0.892853
0.755493
0.618133
0.480774
0.343409
0.206066
0.0686563
4.44461
8.69492
9.81496
10.6026
11.0156
11.2908
11.4633
11.5721
11.634
11.6608
11.6601
11.6375
11.5967
11.5409
11.4723
11.393
11.3044
11.2079
11.1046
10.9954
10.8812
10.7627
10.6404
10.5151
10.3871
10.2568
10.1246
9.99088
9.85585
9.71976
9.58281
9.44518
9.30702
9.16844
9.02956
8.89047
8.75124
8.61193
8.47258
8.33325
8.19395
8.05472
7.91558
7.77652
7.63757
7.49873
7.35999
7.22137
7.08285
6.94444
6.80612
6.6679
6.52977
6.39173
6.25376
6.11586
5.97802
5.84024
5.70252
5.56484
5.4272
5.28961
5.15204
5.01451
4.877
4.73952
4.60205
4.4646
4.32717
4.18975
4.05234
3.91494
3.77754
3.64016
3.50278
3.3654
3.22803
3.09066
2.95329
2.81592
2.67856
2.54119
2.40383
2.26647
2.12911
1.99175
1.85438
1.71702
1.57966
1.4423
1.30494
1.16758
1.03022
0.892858
0.755497
0.618136
0.480777
0.343412
0.206065
0.0686626
3.9138
9.39139
10.2322
10.8928
11.2295
11.4557
11.5942
11.678
11.7204
11.7316
11.7182
11.6849
11.6352
11.5718
11.4969
11.4121
11.319
11.2186
11.1121
11.0003
10.8839
10.7636
10.6399
10.5135
10.3846
10.2537
10.1211
9.98702
9.85182
9.71566
9.57873
9.44117
9.30314
9.16473
9.02604
8.88716
8.74815
8.60906
8.46994
8.33083
8.19175
8.05273
7.91377
7.7749
7.63612
7.49744
7.35885
7.22036
7.08196
6.94366
6.80545
6.66732
6.52927
6.39129
6.25339
6.11554
5.97776
5.84002
5.70233
5.56469
5.42708
5.28951
5.15197
5.01445
4.87696
4.73948
4.60203
4.46459
4.32716
4.18975
4.05234
3.91494
3.77755
3.64017
3.50279
3.36541
3.22804
3.09067
2.9533
2.81594
2.67857
2.54121
2.40384
2.26648
2.12912
1.99176
1.85439
1.71703
1.57967
1.44231
1.30495
1.16759
1.03022
0.892863
0.755502
0.61814
0.480779
0.343414
0.206063
0.0686691
)
;

boundaryField
{
    inlet
    {
        type            zeroGradient;
    }
    outlet
    {
        type            fixedValue;
        value           uniform 0;
    }
    frontAndBack
    {
        type            empty;
    }
    walls
    {
        type            zeroGradient;
    }
}

