/*--------------------------------*- C++ -*----------------------------------*\
  =========                 |
  \\      /  F ield         | OpenFOAM: The Open Source CFD Toolbox
   \\    /   O peration     | Website:  https://openfoam.org
    \\  /    A nd           | Version:  6
     \\/     M anipulation  |
\*---------------------------------------------------------------------------*/
FoamFile
{
    version     2.0;
    format      ascii;
    class       volScalarField;
    location    "0";
    object      T;
}
// * * * * * * * * * * * * * * * * * * * * * * * * * * * * * * * * * * * * * //

dimensions      [0 0 0 1 0 0 0];

internalField   nonuniform List<scalar> 
10000
(
298.865
298.895
298.924
298.952
298.979
299.003
299.027
299.048
299.069
299.088
299.106
299.122
299.138
299.152
299.166
299.179
299.191
299.202
299.212
299.222
299.232
299.24
299.249
299.257
299.264
299.271
299.278
299.284
299.29
299.295
299.3
299.305
299.31
299.314
299.318
299.321
299.325
299.328
299.33
299.333
299.335
299.338
299.34
299.342
299.343
299.345
299.347
299.348
299.35
299.351
299.353
299.354
299.355
299.357
299.358
299.36
299.361
299.362
299.364
299.365
299.367
299.368
299.37
299.371
299.373
299.374
299.376
299.377
299.379
299.381
299.383
299.385
299.387
299.389
299.392
299.395
299.398
299.401
299.405
299.41
299.415
299.422
299.429
299.439
299.45
299.464
299.481
299.502
299.53
299.564
299.608
299.665
299.739
299.833
299.953
300.104
300.291
300.515
300.772
301.054
298.866
298.896
298.926
298.954
298.981
299.006
299.03
299.052
299.072
299.092
299.11
299.126
299.142
299.156
299.17
299.182
299.194
299.205
299.215
299.225
299.234
299.243
299.251
299.259
299.266
299.273
299.28
299.286
299.291
299.297
299.302
299.307
299.311
299.315
299.319
299.323
299.326
299.329
299.332
299.334
299.336
299.339
299.341
299.342
299.344
299.346
299.347
299.349
299.35
299.352
299.353
299.355
299.356
299.357
299.359
299.36
299.361
299.363
299.364
299.366
299.367
299.369
299.37
299.371
299.373
299.374
299.376
299.378
299.379
299.381
299.383
299.385
299.387
299.389
299.392
299.395
299.398
299.401
299.405
299.41
299.415
299.421
299.428
299.437
299.448
299.461
299.478
299.498
299.525
299.558
299.6
299.655
299.726
299.818
299.936
300.087
300.274
300.5
300.763
301.051
298.866
298.898
298.929
298.959
298.987
299.013
299.038
299.061
299.082
299.102
299.12
299.137
299.153
299.167
299.18
299.193
299.204
299.215
299.225
299.234
299.242
299.251
299.258
299.266
299.273
299.279
299.285
299.291
299.296
299.302
299.306
299.311
299.315
299.319
299.323
299.326
299.329
299.332
299.334
299.337
299.339
299.341
299.343
299.345
299.346
299.348
299.349
299.351
299.352
299.353
299.355
299.356
299.357
299.359
299.36
299.361
299.363
299.364
299.365
299.367
299.368
299.369
299.371
299.372
299.374
299.375
299.377
299.378
299.38
299.382
299.384
299.385
299.388
299.39
299.392
299.395
299.398
299.401
299.405
299.409
299.414
299.42
299.427
299.435
299.446
299.458
299.474
299.493
299.518
299.549
299.59
299.643
299.712
299.801
299.918
300.068
300.256
300.486
300.754
301.048
298.867
298.902
298.935
298.967
298.997
299.026
299.052
299.077
299.099
299.12
299.139
299.157
299.173
299.187
299.2
299.212
299.223
299.233
299.242
299.25
299.258
299.265
299.272
299.279
299.285
299.291
299.296
299.301
299.306
299.31
299.315
299.319
299.322
299.326
299.329
299.332
299.335
299.337
299.339
299.342
299.344
299.345
299.347
299.349
299.35
299.351
299.353
299.354
299.355
299.356
299.357
299.358
299.36
299.361
299.362
299.363
299.364
299.366
299.367
299.368
299.369
299.371
299.372
299.373
299.375
299.376
299.378
299.379
299.381
299.383
299.384
299.386
299.388
299.39
299.393
299.395
299.398
299.401
299.405
299.409
299.414
299.419
299.426
299.434
299.443
299.455
299.47
299.488
299.512
299.542
299.581
299.632
299.699
299.788
299.904
300.054
300.245
300.477
300.749
301.046
298.869
298.906
298.943
298.978
299.011
299.042
299.071
299.098
299.123
299.145
299.166
299.184
299.201
299.215
299.229
299.24
299.251
299.26
299.268
299.275
299.282
299.288
299.293
299.299
299.304
299.308
299.313
299.317
299.32
299.324
299.327
299.33
299.333
299.336
299.339
299.341
299.343
299.345
299.347
299.349
299.35
299.352
299.353
299.354
299.355
299.356
299.357
299.358
299.359
299.36
299.361
299.362
299.363
299.364
299.365
299.366
299.367
299.368
299.369
299.37
299.371
299.373
299.374
299.375
299.377
299.378
299.379
299.381
299.383
299.384
299.386
299.388
299.39
299.392
299.394
299.396
299.399
299.402
299.405
299.409
299.414
299.419
299.425
299.432
299.441
299.453
299.466
299.484
299.507
299.536
299.574
299.624
299.691
299.779
299.896
300.047
300.24
300.474
300.747
301.046
298.871
298.912
298.952
298.991
299.028
299.062
299.095
299.124
299.152
299.176
299.198
299.218
299.236
299.251
299.264
299.276
299.286
299.294
299.302
299.308
299.313
299.318
299.322
299.326
299.329
299.332
299.335
299.338
299.34
299.343
299.345
299.347
299.349
299.35
299.352
299.353
299.355
299.356
299.357
299.358
299.359
299.36
299.361
299.362
299.362
299.363
299.364
299.364
299.365
299.365
299.366
299.367
299.367
299.368
299.369
299.37
299.37
299.371
299.372
299.373
299.374
299.375
299.377
299.378
299.379
299.38
299.382
299.383
299.385
299.386
299.388
299.389
299.391
299.393
299.395
299.398
299.4
299.403
299.406
299.41
299.414
299.419
299.425
299.432
299.44
299.451
299.464
299.481
299.503
299.532
299.57
299.62
299.687
299.776
299.893
300.046
300.24
300.476
300.749
301.047
298.873
298.918
298.963
299.006
299.047
299.085
299.121
299.154
299.184
299.211
299.236
299.257
299.276
299.292
299.306
299.317
299.327
299.335
299.342
299.347
299.351
299.354
299.357
299.359
299.36
299.362
299.363
299.364
299.365
299.366
299.367
299.367
299.368
299.368
299.369
299.369
299.37
299.37
299.37
299.37
299.371
299.371
299.371
299.371
299.371
299.371
299.371
299.372
299.372
299.372
299.372
299.372
299.373
299.373
299.374
299.374
299.375
299.375
299.376
299.377
299.378
299.379
299.38
299.381
299.382
299.383
299.384
299.386
299.387
299.389
299.39
299.392
299.394
299.396
299.398
299.4
299.402
299.405
299.408
299.411
299.415
299.42
299.426
299.432
299.44
299.451
299.463
299.48
299.502
299.53
299.568
299.619
299.686
299.776
299.895
300.049
300.244
300.481
300.753
301.049
298.875
298.925
298.975
299.022
299.067
299.11
299.149
299.186
299.219
299.249
299.275
299.299
299.319
299.336
299.351
299.362
299.372
299.38
299.386
299.39
299.393
299.395
299.396
299.397
299.397
299.396
299.396
299.395
299.394
299.394
299.393
299.392
299.391
299.39
299.389
299.388
299.387
299.387
299.386
299.385
299.384
299.384
299.383
299.382
299.382
299.381
299.381
299.381
299.38
299.38
299.38
299.38
299.379
299.38
299.38
299.38
299.38
299.381
299.381
299.382
299.382
299.383
299.384
299.385
299.386
299.387
299.388
299.389
299.39
299.392
299.393
299.395
299.397
299.398
299.4
299.402
299.405
299.407
299.41
299.414
299.417
299.422
299.427
299.433
299.441
299.451
299.464
299.48
299.502
299.53
299.569
299.62
299.688
299.78
299.9
300.056
300.252
300.488
300.759
301.051
298.878
298.932
298.986
299.038
299.088
299.135
299.179
299.219
299.255
299.287
299.316
299.341
299.363
299.382
299.397
299.409
299.419
299.427
299.432
299.436
299.438
299.439
299.439
299.438
299.436
299.434
299.432
299.43
299.427
299.425
299.422
299.419
299.417
299.415
299.412
299.41
299.408
299.406
299.404
299.402
299.4
299.399
299.397
299.396
299.394
299.393
299.392
299.391
299.39
299.389
299.389
299.388
299.387
299.387
299.387
299.387
299.387
299.387
299.387
299.387
299.388
299.388
299.389
299.389
299.39
299.391
299.392
299.393
299.394
299.396
299.397
299.399
299.4
299.402
299.404
299.406
299.408
299.41
299.413
299.416
299.42
299.424
299.429
299.435
299.443
299.453
299.465
299.481
299.503
299.532
299.571
299.623
299.693
299.786
299.908
300.065
300.262
300.497
300.765
301.053
298.88
298.94
298.998
299.055
299.109
299.16
299.208
299.251
299.291
299.326
299.357
299.384
299.407
299.427
299.443
299.456
299.466
299.474
299.479
299.483
299.484
299.484
299.483
299.48
299.478
299.474
299.47
299.466
299.462
299.458
299.454
299.45
299.445
299.442
299.438
299.434
299.431
299.427
299.424
299.421
299.418
299.416
299.413
299.411
299.409
299.407
299.405
299.403
299.401
299.4
299.399
299.398
299.397
299.396
299.395
299.394
299.394
299.394
299.394
299.394
299.394
299.394
299.394
299.395
299.396
299.396
299.397
299.398
299.399
299.4
299.402
299.403
299.404
299.406
299.408
299.41
299.412
299.414
299.417
299.42
299.423
299.427
299.432
299.438
299.445
299.455
299.467
299.484
299.506
299.535
299.575
299.628
299.699
299.793
299.917
300.076
300.272
300.507
300.772
301.056
298.882
298.947
299.01
299.072
299.13
299.185
299.236
299.283
299.326
299.364
299.397
299.426
299.451
299.472
299.489
299.502
299.513
299.521
299.526
299.529
299.53
299.529
299.527
299.523
299.519
299.515
299.509
299.504
299.498
299.493
299.487
299.481
299.475
299.47
299.465
299.46
299.455
299.45
299.446
299.442
299.438
299.434
299.431
299.427
299.424
299.421
299.419
299.416
299.414
299.412
299.41
299.408
299.407
299.405
299.404
299.403
299.402
299.402
299.401
299.401
299.401
299.401
299.401
299.401
299.402
299.402
299.403
299.404
299.405
299.406
299.407
299.408
299.409
299.411
299.413
299.414
299.416
299.419
299.421
299.424
299.427
299.431
299.436
299.441
299.449
299.458
299.471
299.487
299.509
299.539
299.579
299.634
299.706
299.802
299.927
300.087
300.284
300.517
300.779
301.058
298.885
298.954
299.022
299.088
299.151
299.21
299.265
299.315
299.36
299.401
299.436
299.467
299.493
299.515
299.533
299.547
299.558
299.565
299.57
299.573
299.574
299.572
299.569
299.565
299.56
299.554
299.548
299.541
299.534
299.527
299.52
299.513
299.506
299.499
299.493
299.486
299.48
299.474
299.469
299.463
299.458
299.454
299.449
299.445
299.441
299.437
299.434
299.431
299.428
299.425
299.422
299.42
299.418
299.416
299.415
299.413
299.412
299.411
299.41
299.409
299.409
299.408
299.408
299.408
299.408
299.409
299.409
299.41
299.411
299.412
299.413
299.414
299.415
299.416
299.418
299.42
299.422
299.424
299.426
299.429
299.432
299.436
299.44
299.446
299.453
299.462
299.475
299.491
299.513
299.544
299.585
299.64
299.714
299.812
299.938
300.099
300.295
300.527
300.786
301.061
298.887
298.961
299.034
299.104
299.171
299.234
299.292
299.345
299.393
299.436
299.474
299.506
299.534
299.556
299.575
299.589
299.6
299.608
299.613
299.615
299.615
299.614
299.61
299.605
299.599
299.593
299.585
299.577
299.569
299.561
299.553
299.544
299.536
299.528
299.521
299.513
299.506
299.499
299.492
299.486
299.48
299.474
299.469
299.463
299.459
299.454
299.45
299.446
299.442
299.439
299.436
299.433
299.43
299.428
299.426
299.424
299.422
299.421
299.419
299.418
299.417
299.417
299.416
299.416
299.416
299.416
299.417
299.417
299.418
299.418
299.419
299.42
299.421
299.423
299.424
299.426
299.427
299.429
299.432
299.434
299.437
299.441
299.445
299.451
299.458
299.467
299.479
299.496
299.518
299.549
299.591
299.647
299.723
299.821
299.949
300.11
300.307
300.537
300.793
301.063
298.889
298.968
299.045
299.119
299.19
299.257
299.319
299.375
299.426
299.471
299.51
299.544
299.572
299.596
299.615
299.629
299.64
299.648
299.652
299.654
299.654
299.652
299.648
299.642
299.636
299.628
299.62
299.612
299.603
299.593
299.584
299.575
299.566
299.557
299.548
299.539
299.531
299.523
299.515
299.508
299.501
299.494
299.488
299.482
299.477
299.471
299.466
299.462
299.457
299.453
299.449
299.446
299.443
299.44
299.437
299.435
299.433
299.431
299.429
299.428
299.427
299.426
299.425
299.425
299.424
299.424
299.424
299.425
299.425
299.426
299.426
299.427
299.428
299.429
299.431
299.432
299.434
299.436
299.438
299.44
299.443
299.447
299.451
299.456
299.463
299.472
299.484
299.501
299.524
299.555
299.598
299.655
299.731
299.832
299.96
300.122
300.318
300.546
300.799
301.065
298.892
298.974
299.056
299.134
299.209
299.279
299.344
299.404
299.457
299.504
299.545
299.58
299.609
299.633
299.652
299.667
299.677
299.685
299.689
299.69
299.69
299.687
299.682
299.676
299.669
299.661
299.652
299.643
299.633
299.623
299.613
299.603
299.593
299.583
299.574
299.564
299.555
299.546
299.538
299.53
299.522
299.515
299.508
299.501
299.495
299.489
299.483
299.478
299.473
299.468
299.464
299.46
299.456
299.453
299.45
299.447
299.444
299.442
299.44
299.438
299.437
299.436
299.435
299.434
299.433
299.433
299.433
299.433
299.433
299.434
299.434
299.435
299.436
299.437
299.438
299.439
299.441
299.443
299.445
299.447
299.45
299.453
299.457
299.462
299.469
299.478
299.49
299.507
299.53
299.562
299.605
299.663
299.74
299.842
299.972
300.134
300.329
300.556
300.805
301.067
298.894
298.981
299.066
299.149
299.227
299.301
299.369
299.431
299.487
299.536
299.578
299.614
299.643
299.668
299.687
299.701
299.712
299.718
299.722
299.723
299.722
299.719
299.714
299.707
299.699
299.691
299.681
299.671
299.661
299.651
299.64
299.629
299.619
299.608
299.598
299.588
299.578
299.569
299.559
299.551
299.542
299.534
299.527
299.519
299.512
299.506
299.499
299.494
299.488
299.483
299.478
299.474
299.469
299.466
299.462
299.459
299.456
299.453
299.451
299.449
299.447
299.446
299.445
299.444
299.443
299.442
299.442
299.442
299.442
299.442
299.443
299.443
299.444
299.445
299.446
299.447
299.449
299.45
299.452
299.454
299.457
299.46
299.464
299.469
299.475
299.484
299.497
299.513
299.537
299.569
299.613
299.671
299.75
299.852
299.983
300.145
300.34
300.564
300.811
301.069
298.896
298.987
299.077
299.163
299.245
299.322
299.394
299.458
299.516
299.566
299.609
299.646
299.676
299.7
299.719
299.733
299.743
299.749
299.752
299.752
299.751
299.747
299.741
299.734
299.726
299.717
299.707
299.697
299.686
299.675
299.664
299.653
299.642
299.631
299.62
299.61
299.599
299.589
299.58
299.57
299.561
299.553
299.545
299.537
299.529
299.522
299.516
299.509
299.503
299.498
299.492
299.487
299.483
299.479
299.475
299.471
299.468
299.465
299.463
299.46
299.458
299.457
299.455
299.454
299.453
299.452
299.452
299.451
299.451
299.451
299.452
299.452
299.453
299.454
299.455
299.456
299.457
299.458
299.46
299.462
299.464
299.467
299.471
299.476
299.482
299.491
299.503
299.52
299.544
299.576
299.62
299.68
299.759
299.862
299.994
300.156
300.35
300.573
300.816
301.071
298.898
298.993
299.087
299.177
299.263
299.343
299.417
299.484
299.543
299.595
299.639
299.676
299.706
299.73
299.749
299.762
299.771
299.777
299.779
299.778
299.776
299.771
299.765
299.757
299.749
299.739
299.729
299.718
299.707
299.696
299.685
299.674
299.662
299.651
299.64
299.629
299.619
299.608
299.598
299.589
299.579
299.57
299.562
299.554
299.546
299.538
299.531
299.524
299.518
299.512
299.506
299.501
299.496
299.492
299.488
299.484
299.48
299.477
299.474
299.472
299.469
299.468
299.466
299.464
299.463
299.462
299.462
299.461
299.461
299.461
299.461
299.462
299.462
299.463
299.464
299.464
299.466
299.467
299.468
299.47
299.472
299.475
299.479
299.483
299.49
299.498
299.511
299.528
299.551
299.584
299.629
299.689
299.769
299.873
300.004
300.167
300.36
300.581
300.822
301.073
298.9
298.999
299.096
299.19
299.279
299.363
299.439
299.509
299.57
299.623
299.668
299.705
299.735
299.758
299.776
299.789
299.797
299.801
299.802
299.801
299.798
299.792
299.785
299.777
299.768
299.758
299.748
299.737
299.726
299.715
299.703
299.692
299.68
299.669
299.658
299.647
299.636
299.625
299.615
299.605
299.596
299.587
299.578
299.569
299.561
299.553
299.546
299.539
299.532
299.526
299.52
299.515
299.51
299.505
299.5
299.496
299.493
299.489
299.486
299.483
299.481
299.479
299.477
299.475
299.474
299.473
299.472
299.472
299.471
299.471
299.471
299.471
299.472
299.472
299.473
299.474
299.475
299.476
299.477
299.479
299.481
299.484
299.487
299.491
299.498
299.506
299.518
299.535
299.559
299.592
299.637
299.698
299.778
299.883
300.015
300.177
300.37
300.589
300.827
301.075
298.902
299.005
299.106
299.203
299.296
299.382
299.461
299.532
299.595
299.649
299.694
299.731
299.761
299.784
299.801
299.812
299.819
299.823
299.823
299.821
299.816
299.81
299.803
299.794
299.785
299.774
299.764
299.753
299.741
299.73
299.718
299.707
299.696
299.684
299.673
299.662
299.651
299.641
299.63
299.62
299.611
299.601
299.592
299.584
299.575
299.568
299.56
299.553
299.546
299.54
299.534
299.528
299.523
299.518
299.513
299.509
299.505
299.501
299.498
299.495
299.493
299.49
299.488
299.487
299.485
299.484
299.483
299.482
299.482
299.482
299.482
299.482
299.482
299.482
299.483
299.484
299.484
299.485
299.487
299.488
299.49
299.492
299.495
299.5
299.506
299.514
299.526
299.544
299.567
299.601
299.646
299.707
299.788
299.893
300.025
300.187
300.379
300.596
300.832
301.076
298.903
299.01
299.115
299.215
299.311
299.4
299.482
299.555
299.619
299.673
299.719
299.756
299.785
299.807
299.823
299.833
299.839
299.842
299.841
299.837
299.832
299.825
299.817
299.808
299.798
299.788
299.777
299.766
299.754
299.743
299.731
299.72
299.709
299.697
299.686
299.675
299.665
299.654
299.644
299.634
299.624
299.615
299.606
299.597
299.589
299.581
299.573
299.566
299.559
299.553
299.546
299.541
299.535
299.53
299.525
299.521
299.517
299.513
299.51
299.507
299.504
299.502
299.5
299.498
299.497
299.495
299.494
299.493
299.493
299.493
299.492
299.492
299.492
299.493
299.493
299.494
299.494
299.495
299.496
299.497
299.499
299.501
299.504
299.509
299.514
299.523
299.535
299.552
299.576
299.609
299.655
299.717
299.798
299.903
300.036
300.198
300.388
300.603
300.836
301.078
298.905
299.015
299.123
299.227
299.326
299.418
299.502
299.576
299.641
299.697
299.742
299.779
299.807
299.828
299.843
299.852
299.857
299.858
299.856
299.851
299.845
299.837
299.829
299.819
299.809
299.798
299.787
299.776
299.765
299.754
299.742
299.731
299.72
299.709
299.698
299.687
299.676
299.666
299.656
299.646
299.636
299.627
299.618
299.61
299.601
299.593
299.586
299.578
299.572
299.565
299.559
299.553
299.547
299.542
299.538
299.533
299.529
299.525
299.522
299.519
299.516
299.514
299.512
299.51
299.508
299.507
299.506
299.505
299.504
299.504
299.503
299.503
299.503
299.503
299.504
299.504
299.505
299.505
299.506
299.507
299.509
299.511
299.514
299.518
299.523
299.532
299.544
299.561
299.585
299.619
299.664
299.726
299.808
299.914
300.046
300.208
300.397
300.61
300.841
301.08
298.907
299.02
299.131
299.239
299.34
299.435
299.52
299.597
299.663
299.718
299.764
299.8
299.828
299.848
299.861
299.869
299.872
299.872
299.868
299.863
299.856
299.848
299.838
299.828
299.818
299.807
299.796
299.785
299.774
299.763
299.751
299.74
299.729
299.718
299.707
299.697
299.687
299.676
299.666
299.657
299.647
299.638
299.63
299.621
299.613
299.605
299.597
299.59
299.583
299.577
299.571
299.565
299.56
299.554
299.55
299.545
299.541
299.537
299.534
299.531
299.528
299.526
299.524
299.522
299.52
299.519
299.517
299.517
299.516
299.515
299.515
299.515
299.515
299.515
299.515
299.515
299.515
299.516
299.516
299.517
299.519
299.52
299.523
299.527
299.533
299.541
299.553
299.57
299.594
299.628
299.674
299.736
299.818
299.924
300.057
300.217
300.406
300.617
300.845
301.081
298.909
299.025
299.139
299.25
299.354
299.451
299.538
299.616
299.683
299.739
299.784
299.82
299.846
299.865
299.877
299.883
299.885
299.884
299.879
299.873
299.865
299.856
299.846
299.836
299.825
299.814
299.803
299.792
299.781
299.77
299.759
299.748
299.737
299.727
299.716
299.706
299.696
299.686
299.676
299.667
299.658
299.649
299.64
299.632
299.624
299.616
299.609
299.602
299.595
299.588
299.582
299.577
299.571
299.566
299.562
299.557
299.553
299.55
299.546
299.543
299.54
299.538
299.536
299.534
299.532
299.531
299.529
299.528
299.528
299.527
299.527
299.526
299.526
299.526
299.526
299.526
299.526
299.527
299.527
299.528
299.529
299.53
299.533
299.537
299.542
299.55
299.562
299.579
299.604
299.638
299.684
299.747
299.829
299.935
300.067
300.227
300.414
300.624
300.849
301.083
298.91
299.03
299.147
299.26
299.367
299.466
299.555
299.634
299.701
299.757
299.803
299.837
299.863
299.88
299.891
299.896
299.897
299.894
299.888
299.881
299.873
299.863
299.853
299.842
299.832
299.821
299.81
299.798
299.787
299.777
299.766
299.755
299.744
299.734
299.724
299.714
299.704
299.694
299.685
299.676
299.667
299.658
299.65
299.642
299.634
299.627
299.619
299.613
299.606
299.6
299.594
299.588
299.583
299.578
299.574
299.569
299.565
299.562
299.558
299.555
299.553
299.55
299.548
299.546
299.544
299.543
299.542
299.541
299.54
299.539
299.539
299.538
299.538
299.538
299.537
299.537
299.537
299.538
299.538
299.538
299.539
299.541
299.543
299.547
299.552
299.56
299.572
299.589
299.613
299.647
299.694
299.757
299.839
299.945
300.077
300.237
300.423
300.63
300.853
301.084
298.911
299.034
299.154
299.27
299.379
299.48
299.571
299.651
299.719
299.775
299.82
299.854
299.878
299.894
299.904
299.907
299.907
299.903
299.896
299.888
299.879
299.869
299.859
299.848
299.837
299.826
299.815
299.804
299.793
299.782
299.772
299.761
299.751
299.741
299.731
299.721
299.712
299.702
299.693
299.685
299.676
299.668
299.659
299.652
299.644
299.637
299.63
299.623
299.617
299.611
299.605
299.6
299.595
299.59
299.586
299.581
299.578
299.574
299.571
299.568
299.565
299.563
299.561
299.559
299.557
299.556
299.554
299.553
299.552
299.552
299.551
299.55
299.55
299.55
299.549
299.549
299.549
299.549
299.549
299.549
299.55
299.551
299.553
299.557
299.562
299.57
299.582
299.599
299.623
299.658
299.704
299.767
299.85
299.956
300.088
300.247
300.431
300.637
300.858
301.085
298.913
299.038
299.161
299.279
299.391
299.494
299.586
299.667
299.735
299.791
299.836
299.869
299.892
299.907
299.915
299.918
299.916
299.911
299.904
299.895
299.885
299.875
299.864
299.853
299.842
299.831
299.82
299.809
299.799
299.788
299.778
299.768
299.758
299.748
299.738
299.729
299.719
299.71
299.702
299.693
299.685
299.677
299.669
299.661
299.654
299.647
299.64
299.634
299.628
299.622
299.617
299.611
299.607
299.602
299.598
299.594
299.59
299.587
299.583
299.581
299.578
299.576
299.574
299.572
299.57
299.569
299.567
299.566
299.565
299.564
299.564
299.563
299.562
299.562
299.561
299.561
299.561
299.56
299.56
299.56
299.561
299.562
299.564
299.567
299.572
299.58
299.592
299.609
299.634
299.668
299.715
299.778
299.861
299.967
300.098
300.256
300.439
300.643
300.862
301.087
298.914
299.042
299.167
299.288
299.402
299.506
299.6
299.682
299.75
299.806
299.85
299.883
299.905
299.919
299.926
299.927
299.924
299.918
299.91
299.901
299.891
299.88
299.869
299.858
299.847
299.836
299.825
299.814
299.804
299.794
299.784
299.774
299.764
299.754
299.745
299.736
299.727
299.719
299.71
299.702
299.694
299.686
299.679
299.671
299.664
299.658
299.651
299.645
299.639
299.634
299.628
299.623
299.619
299.614
299.61
299.606
299.603
299.599
299.596
299.594
299.591
299.589
299.587
299.585
299.583
299.582
299.58
299.579
299.578
299.577
299.576
299.576
299.575
299.574
299.574
299.573
299.573
299.572
299.572
299.572
299.572
299.573
299.575
299.578
299.583
299.59
299.602
299.619
299.644
299.678
299.726
299.789
299.872
299.978
300.109
300.266
300.448
300.65
300.866
301.088
298.915
299.046
299.173
299.296
299.412
299.518
299.613
299.696
299.765
299.821
299.864
299.896
299.917
299.93
299.935
299.936
299.932
299.925
299.917
299.907
299.897
299.886
299.874
299.863
299.852
299.841
299.83
299.82
299.81
299.799
299.79
299.78
299.771
299.761
299.752
299.744
299.735
299.727
299.719
299.711
299.703
299.696
299.688
299.682
299.675
299.668
299.662
299.656
299.651
299.645
299.64
299.635
299.631
299.627
299.623
299.619
299.616
299.613
299.61
299.607
299.605
299.602
299.6
299.598
299.597
299.595
299.594
299.593
299.592
299.591
299.59
299.589
299.588
299.587
299.586
299.586
299.585
299.584
299.584
299.583
299.583
299.584
299.585
299.588
299.593
299.601
299.613
299.63
299.655
299.689
299.737
299.8
299.883
299.988
300.119
300.275
300.456
300.656
300.87
301.089
298.917
299.049
299.179
299.304
299.422
299.529
299.626
299.709
299.778
299.834
299.877
299.907
299.928
299.94
299.944
299.944
299.94
299.933
299.924
299.913
299.903
299.891
299.88
299.869
299.858
299.847
299.836
299.826
299.816
299.806
299.796
299.787
299.778
299.769
299.76
299.752
299.744
299.736
299.728
299.72
299.713
299.706
299.699
299.692
299.686
299.68
299.674
299.668
299.663
299.658
299.653
299.648
299.644
299.64
299.636
299.632
299.629
299.626
299.623
299.621
299.618
299.616
299.614
299.612
299.611
299.609
299.608
299.607
299.605
299.604
299.603
299.602
299.601
299.6
299.599
299.598
299.597
299.596
299.596
299.595
299.595
299.595
299.597
299.599
299.604
299.612
299.623
299.641
299.665
299.7
299.748
299.811
299.894
299.999
300.13
300.285
300.464
300.662
300.874
301.091
298.918
299.052
299.184
299.311
299.431
299.54
299.637
299.721
299.79
299.846
299.889
299.919
299.938
299.949
299.953
299.952
299.947
299.94
299.93
299.92
299.909
299.897
299.886
299.875
299.864
299.853
299.842
299.832
299.822
299.813
299.803
299.794
299.786
299.777
299.769
299.761
299.753
299.745
299.738
299.73
299.723
299.716
299.71
299.704
299.697
299.692
299.686
299.68
299.675
299.67
299.666
299.661
299.657
299.653
299.65
299.646
299.643
299.64
299.637
299.635
299.633
299.631
299.629
299.627
299.625
299.624
299.622
299.621
299.62
299.618
299.617
299.616
299.615
299.614
299.612
299.611
299.61
299.609
299.608
299.607
299.607
299.607
299.608
299.611
299.615
299.623
299.634
299.652
299.676
299.711
299.759
299.822
299.905
300.01
300.14
300.295
300.472
300.669
300.877
301.092
298.919
299.055
299.189
299.318
299.439
299.55
299.648
299.732
299.802
299.858
299.9
299.929
299.948
299.958
299.962
299.96
299.955
299.947
299.937
299.927
299.916
299.904
299.893
299.882
299.871
299.86
299.85
299.84
299.83
299.82
299.811
299.803
299.794
299.786
299.778
299.77
299.762
299.755
299.748
299.741
299.734
299.728
299.722
299.715
299.71
299.704
299.699
299.693
299.689
299.684
299.679
299.675
299.671
299.667
299.664
299.661
299.658
299.655
299.652
299.65
299.647
299.645
299.643
299.642
299.64
299.638
299.637
299.635
299.634
299.633
299.631
299.63
299.629
299.627
299.626
299.624
299.623
299.622
299.62
299.619
299.619
299.619
299.62
299.622
299.626
299.634
299.645
299.663
299.688
299.722
299.77
299.834
299.917
300.022
300.151
300.304
300.48
300.675
300.881
301.093
298.92
299.058
299.194
299.325
299.448
299.559
299.658
299.743
299.813
299.869
299.91
299.939
299.957
299.967
299.97
299.968
299.963
299.955
299.945
299.934
299.923
299.911
299.9
299.889
299.878
299.868
299.857
299.848
299.838
299.829
299.82
299.812
299.804
299.796
299.788
299.78
299.773
299.766
299.759
299.753
299.746
299.74
299.734
299.728
299.723
299.717
299.712
299.707
299.702
299.698
299.694
299.69
299.686
299.682
299.679
299.676
299.673
299.67
299.667
299.665
299.663
299.661
299.659
299.657
299.655
299.653
299.652
299.65
299.649
299.647
299.646
299.644
299.643
299.641
299.64
299.638
299.636
299.635
299.633
299.632
299.631
299.631
299.631
299.634
299.638
299.645
299.657
299.674
299.699
299.734
299.782
299.845
299.928
300.033
300.161
300.314
300.488
300.681
300.885
301.095
298.921
299.061
299.199
299.331
299.455
299.568
299.668
299.754
299.824
299.879
299.92
299.948
299.967
299.976
299.979
299.977
299.971
299.963
299.953
299.942
299.931
299.919
299.908
299.897
299.886
299.876
299.866
299.856
299.847
299.838
299.83
299.822
299.814
299.806
299.799
299.791
299.785
299.778
299.771
299.765
299.759
299.753
299.747
299.742
299.736
299.731
299.726
299.721
299.717
299.713
299.709
299.705
299.701
299.697
299.694
299.691
299.688
299.685
299.683
299.681
299.678
299.676
299.674
299.672
299.671
299.669
299.667
299.665
299.664
299.662
299.661
299.659
299.657
299.656
299.654
299.652
299.65
299.648
299.646
299.645
299.644
299.643
299.643
299.645
299.65
299.657
299.668
299.685
299.71
299.745
299.793
299.857
299.939
300.044
300.172
300.323
300.496
300.687
300.889
301.096
298.921
299.064
299.203
299.337
299.463
299.577
299.677
299.763
299.834
299.889
299.929
299.958
299.976
299.985
299.988
299.986
299.98
299.971
299.961
299.951
299.939
299.928
299.917
299.906
299.895
299.885
299.875
299.866
299.857
299.849
299.84
299.832
299.825
299.817
299.81
299.803
299.797
299.79
299.784
299.778
299.772
299.767
299.761
299.756
299.751
299.746
299.741
299.736
299.732
299.728
299.724
299.72
299.717
299.713
299.71
299.707
299.704
299.702
299.699
299.697
299.694
299.692
299.69
299.688
299.686
299.685
299.683
299.681
299.679
299.678
299.676
299.674
299.672
299.67
299.668
299.666
299.664
299.662
299.66
299.658
299.656
299.655
299.656
299.657
299.661
299.668
299.68
299.697
299.722
299.757
299.805
299.868
299.951
300.055
300.182
300.332
300.504
300.693
300.892
301.097
298.922
299.066
299.207
299.343
299.47
299.585
299.686
299.773
299.843
299.898
299.939
299.967
299.985
299.994
299.997
299.995
299.989
299.98
299.971
299.96
299.949
299.937
299.926
299.916
299.905
299.895
299.886
299.877
299.868
299.86
299.852
299.844
299.837
299.83
299.823
299.816
299.81
299.804
299.798
299.792
299.786
299.781
299.776
299.771
299.766
299.761
299.757
299.752
299.748
299.744
299.74
299.737
299.733
299.73
299.727
299.724
299.721
299.718
299.716
299.713
299.711
299.709
299.707
299.705
299.703
299.701
299.699
299.697
299.695
299.693
299.691
299.689
299.687
299.685
299.683
299.681
299.678
299.676
299.673
299.671
299.669
299.668
299.668
299.67
299.673
299.68
299.692
299.709
299.734
299.769
299.816
299.88
299.962
300.066
300.192
300.342
300.512
300.699
300.896
301.098
298.923
299.069
299.211
299.348
299.476
299.593
299.695
299.782
299.852
299.907
299.948
299.976
299.994
300.003
300.006
300.004
299.998
299.99
299.98
299.97
299.959
299.948
299.937
299.926
299.916
299.906
299.897
299.888
299.88
299.871
299.864
299.856
299.849
299.843
299.836
299.83
299.824
299.818
299.812
299.807
299.801
299.796
299.791
299.786
299.781
299.777
299.773
299.768
299.764
299.761
299.757
299.753
299.75
299.747
299.744
299.741
299.738
299.735
299.733
299.73
299.728
299.726
299.724
299.721
299.719
299.717
299.715
299.713
299.711
299.709
299.707
299.705
299.703
299.7
299.698
299.695
299.693
299.69
299.687
299.685
299.683
299.681
299.681
299.682
299.686
299.692
299.703
299.72
299.745
299.78
299.828
299.892
299.974
300.077
300.203
300.351
300.52
300.704
300.9
301.1
298.924
299.071
299.215
299.354
299.483
299.6
299.703
299.79
299.861
299.916
299.957
299.985
300.003
300.013
300.016
300.014
300.008
300
299.99
299.98
299.969
299.958
299.947
299.937
299.927
299.918
299.909
299.9
299.892
299.884
299.877
299.87
299.863
299.856
299.85
299.844
299.838
299.833
299.827
299.822
299.817
299.812
299.807
299.802
299.798
299.793
299.789
299.785
299.781
299.778
299.774
299.771
299.767
299.764
299.761
299.758
299.755
299.753
299.75
299.748
299.745
299.743
299.741
299.739
299.736
299.734
299.732
299.73
299.728
299.726
299.723
299.721
299.719
299.716
299.713
299.71
299.707
299.704
299.701
299.699
299.696
299.694
299.694
299.695
299.698
299.704
299.715
299.732
299.757
299.792
299.84
299.903
299.985
300.088
300.213
300.36
300.527
300.71
300.903
301.101
298.925
299.073
299.219
299.359
299.489
299.608
299.711
299.799
299.87
299.925
299.966
299.995
300.013
300.023
300.026
300.024
300.018
300.01
300.001
299.991
299.98
299.969
299.959
299.949
299.939
299.93
299.921
299.913
299.905
299.897
299.89
299.883
299.877
299.871
299.865
299.859
299.853
299.848
299.843
299.838
299.833
299.828
299.823
299.819
299.815
299.81
299.806
299.803
299.799
299.795
299.792
299.788
299.785
299.782
299.779
299.776
299.773
299.77
299.768
299.765
299.763
299.761
299.758
299.756
299.754
299.752
299.749
299.747
299.745
299.742
299.74
299.737
299.735
299.732
299.729
299.726
299.722
299.719
299.716
299.713
299.71
299.708
299.707
299.708
299.711
299.717
299.727
299.744
299.769
299.804
299.852
299.915
299.997
300.099
300.223
300.369
300.535
300.716
300.907
301.102
298.925
299.076
299.223
299.364
299.496
299.615
299.719
299.807
299.878
299.934
299.975
300.004
300.022
300.032
300.036
300.034
300.029
300.021
300.012
300.002
299.992
299.981
299.971
299.961
299.952
299.943
299.934
299.926
299.918
299.911
299.904
299.898
299.892
299.886
299.88
299.874
299.869
299.864
299.859
299.854
299.849
299.845
299.84
299.836
299.832
299.828
299.824
299.82
299.817
299.813
299.81
299.806
299.803
299.8
299.797
299.794
299.791
299.789
299.786
299.783
299.781
299.779
299.776
299.774
299.771
299.769
299.767
299.764
299.762
299.759
299.757
299.754
299.751
299.748
299.745
299.741
299.738
299.734
299.73
299.727
299.724
299.722
299.72
299.721
299.723
299.729
299.74
299.756
299.781
299.816
299.863
299.927
300.008
300.11
300.233
300.378
300.542
300.721
300.91
301.103
298.926
299.078
299.227
299.369
299.502
299.622
299.727
299.815
299.887
299.943
299.984
300.014
300.032
300.042
300.046
300.045
300.04
300.032
300.024
300.014
300.004
299.994
299.984
299.974
299.965
299.956
299.948
299.94
299.933
299.926
299.919
299.913
299.907
299.901
299.896
299.89
299.885
299.88
299.875
299.871
299.866
299.862
299.858
299.854
299.85
299.846
299.842
299.838
299.835
299.831
299.828
299.825
299.821
299.818
299.815
299.813
299.81
299.807
299.804
299.802
299.799
299.797
299.794
299.792
299.789
299.787
299.785
299.782
299.779
299.777
299.774
299.771
299.767
299.764
299.761
299.757
299.753
299.749
299.745
299.741
299.738
299.735
299.734
299.734
299.736
299.742
299.752
299.768
299.793
299.827
299.875
299.938
300.019
300.121
300.243
300.387
300.55
300.727
300.913
301.104
298.927
299.08
299.23
299.374
299.508
299.629
299.735
299.824
299.896
299.952
299.994
300.023
300.042
300.053
300.057
300.056
300.051
300.044
300.035
300.026
300.016
300.006
299.997
299.987
299.978
299.97
299.962
299.954
299.947
299.941
299.934
299.928
299.922
299.917
299.912
299.907
299.902
299.897
299.893
299.888
299.884
299.88
299.876
299.872
299.868
299.864
299.86
299.857
299.853
299.85
299.846
299.843
299.84
299.837
299.834
299.831
299.828
299.826
299.823
299.82
299.818
299.815
299.813
299.81
299.808
299.805
299.802
299.8
299.797
299.794
299.791
299.788
299.784
299.781
299.777
299.773
299.769
299.764
299.76
299.756
299.752
299.749
299.747
299.747
299.749
299.754
299.764
299.78
299.805
299.839
299.887
299.949
300.03
300.131
300.253
300.396
300.557
300.732
300.917
301.105
298.928
299.082
299.234
299.379
299.514
299.637
299.743
299.832
299.905
299.961
300.003
300.033
300.052
300.063
300.067
300.067
300.063
300.056
300.048
300.039
300.029
300.02
300.01
300.001
299.992
299.984
299.976
299.969
299.962
299.956
299.95
299.944
299.939
299.933
299.928
299.923
299.919
299.914
299.91
299.906
299.902
299.898
299.894
299.89
299.886
299.882
299.879
299.875
299.872
299.869
299.865
299.862
299.859
299.856
299.853
299.85
299.847
299.845
299.842
299.839
299.836
299.834
299.831
299.829
299.826
299.823
299.82
299.818
299.815
299.811
299.808
299.805
299.801
299.797
299.793
299.789
299.784
299.78
299.775
299.771
299.767
299.763
299.761
299.76
299.762
299.767
299.777
299.793
299.817
299.851
299.898
299.961
300.041
300.142
300.263
300.404
300.564
300.738
300.92
301.106
298.929
299.085
299.238
299.384
299.521
299.644
299.751
299.841
299.914
299.971
300.013
300.043
300.063
300.074
300.078
300.078
300.074
300.068
300.06
300.052
300.042
300.033
300.024
300.015
300.007
299.999
299.992
299.985
299.978
299.972
299.966
299.96
299.955
299.95
299.945
299.941
299.936
299.932
299.928
299.924
299.92
299.916
299.912
299.908
299.905
299.901
299.898
299.894
299.891
299.888
299.884
299.881
299.878
299.875
299.872
299.869
299.866
299.864
299.861
299.858
299.855
299.853
299.85
299.847
299.844
299.842
299.839
299.836
299.832
299.829
299.826
299.822
299.818
299.814
299.81
299.805
299.8
299.796
299.791
299.786
299.781
299.777
299.775
299.774
299.775
299.78
299.789
299.805
299.829
299.863
299.91
299.972
300.052
300.152
300.272
300.413
300.571
300.743
300.923
301.107
298.929
299.087
299.242
299.389
299.527
299.651
299.759
299.849
299.923
299.98
300.023
300.053
300.073
300.085
300.09
300.09
300.087
300.081
300.073
300.065
300.056
300.047
300.038
300.03
300.022
300.014
300.007
300
299.994
299.988
299.982
299.977
299.972
299.967
299.963
299.958
299.954
299.95
299.946
299.942
299.938
299.934
299.931
299.927
299.923
299.92
299.917
299.913
299.91
299.907
299.904
299.9
299.897
299.894
299.891
299.888
299.886
299.883
299.88
299.877
299.874
299.872
299.869
299.866
299.863
299.86
299.857
299.854
299.85
299.847
299.843
299.839
299.835
299.831
299.826
299.821
299.816
299.811
299.806
299.801
299.796
299.792
299.788
299.787
299.788
299.792
299.801
299.817
299.84
299.874
299.921
299.983
300.063
300.162
300.282
300.421
300.578
300.748
300.926
301.108
298.93
299.089
299.245
299.395
299.534
299.658
299.767
299.858
299.932
299.99
300.033
300.064
300.084
300.096
300.101
300.102
300.099
300.093
300.086
300.078
300.07
300.061
300.053
300.045
300.037
300.03
300.023
300.016
300.01
300.004
299.999
299.994
299.989
299.984
299.98
299.976
299.972
299.968
299.964
299.96
299.957
299.953
299.949
299.946
299.942
299.939
299.936
299.932
299.929
299.926
299.923
299.92
299.917
299.914
299.911
299.908
299.905
299.902
299.899
299.896
299.893
299.89
299.888
299.885
299.882
299.878
299.875
299.872
299.868
299.865
299.861
299.857
299.852
299.848
299.843
299.838
299.833
299.827
299.821
299.816
299.811
299.806
299.802
299.8
299.801
299.805
299.814
299.829
299.852
299.886
299.932
299.994
300.074
300.172
300.291
300.429
300.584
300.753
300.929
301.109
298.931
299.092
299.249
299.4
299.54
299.666
299.775
299.867
299.941
300
300.043
300.074
300.095
300.107
300.113
300.114
300.111
300.106
300.1
300.092
300.084
300.076
300.068
300.06
300.052
300.045
300.039
300.033
300.027
300.021
300.016
300.011
300.007
300.002
299.998
299.994
299.99
299.986
299.982
299.979
299.975
299.972
299.968
299.965
299.962
299.958
299.955
299.952
299.949
299.946
299.942
299.939
299.936
299.933
299.93
299.927
299.924
299.921
299.918
299.915
299.912
299.909
299.906
299.903
299.9
299.897
299.894
299.89
299.886
299.883
299.879
299.874
299.87
299.865
299.86
299.854
299.849
299.843
299.837
299.831
299.825
299.82
299.816
299.814
299.814
299.818
299.826
299.841
299.864
299.897
299.944
300.005
300.084
300.182
300.3
300.437
300.591
300.757
300.932
301.11
298.932
299.094
299.253
299.405
299.547
299.674
299.784
299.876
299.951
300.01
300.053
300.085
300.106
300.119
300.125
300.126
300.124
300.12
300.113
300.106
300.099
300.091
300.083
300.075
300.068
300.061
300.055
300.049
300.043
300.038
300.033
300.029
300.024
300.02
300.016
300.012
300.008
300.005
300.001
299.998
299.994
299.991
299.987
299.984
299.981
299.978
299.974
299.971
299.968
299.965
299.962
299.959
299.956
299.953
299.95
299.947
299.944
299.941
299.938
299.935
299.932
299.928
299.925
299.922
299.919
299.915
299.912
299.908
299.904
299.9
299.896
299.892
299.887
299.882
299.876
299.871
299.865
299.859
299.852
299.846
299.84
299.834
299.83
299.827
299.827
299.83
299.838
299.853
299.875
299.909
299.955
300.016
300.094
300.192
300.309
300.445
300.597
300.762
300.935
301.111
298.932
299.097
299.257
299.411
299.554
299.682
299.793
299.886
299.961
300.02
300.064
300.096
300.117
300.13
300.137
300.139
300.137
300.133
300.127
300.121
300.113
300.106
300.098
300.091
300.084
300.078
300.072
300.066
300.061
300.055
300.051
300.046
300.042
300.038
300.034
300.03
300.027
300.023
300.02
300.016
300.013
300.01
300.007
300.003
300
299.997
299.994
299.991
299.988
299.985
299.982
299.978
299.975
299.972
299.969
299.966
299.963
299.96
299.957
299.954
299.951
299.947
299.944
299.941
299.937
299.934
299.93
299.926
299.922
299.918
299.914
299.909
299.904
299.899
299.893
299.887
299.881
299.874
299.868
299.861
299.854
299.849
299.844
299.841
299.84
299.843
299.85
299.864
299.887
299.92
299.965
300.026
300.104
300.201
300.318
300.452
300.603
300.767
300.938
301.112
298.933
299.099
299.262
299.417
299.561
299.69
299.802
299.895
299.971
300.03
300.075
300.107
300.129
300.142
300.149
300.152
300.15
300.147
300.141
300.135
300.128
300.121
300.114
300.107
300.1
300.094
300.088
300.083
300.078
300.073
300.068
300.064
300.06
300.056
300.052
300.049
300.045
300.042
300.039
300.035
300.032
300.029
300.026
300.023
300.02
300.017
300.014
300.01
300.007
300.004
300.001
299.998
299.995
299.992
299.989
299.986
299.982
299.979
299.976
299.973
299.97
299.966
299.963
299.959
299.956
299.952
299.948
299.944
299.94
299.936
299.931
299.926
299.921
299.916
299.91
299.903
299.897
299.89
299.883
299.876
299.869
299.863
299.857
299.854
299.853
299.855
299.862
299.876
299.898
299.931
299.976
300.037
300.114
300.211
300.326
300.46
300.609
300.771
300.94
301.113
298.934
299.102
299.266
299.423
299.568
299.698
299.811
299.905
299.981
300.041
300.086
300.118
300.14
300.154
300.162
300.164
300.164
300.16
300.155
300.149
300.143
300.136
300.13
300.123
300.117
300.111
300.105
300.1
300.095
300.091
300.086
300.082
300.078
300.074
300.071
300.067
300.064
300.061
300.058
300.055
300.051
300.048
300.045
300.042
300.039
300.036
300.033
300.03
300.027
300.024
300.021
300.018
300.015
300.011
300.008
300.005
300.002
299.999
299.995
299.992
299.989
299.985
299.982
299.978
299.974
299.971
299.967
299.962
299.958
299.954
299.949
299.944
299.938
299.932
299.926
299.92
299.913
299.906
299.898
299.891
299.883
299.877
299.871
299.867
299.865
299.867
299.874
299.888
299.909
299.942
299.987
300.047
300.124
300.22
300.334
300.467
300.615
300.775
300.943
301.114
298.935
299.105
299.27
299.429
299.576
299.707
299.82
299.915
299.992
300.052
300.097
300.13
300.152
300.166
300.174
300.177
300.177
300.174
300.17
300.164
300.158
300.152
300.145
300.139
300.133
300.128
300.122
300.117
300.113
300.108
300.104
300.1
300.096
300.093
300.089
300.086
300.083
300.08
300.077
300.074
300.071
300.068
300.065
300.062
300.059
300.056
300.053
300.05
300.047
300.044
300.04
300.037
300.034
300.031
300.028
300.024
300.021
300.018
300.014
300.011
300.007
300.004
300
299.997
299.993
299.989
299.985
299.98
299.976
299.971
299.966
299.961
299.955
299.949
299.943
299.936
299.929
299.921
299.913
299.905
299.898
299.891
299.884
299.88
299.878
299.879
299.886
299.899
299.92
299.952
299.997
300.057
300.134
300.229
300.343
300.474
300.621
300.78
300.945
301.115
298.936
299.107
299.275
299.435
299.583
299.716
299.83
299.925
300.003
300.063
300.108
300.141
300.164
300.179
300.187
300.19
300.19
300.188
300.184
300.179
300.173
300.167
300.161
300.155
300.15
300.144
300.139
300.135
300.13
300.126
300.122
300.118
300.115
300.111
300.108
300.105
300.102
300.099
300.096
300.093
300.09
300.087
300.084
300.081
300.078
300.075
300.072
300.069
300.066
300.063
300.06
300.057
300.054
300.05
300.047
300.044
300.04
300.037
300.033
300.03
300.026
300.023
300.019
300.015
300.011
300.007
300.003
299.998
299.993
299.988
299.983
299.978
299.972
299.965
299.959
299.952
299.944
299.936
299.928
299.92
299.912
299.904
299.898
299.893
299.89
299.892
299.898
299.91
299.931
299.963
300.007
300.067
300.143
300.237
300.35
300.481
300.627
300.784
300.948
301.116
298.937
299.11
299.28
299.441
299.591
299.725
299.84
299.936
300.013
300.074
300.12
300.153
300.176
300.191
300.2
300.204
300.204
300.202
300.198
300.194
300.188
300.183
300.177
300.172
300.166
300.161
300.157
300.152
300.148
300.144
300.14
300.137
300.133
300.13
300.127
300.124
300.121
300.118
300.115
300.112
300.109
300.107
300.104
300.101
300.098
300.095
300.092
300.089
300.086
300.083
300.079
300.076
300.073
300.07
300.066
300.063
300.059
300.056
300.052
300.049
300.045
300.041
300.037
300.033
300.029
300.025
300.02
300.016
300.011
300.006
300
299.994
299.988
299.982
299.975
299.967
299.959
299.951
299.943
299.934
299.926
299.918
299.911
299.906
299.903
299.903
299.909
299.921
299.942
299.973
300.017
300.076
300.152
300.246
300.358
300.488
300.632
300.788
300.95
301.117
298.938
299.113
299.284
299.448
299.599
299.734
299.85
299.946
300.024
300.085
300.131
300.165
300.188
300.203
300.212
300.217
300.218
300.216
300.213
300.209
300.204
300.198
300.193
300.188
300.183
300.178
300.174
300.169
300.165
300.162
300.158
300.155
300.152
300.148
300.146
300.143
300.14
300.137
300.134
300.132
300.129
300.126
300.123
300.12
300.117
300.114
300.111
300.108
300.105
300.102
300.099
300.096
300.092
300.089
300.086
300.082
300.078
300.075
300.071
300.067
300.063
300.06
300.055
300.051
300.047
300.042
300.038
300.033
300.028
300.022
300.017
300.011
300.004
299.998
299.99
299.983
299.975
299.966
299.957
299.948
299.94
299.931
299.924
299.918
299.915
299.915
299.92
299.932
299.952
299.983
300.027
300.086
300.161
300.254
300.366
300.494
300.638
300.792
300.953
301.117
298.939
299.116
299.289
299.455
299.607
299.743
299.86
299.957
300.036
300.097
300.143
300.177
300.2
300.216
300.225
300.23
300.231
300.23
300.227
300.223
300.219
300.214
300.209
300.204
300.2
300.195
300.191
300.187
300.183
300.18
300.176
300.173
300.17
300.167
300.164
300.161
300.159
300.156
300.153
300.151
300.148
300.145
300.143
300.14
300.137
300.134
300.131
300.128
300.125
300.122
300.118
300.115
300.112
300.108
300.105
300.101
300.097
300.094
300.09
300.086
300.082
300.078
300.074
300.069
300.065
300.06
300.055
300.05
300.045
300.039
300.033
300.027
300.02
300.013
300.006
299.998
299.989
299.981
299.972
299.962
299.953
299.944
299.937
299.931
299.927
299.927
299.931
299.943
299.963
299.993
300.037
300.095
300.17
300.263
300.373
300.501
300.643
300.796
300.955
301.118
298.94
299.119
299.294
299.461
299.616
299.753
299.87
299.968
300.047
300.108
300.155
300.189
300.213
300.229
300.238
300.243
300.245
300.244
300.242
300.238
300.234
300.23
300.225
300.221
300.216
300.212
300.208
300.204
300.201
300.197
300.194
300.191
300.188
300.185
300.183
300.18
300.178
300.175
300.172
300.17
300.167
300.165
300.162
300.159
300.156
300.153
300.15
300.147
300.144
300.141
300.138
300.134
300.131
300.127
300.124
300.12
300.116
300.112
300.108
300.104
300.1
300.096
300.091
300.087
300.082
300.077
300.072
300.067
300.061
300.056
300.049
300.043
300.036
300.029
300.021
300.013
300.004
299.995
299.986
299.976
299.966
299.957
299.949
299.943
299.938
299.938
299.942
299.953
299.973
300.003
300.046
300.104
300.179
300.271
300.381
300.507
300.648
300.799
300.957
301.119
298.941
299.122
299.299
299.468
299.624
299.762
299.881
299.979
300.058
300.12
300.167
300.201
300.225
300.241
300.251
300.256
300.258
300.258
300.256
300.253
300.249
300.245
300.241
300.237
300.233
300.229
300.225
300.221
300.218
300.215
300.212
300.209
300.206
300.204
300.201
300.199
300.196
300.194
300.191
300.189
300.186
300.184
300.181
300.178
300.175
300.173
300.17
300.166
300.163
300.16
300.157
300.153
300.15
300.146
300.142
300.139
300.135
300.131
300.127
300.122
300.118
300.114
300.109
300.104
300.099
300.094
300.089
300.083
300.078
300.072
300.065
300.058
300.051
300.044
300.036
300.027
300.018
300.009
299.999
299.989
299.979
299.97
299.961
299.954
299.95
299.949
299.953
299.964
299.983
300.013
300.056
300.113
300.187
300.279
300.388
300.514
300.653
300.803
300.96
301.12
298.942
299.125
299.305
299.476
299.633
299.772
299.891
299.99
300.07
300.132
300.179
300.213
300.237
300.254
300.264
300.27
300.272
300.272
300.27
300.268
300.264
300.26
300.257
300.253
300.249
300.245
300.242
300.239
300.236
300.233
300.23
300.227
300.225
300.222
300.22
300.217
300.215
300.213
300.21
300.208
300.205
300.203
300.2
300.197
300.194
300.192
300.189
300.186
300.182
300.179
300.176
300.172
300.169
300.165
300.161
300.157
300.153
300.149
300.145
300.14
300.136
300.131
300.126
300.121
300.116
300.111
300.105
300.1
300.094
300.087
300.081
300.074
300.066
300.058
300.05
300.041
300.032
300.022
300.012
300.002
299.992
299.982
299.973
299.966
299.961
299.96
299.963
299.974
299.993
300.022
300.065
300.122
300.196
300.287
300.395
300.52
300.658
300.807
300.962
301.12
298.943
299.129
299.31
299.483
299.642
299.782
299.902
300.002
300.082
300.144
300.191
300.225
300.25
300.266
300.277
300.283
300.285
300.286
300.284
300.282
300.279
300.276
300.272
300.269
300.265
300.262
300.259
300.256
300.253
300.25
300.247
300.245
300.243
300.24
300.238
300.236
300.233
300.231
300.229
300.226
300.224
300.221
300.219
300.216
300.213
300.211
300.208
300.204
300.201
300.198
300.194
300.191
300.187
300.183
300.179
300.175
300.171
300.167
300.162
300.158
300.153
300.148
300.143
300.138
300.133
300.127
300.121
300.115
300.109
300.103
300.096
300.088
300.081
300.073
300.064
300.055
300.045
300.035
300.025
300.015
300.004
299.994
299.985
299.977
299.972
299.97
299.974
299.984
300.002
300.032
300.074
300.131
300.204
300.295
300.402
300.526
300.663
300.811
300.964
301.121
298.944
299.132
299.316
299.49
299.65
299.792
299.913
300.013
300.093
300.156
300.203
300.238
300.262
300.279
300.29
300.296
300.299
300.299
300.299
300.297
300.294
300.291
300.288
300.284
300.281
300.278
300.275
300.272
300.27
300.267
300.265
300.263
300.26
300.258
300.256
300.254
300.252
300.249
300.247
300.245
300.243
300.24
300.238
300.235
300.232
300.229
300.226
300.223
300.22
300.216
300.213
300.209
300.206
300.202
300.198
300.193
300.189
300.185
300.18
300.175
300.17
300.165
300.16
300.154
300.149
300.143
300.137
300.131
300.124
300.117
300.11
300.103
300.095
300.086
300.077
300.068
300.058
300.048
300.038
300.027
300.016
300.006
299.996
299.988
299.983
299.981
299.984
299.994
300.012
300.041
300.083
300.14
300.213
300.303
300.41
300.533
300.669
300.814
300.967
301.122
298.945
299.135
299.321
299.498
299.66
299.802
299.924
300.025
300.105
300.168
300.215
300.25
300.274
300.291
300.302
300.309
300.312
300.313
300.312
300.311
300.308
300.306
300.303
300.3
300.297
300.294
300.291
300.289
300.286
300.284
300.282
300.28
300.278
300.276
300.274
300.272
300.27
300.268
300.265
300.263
300.261
300.258
300.256
300.253
300.251
300.248
300.245
300.241
300.238
300.235
300.231
300.227
300.224
300.219
300.215
300.211
300.206
300.202
300.197
300.192
300.187
300.182
300.176
300.17
300.165
300.158
300.152
300.146
300.139
300.132
300.124
300.116
300.108
300.099
300.09
300.081
300.071
300.06
300.049
300.038
300.027
300.017
300.007
299.999
299.993
299.991
299.994
300.003
300.021
300.05
300.092
300.148
300.221
300.311
300.417
300.539
300.674
300.818
300.969
301.123
298.947
299.139
299.327
299.505
299.669
299.813
299.935
300.036
300.117
300.18
300.227
300.262
300.287
300.304
300.315
300.322
300.325
300.326
300.326
300.325
300.323
300.32
300.318
300.315
300.312
300.31
300.308
300.305
300.303
300.301
300.299
300.297
300.295
300.293
300.291
300.289
300.287
300.285
300.283
300.281
300.279
300.276
300.274
300.271
300.269
300.266
300.263
300.259
300.256
300.253
300.249
300.245
300.241
300.237
300.233
300.228
300.223
300.219
300.214
300.208
300.203
300.197
300.192
300.186
300.18
300.173
300.167
300.16
300.153
300.145
300.138
300.129
300.121
300.112
300.103
300.093
300.083
300.072
300.061
300.05
300.038
300.028
300.018
300.009
300.003
300.001
300.003
300.013
300.031
300.06
300.101
300.157
300.23
300.319
300.425
300.546
300.679
300.822
300.971
301.124
298.948
299.143
299.333
299.513
299.678
299.823
299.947
300.048
300.129
300.192
300.239
300.274
300.299
300.316
300.327
300.334
300.338
300.34
300.34
300.339
300.337
300.335
300.332
300.33
300.328
300.326
300.323
300.321
300.319
300.317
300.316
300.314
300.312
300.31
300.308
300.307
300.305
300.303
300.301
300.299
300.297
300.294
300.292
300.289
300.286
300.283
300.28
300.277
300.274
300.27
300.266
300.262
300.258
300.254
300.249
300.245
300.24
300.235
300.23
300.224
300.218
300.213
300.207
300.2
300.194
300.187
300.181
300.173
300.166
300.158
300.15
300.142
300.133
300.124
300.114
300.104
300.094
300.083
300.072
300.06
300.049
300.038
300.028
300.019
300.013
300.01
300.013
300.022
300.04
300.069
300.11
300.166
300.238
300.327
300.433
300.552
300.685
300.826
300.974
301.124
298.949
299.146
299.339
299.521
299.687
299.834
299.958
300.06
300.141
300.204
300.251
300.286
300.311
300.328
300.34
300.347
300.351
300.353
300.353
300.352
300.351
300.349
300.347
300.345
300.343
300.341
300.339
300.337
300.335
300.334
300.332
300.33
300.329
300.327
300.325
300.324
300.322
300.32
300.318
300.316
300.314
300.312
300.309
300.306
300.304
300.301
300.298
300.294
300.291
300.287
300.283
300.279
300.275
300.27
300.266
300.261
300.256
300.25
300.245
300.239
300.233
300.227
300.221
300.215
300.208
300.201
300.194
300.186
300.179
300.171
300.162
300.154
300.145
300.135
300.125
300.115
300.104
300.093
300.082
300.07
300.059
300.047
300.037
300.029
300.022
300.02
300.022
300.031
300.049
300.078
300.119
300.175
300.247
300.336
300.441
300.559
300.69
300.83
300.976
301.125
298.95
299.15
299.345
299.529
299.697
299.844
299.969
300.071
300.153
300.216
300.263
300.298
300.323
300.34
300.352
300.359
300.363
300.366
300.366
300.366
300.364
300.363
300.361
300.359
300.358
300.356
300.354
300.353
300.351
300.349
300.348
300.346
300.345
300.343
300.342
300.34
300.339
300.337
300.335
300.333
300.331
300.328
300.326
300.323
300.321
300.318
300.314
300.311
300.307
300.304
300.3
300.295
300.291
300.286
300.281
300.276
300.271
300.265
300.26
300.254
300.248
300.241
300.235
300.228
300.221
300.214
300.206
300.198
300.19
300.182
300.174
300.165
300.155
300.146
300.135
300.125
300.114
300.103
300.091
300.079
300.068
300.057
300.046
300.038
300.031
300.029
300.031
300.041
300.059
300.087
300.129
300.185
300.257
300.345
300.449
300.567
300.696
300.835
300.979
301.126
298.951
299.154
299.351
299.537
299.706
299.855
299.98
300.083
300.165
300.228
300.275
300.31
300.335
300.352
300.364
300.371
300.376
300.378
300.379
300.379
300.378
300.377
300.375
300.374
300.372
300.371
300.369
300.368
300.366
300.365
300.363
300.362
300.361
300.359
300.358
300.356
300.355
300.353
300.351
300.349
300.347
300.345
300.343
300.34
300.337
300.334
300.331
300.327
300.323
300.319
300.315
300.311
300.306
300.301
300.296
300.291
300.285
300.28
300.274
300.267
300.261
300.254
300.247
300.24
300.233
300.226
300.218
300.21
300.201
300.193
300.184
300.175
300.165
300.155
300.145
300.134
300.123
300.112
300.1
300.088
300.077
300.065
300.055
300.046
300.04
300.038
300.04
300.05
300.068
300.097
300.139
300.195
300.267
300.355
300.458
300.574
300.702
300.839
300.982
301.127
298.953
299.157
299.357
299.545
299.716
299.865
299.992
300.095
300.176
300.239
300.287
300.322
300.347
300.364
300.376
300.383
300.388
300.391
300.392
300.392
300.391
300.39
300.389
300.388
300.386
300.385
300.384
300.382
300.381
300.38
300.379
300.378
300.376
300.375
300.374
300.372
300.371
300.369
300.367
300.365
300.363
300.361
300.358
300.356
300.353
300.35
300.346
300.343
300.339
300.335
300.33
300.326
300.321
300.316
300.31
300.305
300.299
300.293
300.287
300.28
300.274
300.267
300.259
300.252
300.244
300.237
300.229
300.22
300.212
300.203
300.194
300.184
300.174
300.164
300.153
300.143
300.131
300.12
300.108
300.096
300.085
300.073
300.063
300.055
300.049
300.046
300.049
300.059
300.078
300.107
300.149
300.206
300.277
300.365
300.467
300.582
300.709
300.844
300.985
301.128
298.954
299.161
299.363
299.553
299.726
299.876
300.003
300.106
300.188
300.251
300.298
300.333
300.358
300.376
300.387
300.395
300.4
300.403
300.404
300.404
300.404
300.403
300.402
300.401
300.4
300.399
300.398
300.397
300.396
300.395
300.394
300.393
300.392
300.39
300.389
300.388
300.386
300.385
300.383
300.381
300.379
300.376
300.374
300.371
300.368
300.365
300.361
300.358
300.354
300.349
300.345
300.34
300.335
300.33
300.324
300.318
300.312
300.306
300.299
300.292
300.285
300.278
300.271
300.263
300.255
300.247
300.238
300.23
300.221
300.212
300.202
300.192
300.182
300.172
300.161
300.15
300.139
300.127
300.115
300.104
300.092
300.081
300.071
300.063
300.057
300.055
300.059
300.069
300.088
300.118
300.16
300.217
300.289
300.375
300.476
300.591
300.716
300.849
300.988
301.129
298.955
299.165
299.369
299.561
299.735
299.887
300.014
300.118
300.2
300.263
300.31
300.345
300.369
300.387
300.399
300.407
300.412
300.415
300.416
300.417
300.417
300.416
300.415
300.415
300.414
300.413
300.412
300.411
300.41
300.409
300.408
300.407
300.406
300.405
300.404
300.403
300.401
300.4
300.398
300.396
300.394
300.391
300.389
300.386
300.383
300.38
300.376
300.372
300.368
300.363
300.359
300.354
300.348
300.343
300.337
300.331
300.324
300.318
300.311
300.304
300.296
300.289
300.281
300.273
300.265
300.256
300.247
300.239
300.229
300.22
300.21
300.2
300.19
300.179
300.168
300.157
300.146
300.134
300.122
300.11
300.099
300.088
300.078
300.07
300.065
300.064
300.068
300.079
300.098
300.129
300.172
300.229
300.3
300.386
300.487
300.599
300.723
300.854
300.991
301.13
298.957
299.169
299.375
299.569
299.745
299.897
300.025
300.129
300.211
300.274
300.321
300.356
300.381
300.398
300.41
300.418
300.423
300.426
300.428
300.429
300.429
300.429
300.428
300.428
300.427
300.426
300.426
300.425
300.424
300.424
300.423
300.422
300.421
300.42
300.419
300.418
300.416
300.415
300.413
300.411
300.408
300.406
300.403
300.4
300.397
300.394
300.39
300.386
300.381
300.377
300.372
300.367
300.361
300.355
300.349
300.343
300.336
300.329
300.322
300.314
300.307
300.299
300.291
300.282
300.274
300.265
300.256
300.246
300.237
300.227
300.217
300.207
300.196
300.186
300.175
300.163
300.152
300.14
300.128
300.117
300.106
300.095
300.086
300.078
300.073
300.073
300.077
300.089
300.109
300.141
300.184
300.242
300.313
300.398
300.497
300.609
300.73
300.86
300.994
301.131
298.958
299.173
299.382
299.578
299.755
299.908
300.037
300.141
300.223
300.285
300.332
300.367
300.392
300.409
300.421
300.429
300.434
300.438
300.44
300.441
300.441
300.441
300.441
300.44
300.44
300.44
300.439
300.439
300.438
300.437
300.437
300.436
300.435
300.434
300.433
300.432
300.43
300.429
300.427
300.425
300.423
300.42
300.417
300.414
300.411
300.407
300.403
300.399
300.394
300.39
300.384
300.379
300.373
300.367
300.361
300.354
300.347
300.34
300.332
300.324
300.316
300.308
300.3
300.291
300.282
300.273
300.263
300.254
300.244
300.234
300.224
300.213
300.202
300.191
300.18
300.169
300.157
300.146
300.134
300.123
300.112
300.102
300.093
300.086
300.082
300.082
300.087
300.1
300.121
300.154
300.198
300.255
300.326
300.411
300.509
300.619
300.738
300.866
300.998
301.132
298.959
299.177
299.388
299.586
299.764
299.919
300.048
300.152
300.234
300.296
300.343
300.378
300.403
300.42
300.432
300.44
300.446
300.449
300.451
300.452
300.453
300.453
300.453
300.453
300.453
300.453
300.452
300.452
300.451
300.451
300.45
300.45
300.449
300.448
300.447
300.446
300.444
300.443
300.441
300.439
300.436
300.434
300.431
300.428
300.424
300.42
300.416
300.412
300.407
300.402
300.396
300.391
300.385
300.378
300.372
300.365
300.357
300.35
300.342
300.334
300.326
300.317
300.308
300.299
300.29
300.28
300.27
300.261
300.25
300.24
300.23
300.219
300.208
300.197
300.185
300.174
300.163
300.151
300.14
300.128
300.118
300.108
300.1
300.094
300.09
300.091
300.098
300.112
300.134
300.167
300.212
300.27
300.34
300.425
300.521
300.629
300.747
300.872
301.002
301.134
298.961
299.181
299.394
299.594
299.774
299.929
300.059
300.163
300.245
300.307
300.354
300.388
300.413
300.431
300.443
300.451
300.456
300.46
300.462
300.464
300.464
300.465
300.465
300.465
300.465
300.465
300.465
300.465
300.465
300.464
300.464
300.463
300.463
300.462
300.461
300.459
300.458
300.456
300.454
300.452
300.45
300.447
300.444
300.441
300.437
300.433
300.429
300.424
300.419
300.414
300.408
300.402
300.396
300.389
300.382
300.375
300.368
300.36
300.352
300.343
300.335
300.326
300.316
300.307
300.297
300.287
300.277
300.267
300.257
300.246
300.235
300.224
300.213
300.202
300.19
300.179
300.168
300.156
300.145
300.134
300.124
300.115
300.107
300.102
300.1
300.102
300.11
300.125
300.148
300.182
300.228
300.285
300.356
300.439
300.534
300.641
300.756
300.878
301.006
301.135
298.962
299.185
299.401
299.603
299.784
299.94
300.069
300.174
300.256
300.318
300.365
300.399
300.424
300.441
300.453
300.461
300.467
300.471
300.473
300.475
300.476
300.477
300.477
300.477
300.477
300.478
300.478
300.478
300.477
300.477
300.477
300.476
300.476
300.475
300.474
300.473
300.471
300.47
300.468
300.465
300.463
300.46
300.457
300.453
300.45
300.445
300.441
300.436
300.431
300.426
300.42
300.414
300.407
300.4
300.393
300.385
300.378
300.369
300.361
300.352
300.343
300.334
300.324
300.315
300.305
300.294
300.284
300.273
300.263
300.252
300.241
300.23
300.218
300.207
300.195
300.184
300.173
300.161
300.15
300.14
300.13
300.122
300.115
300.111
300.11
300.113
300.122
300.139
300.164
300.198
300.244
300.302
300.372
300.454
300.548
300.653
300.766
300.885
301.01
301.136
298.964
299.189
299.407
299.611
299.793
299.95
300.08
300.185
300.266
300.329
300.375
300.409
300.434
300.451
300.463
300.472
300.477
300.481
300.484
300.486
300.487
300.488
300.489
300.489
300.489
300.49
300.49
300.49
300.49
300.49
300.49
300.489
300.489
300.488
300.487
300.486
300.484
300.482
300.48
300.478
300.476
300.473
300.469
300.466
300.462
300.458
300.453
300.448
300.443
300.437
300.431
300.425
300.418
300.411
300.404
300.396
300.388
300.379
300.371
300.361
300.352
300.343
300.333
300.323
300.312
300.302
300.291
300.28
300.269
300.258
300.247
300.235
300.224
300.212
300.201
300.189
300.178
300.167
300.156
300.147
300.138
300.13
300.124
300.121
300.121
300.126
300.137
300.154
300.18
300.216
300.262
300.32
300.389
300.471
300.563
300.665
300.776
300.893
301.014
301.138
298.965
299.193
299.414
299.62
299.803
299.961
300.091
300.195
300.277
300.339
300.385
300.419
300.444
300.461
300.473
300.482
300.488
300.492
300.495
300.497
300.498
300.499
300.5
300.501
300.501
300.502
300.502
300.502
300.502
300.502
300.502
300.502
300.501
300.5
300.499
300.498
300.497
300.495
300.493
300.491
300.488
300.485
300.482
300.478
300.474
300.47
300.465
300.46
300.455
300.449
300.443
300.436
300.429
300.422
300.414
300.406
300.398
300.389
300.38
300.371
300.361
300.352
300.341
300.331
300.32
300.31
300.299
300.287
300.276
300.265
300.253
300.241
300.23
300.218
300.207
300.195
300.184
300.174
300.163
300.154
300.146
300.139
300.134
300.132
300.134
300.14
300.152
300.171
300.198
300.235
300.281
300.339
300.408
300.488
300.578
300.678
300.786
300.901
301.019
301.139
298.966
299.198
299.421
299.628
299.813
299.971
300.102
300.206
300.287
300.349
300.395
300.429
300.453
300.471
300.483
300.491
300.498
300.502
300.505
300.507
300.509
300.51
300.511
300.512
300.512
300.513
300.513
300.514
300.514
300.514
300.514
300.514
300.513
300.513
300.512
300.511
300.509
300.507
300.505
300.503
300.501
300.498
300.494
300.491
300.487
300.482
300.477
300.472
300.467
300.461
300.455
300.448
300.441
300.433
300.426
300.417
300.409
300.4
300.391
300.381
300.371
300.361
300.351
300.34
300.329
300.318
300.307
300.296
300.284
300.272
300.26
300.249
300.237
300.225
300.214
300.203
300.192
300.181
300.172
300.163
300.155
300.15
300.146
300.146
300.149
300.156
300.17
300.19
300.218
300.255
300.302
300.36
300.428
300.506
300.595
300.692
300.798
300.909
301.024
301.141
298.968
299.202
299.428
299.637
299.823
299.982
300.112
300.216
300.297
300.359
300.405
300.438
300.463
300.48
300.492
300.501
300.507
300.512
300.515
300.517
300.519
300.52
300.522
300.523
300.523
300.524
300.525
300.525
300.526
300.526
300.526
300.526
300.525
300.525
300.524
300.523
300.521
300.52
300.518
300.515
300.513
300.51
300.507
300.503
300.499
300.495
300.49
300.485
300.479
300.473
300.467
300.46
300.453
300.445
300.438
300.429
300.421
300.412
300.402
300.393
300.383
300.372
300.362
300.351
300.34
300.328
300.317
300.305
300.293
300.281
300.269
300.257
300.246
300.234
300.222
300.211
300.201
300.191
300.182
300.174
300.167
300.162
300.16
300.161
300.165
300.174
300.189
300.211
300.24
300.277
300.324
300.381
300.449
300.526
300.612
300.707
300.809
300.917
301.029
301.143
298.969
299.206
299.435
299.646
299.833
299.992
300.123
300.227
300.307
300.368
300.414
300.447
300.472
300.489
300.501
300.51
300.516
300.521
300.524
300.527
300.529
300.531
300.532
300.533
300.534
300.535
300.536
300.536
300.537
300.537
300.537
300.537
300.537
300.536
300.535
300.534
300.533
300.532
300.53
300.527
300.525
300.522
300.519
300.515
300.511
300.507
300.502
300.497
300.492
300.486
300.48
300.473
300.466
300.458
300.45
300.442
300.433
300.424
300.415
300.405
300.395
300.384
300.374
300.362
300.351
300.34
300.328
300.316
300.304
300.292
300.28
300.268
300.256
300.244
300.233
300.222
300.212
300.202
300.194
300.187
300.181
300.177
300.176
300.178
300.184
300.195
300.211
300.233
300.263
300.301
300.348
300.405
300.471
300.546
300.63
300.723
300.822
300.926
301.034
301.145
298.971
299.211
299.442
299.655
299.843
300.003
300.133
300.237
300.317
300.378
300.423
300.456
300.48
300.498
300.51
300.519
300.525
300.53
300.534
300.536
300.539
300.54
300.542
300.543
300.544
300.545
300.546
300.547
300.548
300.548
300.548
300.548
300.548
300.548
300.547
300.546
300.545
300.543
300.542
300.539
300.537
300.534
300.531
300.528
300.524
300.52
300.515
300.51
300.505
300.499
300.493
300.486
300.479
300.472
300.464
300.456
300.447
300.438
300.428
300.419
300.409
300.398
300.387
300.376
300.365
300.353
300.341
300.329
300.317
300.305
300.293
300.281
300.269
300.257
300.246
300.236
300.226
300.217
300.209
300.202
300.198
300.195
300.195
300.198
300.205
300.217
300.234
300.258
300.288
300.327
300.373
300.429
300.494
300.567
300.649
300.739
300.834
300.935
301.04
301.146
298.973
299.216
299.449
299.664
299.853
300.013
300.143
300.247
300.326
300.387
300.432
300.465
300.489
300.506
300.518
300.527
300.534
300.539
300.542
300.545
300.548
300.55
300.551
300.553
300.554
300.555
300.556
300.557
300.558
300.558
300.559
300.559
300.559
300.559
300.558
300.557
300.556
300.555
300.553
300.551
300.549
300.546
300.543
300.54
300.536
300.532
300.528
300.523
300.518
300.513
300.507
300.5
300.493
300.486
300.478
300.47
300.462
300.453
300.444
300.434
300.424
300.413
300.403
300.392
300.38
300.369
300.357
300.345
300.333
300.321
300.309
300.297
300.285
300.273
300.262
300.252
300.242
300.234
300.227
300.221
300.217
300.216
300.217
300.221
300.23
300.242
300.26
300.285
300.316
300.354
300.4
300.455
300.518
300.59
300.669
300.755
300.848
300.945
301.046
301.148
298.974
299.221
299.457
299.674
299.864
300.024
300.154
300.256
300.335
300.395
300.44
300.473
300.496
300.514
300.526
300.535
300.542
300.547
300.551
300.554
300.557
300.559
300.561
300.562
300.564
300.565
300.566
300.567
300.568
300.568
300.569
300.569
300.569
300.569
300.569
300.568
300.567
300.566
300.565
300.563
300.561
300.558
300.556
300.553
300.549
300.545
300.541
300.537
300.532
300.526
300.521
300.515
300.508
300.501
300.494
300.486
300.478
300.469
300.46
300.451
300.441
300.431
300.42
300.409
300.398
300.387
300.375
300.363
300.351
300.339
300.327
300.315
300.304
300.292
300.282
300.272
300.263
300.255
300.248
300.243
300.24
300.24
300.242
300.247
300.256
300.27
300.289
300.314
300.345
300.383
300.429
300.482
300.544
300.613
300.689
300.773
300.861
300.955
301.052
301.15
298.976
299.226
299.465
299.684
299.875
300.035
300.164
300.266
300.344
300.404
300.448
300.48
300.504
300.521
300.534
300.543
300.55
300.555
300.559
300.562
300.565
300.567
300.569
300.571
300.573
300.574
300.575
300.576
300.577
300.578
300.579
300.579
300.579
300.579
300.579
300.578
300.578
300.577
300.576
300.574
300.572
300.57
300.568
300.565
300.562
300.558
300.555
300.55
300.546
300.541
300.535
300.53
300.524
300.517
300.51
300.503
300.495
300.487
300.478
300.469
300.459
300.45
300.439
300.429
300.418
300.407
300.395
300.384
300.372
300.36
300.349
300.337
300.326
300.315
300.304
300.295
300.286
300.279
300.273
300.269
300.267
300.267
300.27
300.276
300.286
300.3
300.32
300.345
300.376
300.414
300.458
300.511
300.57
300.637
300.711
300.79
300.876
300.965
301.058
301.153
298.978
299.232
299.474
299.694
299.886
300.046
300.174
300.275
300.353
300.412
300.455
300.487
300.511
300.528
300.541
300.55
300.557
300.562
300.566
300.57
300.573
300.575
300.577
300.579
300.581
300.582
300.584
300.585
300.586
300.587
300.588
300.588
300.589
300.589
300.589
300.588
300.588
300.587
300.586
300.585
300.583
300.582
300.579
300.577
300.574
300.571
300.568
300.564
300.56
300.555
300.55
300.545
300.539
300.533
300.527
300.52
300.513
300.505
300.497
300.488
300.48
300.47
300.461
300.45
300.44
300.429
300.418
300.407
300.396
300.385
300.373
300.362
300.351
300.341
300.331
300.322
300.314
300.307
300.301
300.298
300.296
300.297
300.301
300.308
300.319
300.334
300.353
300.378
300.409
300.446
300.49
300.54
300.598
300.662
300.732
300.809
300.89
300.976
301.064
301.155
298.98
299.237
299.482
299.705
299.897
300.057
300.185
300.285
300.361
300.419
300.462
300.494
300.517
300.534
300.547
300.556
300.563
300.569
300.573
300.577
300.58
300.582
300.585
300.587
300.589
300.59
300.592
300.593
300.594
300.595
300.596
300.597
300.597
300.598
300.598
300.598
300.598
300.597
300.596
300.595
300.594
300.593
300.591
300.589
300.586
300.584
300.581
300.577
300.574
300.57
300.565
300.561
300.556
300.55
300.544
300.538
300.531
300.524
300.517
300.509
300.501
300.492
300.483
300.474
300.464
300.454
300.444
300.433
300.423
300.412
300.401
300.391
300.38
300.37
300.361
300.352
300.345
300.338
300.334
300.331
300.33
300.331
300.336
300.343
300.354
300.369
300.389
300.414
300.444
300.48
300.522
300.571
300.626
300.688
300.755
300.828
300.905
300.987
301.071
301.157
298.982
299.243
299.492
299.716
299.909
300.068
300.195
300.294
300.37
300.427
300.469
300.5
300.523
300.54
300.553
300.562
300.57
300.575
300.58
300.583
300.586
300.589
300.592
300.594
300.596
300.598
300.599
300.601
300.602
300.603
300.604
300.605
300.606
300.606
300.607
300.607
300.607
300.606
300.606
300.605
300.604
300.603
300.602
300.6
300.598
300.596
300.594
300.591
300.588
300.584
300.58
300.576
300.572
300.567
300.562
300.556
300.551
300.544
300.538
300.531
300.523
300.515
300.507
300.499
300.49
300.481
300.471
300.462
300.452
300.442
300.432
300.422
300.412
300.403
300.394
300.387
300.38
300.374
300.369
300.367
300.367
300.369
300.373
300.381
300.392
300.408
300.427
300.451
300.481
300.516
300.557
300.603
300.656
300.714
300.778
300.847
300.921
300.998
301.078
301.159
298.984
299.25
299.501
299.727
299.92
300.079
300.205
300.303
300.377
300.433
300.475
300.506
300.529
300.546
300.558
300.568
300.575
300.581
300.585
300.589
300.593
300.595
300.598
300.6
300.602
300.604
300.606
300.607
300.609
300.61
300.611
300.612
300.613
300.614
300.614
300.615
300.615
300.615
300.615
300.615
300.614
300.613
300.612
300.611
300.61
300.608
300.606
300.603
300.601
300.598
300.595
300.591
300.588
300.584
300.579
300.575
300.57
300.564
300.559
300.552
300.546
300.539
300.532
300.525
300.517
300.509
300.5
300.492
300.483
300.474
300.465
300.456
300.447
300.439
300.431
300.424
300.418
300.413
300.409
300.407
300.407
300.409
300.414
300.422
300.433
300.448
300.468
300.491
300.52
300.553
300.592
300.636
300.686
300.742
300.802
300.867
300.937
301.01
301.085
301.162
298.987
299.256
299.511
299.738
299.932
300.09
300.215
300.311
300.385
300.44
300.481
300.511
300.533
300.55
300.563
300.572
300.58
300.586
300.591
300.595
300.598
300.601
300.604
300.606
300.608
300.61
300.612
300.614
300.615
300.617
300.618
300.619
300.62
300.621
300.622
300.622
300.623
300.623
300.623
300.623
300.623
300.623
300.622
300.621
300.62
300.619
300.617
300.616
300.614
300.611
300.609
300.606
300.603
300.6
300.596
300.592
300.588
300.584
300.579
300.574
300.569
300.563
300.557
300.551
300.544
300.537
300.53
300.523
300.515
300.508
300.5
300.492
300.485
300.477
300.471
300.464
300.459
300.454
300.451
300.45
300.45
300.453
300.458
300.466
300.477
300.492
300.51
300.533
300.56
300.592
300.629
300.671
300.718
300.77
300.827
300.888
300.953
301.022
301.092
301.164
298.989
299.263
299.521
299.75
299.944
300.101
300.225
300.32
300.391
300.445
300.485
300.515
300.538
300.554
300.567
300.576
300.584
300.59
300.595
300.599
300.603
300.606
300.608
300.611
300.613
300.615
300.617
300.619
300.621
300.622
300.624
300.625
300.626
300.627
300.628
300.629
300.63
300.63
300.631
300.631
300.631
300.631
300.631
300.63
300.63
300.629
300.628
300.627
300.625
300.624
300.622
300.62
300.618
300.615
300.612
300.609
300.606
300.603
300.599
300.595
300.591
300.587
300.582
300.577
300.572
300.566
300.56
300.555
300.548
300.542
300.536
300.53
300.523
300.517
300.512
300.507
300.502
300.498
300.496
300.495
300.496
300.499
300.504
300.512
300.523
300.537
300.555
300.576
300.602
300.632
300.667
300.706
300.75
300.799
300.852
300.909
300.97
301.034
301.099
301.166
298.992
299.27
299.531
299.761
299.955
300.111
300.233
300.327
300.397
300.45
300.49
300.519
300.541
300.557
300.57
300.58
300.588
300.594
300.599
300.603
300.607
300.61
300.613
300.615
300.618
300.62
300.622
300.624
300.625
300.627
300.629
300.63
300.631
300.633
300.634
300.635
300.636
300.636
300.637
300.638
300.638
300.638
300.639
300.639
300.638
300.638
300.638
300.637
300.636
300.635
300.634
300.633
300.631
300.629
300.627
300.625
300.623
300.621
300.618
300.615
300.612
300.609
300.606
300.602
300.598
300.594
300.59
300.586
300.581
300.576
300.572
300.567
300.562
300.558
300.554
300.55
300.547
300.544
300.542
300.542
300.544
300.547
300.552
300.56
300.571
300.584
300.601
300.621
300.645
300.673
300.706
300.743
300.783
300.829
300.878
300.931
300.987
301.046
301.107
301.169
298.994
299.277
299.54
299.772
299.965
300.12
300.241
300.333
300.402
300.454
300.493
300.521
300.543
300.56
300.572
300.582
300.59
300.597
300.602
300.606
300.61
300.613
300.616
300.619
300.621
300.624
300.626
300.628
300.63
300.631
300.633
300.634
300.636
300.637
300.639
300.64
300.641
300.642
300.643
300.644
300.644
300.645
300.645
300.646
300.646
300.646
300.646
300.646
300.646
300.645
300.645
300.644
300.643
300.642
300.641
300.64
300.638
300.637
300.635
300.634
300.632
300.63
300.628
300.625
300.623
300.621
300.618
300.615
300.612
300.609
300.606
300.603
300.601
300.598
300.595
300.593
300.591
300.59
300.589
300.59
300.592
300.596
300.601
300.609
300.619
300.632
300.648
300.667
300.69
300.716
300.746
300.78
300.817
300.859
300.904
300.953
301.004
301.058
301.114
301.171
298.996
299.283
299.549
299.781
299.974
300.128
300.247
300.337
300.405
300.456
300.494
300.523
300.545
300.561
300.574
300.584
300.592
300.599
300.604
300.609
300.613
300.616
300.619
300.622
300.625
300.627
300.629
300.631
300.633
300.635
300.637
300.638
300.64
300.641
300.643
300.644
300.645
300.646
300.648
300.649
300.65
300.65
300.651
300.652
300.653
300.653
300.653
300.654
300.654
300.654
300.654
300.654
300.654
300.653
300.653
300.653
300.652
300.651
300.651
300.65
300.649
300.648
300.648
300.647
300.646
300.645
300.644
300.642
300.641
300.64
300.639
300.638
300.636
300.635
300.635
300.634
300.634
300.634
300.635
300.637
300.64
300.644
300.65
300.658
300.668
300.68
300.695
300.713
300.734
300.758
300.786
300.817
300.851
300.889
300.93
300.974
301.021
301.071
301.122
301.174
298.999
299.288
299.556
299.789
299.981
300.133
300.251
300.34
300.407
300.457
300.495
300.523
300.545
300.562
300.575
300.585
300.593
300.6
300.606
300.611
300.615
300.618
300.621
300.624
300.627
300.629
300.632
300.634
300.636
300.638
300.639
300.641
300.643
300.644
300.646
300.647
300.649
300.65
300.652
300.653
300.654
300.655
300.656
300.657
300.658
300.659
300.66
300.66
300.661
300.661
300.662
300.662
300.663
300.663
300.663
300.663
300.664
300.664
300.664
300.664
300.664
300.665
300.665
300.665
300.665
300.666
300.666
300.666
300.667
300.667
300.668
300.668
300.669
300.67
300.671
300.672
300.674
300.676
300.678
300.681
300.685
300.69
300.697
300.705
300.715
300.727
300.741
300.758
300.777
300.799
300.825
300.853
300.884
300.918
300.956
300.996
301.038
301.083
301.129
301.176
299
299.292
299.561
299.793
299.984
300.135
300.251
300.339
300.406
300.455
300.493
300.522
300.544
300.561
300.574
300.585
300.593
300.601
300.607
300.612
300.616
300.62
300.623
300.626
300.629
300.631
300.634
300.636
300.638
300.64
300.642
300.644
300.645
300.647
300.649
300.65
300.652
300.653
300.655
300.656
300.657
300.659
300.66
300.661
300.662
300.663
300.665
300.666
300.666
300.667
300.668
300.669
300.67
300.671
300.671
300.672
300.673
300.674
300.675
300.676
300.677
300.678
300.679
300.68
300.682
300.683
300.685
300.686
300.688
300.69
300.692
300.694
300.697
300.699
300.702
300.705
300.708
300.712
300.716
300.721
300.726
300.732
300.739
300.748
300.758
300.77
300.784
300.8
300.818
300.838
300.861
300.887
300.915
300.946
300.979
301.015
301.054
301.094
301.136
301.178
299.001
299.294
299.563
299.794
299.983
300.133
300.248
300.335
300.401
300.451
300.489
300.518
300.541
300.559
300.573
300.584
300.593
300.6
300.607
300.612
300.617
300.621
300.624
300.627
300.63
300.633
300.635
300.638
300.64
300.642
300.644
300.645
300.647
300.649
300.651
300.652
300.654
300.656
300.657
300.659
300.66
300.662
300.663
300.664
300.666
300.667
300.668
300.67
300.671
300.672
300.673
300.674
300.676
300.677
300.678
300.679
300.681
300.682
300.683
300.685
300.687
300.688
300.69
300.692
300.694
300.697
300.699
300.702
300.705
300.708
300.712
300.715
300.719
300.723
300.727
300.732
300.737
300.742
300.748
300.754
300.76
300.768
300.776
300.785
300.796
300.808
300.821
300.836
300.853
300.873
300.894
300.917
300.943
300.97
301.001
301.033
301.067
301.104
301.141
301.18
299.001
299.293
299.559
299.788
299.976
300.124
300.239
300.327
300.394
300.445
300.483
300.514
300.537
300.555
300.57
300.582
300.592
300.6
300.606
300.612
300.617
300.621
300.625
300.628
300.631
300.634
300.636
300.639
300.641
300.643
300.645
300.647
300.649
300.65
300.652
300.654
300.656
300.657
300.659
300.66
300.662
300.664
300.665
300.667
300.668
300.67
300.671
300.673
300.674
300.676
300.677
300.678
300.68
300.681
300.683
300.684
300.686
300.688
300.69
300.692
300.694
300.696
300.698
300.701
300.704
300.707
300.71
300.714
300.717
300.721
300.726
300.73
300.735
300.74
300.746
300.752
300.758
300.764
300.771
300.779
300.787
300.795
300.804
300.814
300.825
300.838
300.851
300.866
300.882
300.9
300.92
300.942
300.965
300.991
301.018
301.047
301.079
301.112
301.146
301.182
298.999
299.288
299.551
299.777
299.963
300.111
300.226
300.315
300.383
300.435
300.476
300.507
300.532
300.551
300.567
300.58
300.59
300.598
300.605
300.611
300.617
300.621
300.625
300.628
300.632
300.634
300.637
300.639
300.642
300.644
300.646
300.648
300.65
300.651
300.653
300.655
300.657
300.658
300.66
300.662
300.663
300.665
300.667
300.668
300.67
300.672
300.673
300.675
300.676
300.678
300.68
300.681
300.683
300.684
300.686
300.688
300.69
300.692
300.694
300.696
300.698
300.701
300.704
300.707
300.71
300.713
300.717
300.721
300.725
300.73
300.735
300.74
300.746
300.752
300.758
300.764
300.771
300.779
300.787
300.795
300.804
300.813
300.823
300.834
300.846
300.858
300.872
300.887
300.903
300.92
300.939
300.96
300.982
301.005
301.031
301.058
301.087
301.118
301.15
301.183
298.997
299.279
299.537
299.76
299.944
300.093
300.209
300.3
300.371
300.425
300.468
300.501
300.527
300.547
300.564
300.577
300.588
300.597
300.604
300.611
300.616
300.621
300.625
300.628
300.632
300.635
300.637
300.64
300.642
300.644
300.646
300.648
300.65
300.652
300.654
300.656
300.657
300.659
300.661
300.663
300.664
300.666
300.668
300.669
300.671
300.673
300.674
300.676
300.678
300.679
300.681
300.683
300.685
300.686
300.688
300.69
300.692
300.694
300.696
300.699
300.701
300.704
300.707
300.71
300.713
300.717
300.721
300.725
300.73
300.735
300.74
300.745
300.751
300.758
300.764
300.771
300.779
300.787
300.795
300.804
300.813
300.823
300.834
300.845
300.857
300.87
300.884
300.899
300.915
300.932
300.95
300.97
300.991
301.014
301.038
301.064
301.092
301.121
301.152
301.184
298.993
299.27
299.523
299.743
299.927
300.076
300.195
300.288
300.361
300.417
300.461
300.496
300.523
300.544
300.561
300.575
300.587
300.596
300.604
300.61
300.616
300.621
300.625
300.628
300.632
300.635
300.637
300.64
300.642
300.644
300.646
300.648
300.65
300.652
300.654
300.656
300.658
300.659
300.661
300.663
300.665
300.666
300.668
300.67
300.671
300.673
300.675
300.677
300.678
300.68
300.682
300.683
300.685
300.687
300.689
300.691
300.693
300.695
300.697
300.7
300.702
300.705
300.708
300.711
300.715
300.718
300.722
300.727
300.731
300.736
300.741
300.747
300.753
300.759
300.766
300.773
300.781
300.789
300.798
300.807
300.816
300.826
300.837
300.849
300.861
300.874
300.888
300.903
300.919
300.936
300.954
300.974
300.995
301.017
301.041
301.067
301.094
301.123
301.153
301.184
)
;

boundaryField
{
    Adiabatic_walls
    {
        type            zeroGradient;
    }
    Left
    {
        type            fixedValue;
        value           uniform 298.85;
    }
    Right
    {
        type            fixedValue;
        value           uniform 301.2;
    }
    frontAndBack
    {
        type            empty;
    }
}

