/*--------------------------------*- C++ -*----------------------------------*\
  =========                 |
  \\      /  F ield         | OpenFOAM: The Open Source CFD Toolbox
   \\    /   O peration     | Website:  https://openfoam.org
    \\  /    A nd           | Version:  6
     \\/     M anipulation  |
\*---------------------------------------------------------------------------*/
FoamFile
{
    version     2.0;
    format      ascii;
    class       volScalarField;
    location    "0";
    object      p;
}
// * * * * * * * * * * * * * * * * * * * * * * * * * * * * * * * * * * * * * //

dimensions      [0 2 -2 0 0 0 0];

internalField   nonuniform List<scalar> 
9000
(
115.752
64.3121
50.0501
44.0235
40.8868
39.0927
37.9319
37.0919
36.4269
35.8606
35.3504
34.8714
34.4086
33.9531
33.4994
33.0445
32.587
32.1262
31.6618
31.1942
30.7236
30.2506
29.7756
29.299
28.8213
28.3429
27.8642
27.3854
26.9069
26.429
25.9521
25.4764
25.0024
24.5305
24.0611
23.595
23.1327
22.6752
22.2236
21.7794
21.3448
20.9224
20.5163
20.1324
19.7792
19.4682
19.2047
18.9597
18.9569
17.9085
87.1797
61.0529
50.6881
45.1238
41.855
39.8263
38.4664
37.4787
36.7071
36.0641
35.4983
34.9787
34.4862
34.0088
33.5392
33.0727
32.6068
32.1399
31.6712
31.2005
30.7279
30.2534
29.7775
29.3003
28.8223
28.3437
27.8648
27.3859
26.9073
26.4293
25.9522
25.4763
25.0019
24.5293
24.0591
23.5916
23.1275
22.6675
22.2124
21.7633
21.3216
20.8889
20.4674
20.0595
19.6676
19.2915
18.9192
18.5029
18.029
16.5211
69.8768
57.3999
50.5586
45.7111
42.5308
40.4082
38.9244
37.8277
36.9696
36.2602
35.644
35.0865
34.5656
34.0669
33.5814
33.1031
32.6285
32.1552
31.682
31.208
30.733
30.257
29.7799
29.302
28.8235
28.3445
27.8654
27.3864
26.9076
26.4294
25.952
25.4757
25.0007
24.5273
24.056
23.5869
23.1207
22.6576
22.1984
21.7436
21.2937
20.8493
20.4106
19.9767
19.5442
19.1032
18.628
18.0507
17.2928
15.881
60.522
53.8865
49.3708
45.4918
42.6847
40.6668
39.1834
38.053
37.154
36.4064
35.7578
35.1739
34.632
34.1169
33.6187
33.1308
32.6488
32.17
31.6926
31.2156
30.7385
30.2608
29.7826
29.3039
28.8248
28.3455
27.866
27.3867
26.9077
26.4292
25.9514
25.4746
24.9989
24.5246
24.052
23.5812
23.1127
22.6466
22.1831
21.7225
21.2646
20.809
20.3543
19.8974
19.4314
18.9423
18.401
17.7453
16.9037
15.6641
54.3286
50.7629
47.8219
44.8636
42.5145
40.6977
39.2904
38.1784
37.2731
36.51
35.8439
35.2434
34.6869
34.1597
33.6516
33.1559
32.6677
32.1841
31.7031
31.2233
30.7441
30.2649
29.7855
29.306
28.8262
28.3464
27.8666
27.3869
26.9075
26.4286
25.9504
25.473
24.9965
24.5212
24.0472
23.5747
23.1038
22.6346
22.1669
21.7007
21.2351
20.7691
20.3002
19.8239
19.3319
18.8091
18.2292
17.5439
16.7006
15.6105
49.8811
48.1115
46.2597
44.066
42.1578
40.5749
39.2835
38.2235
37.3369
36.576
35.9046
35.2959
34.7307
34.1953
33.68
33.1781
32.685
32.1974
31.7131
31.2309
30.7497
30.269
29.7886
29.3081
28.8277
28.3473
27.8671
27.387
26.9072
26.4279
25.9491
25.471
24.9937
24.5173
24.042
23.5677
23.0944
22.6221
22.1504
21.6788
21.2063
20.731
20.2501
19.7583
19.247
18.7024
18.1027
17.4132
16.5993
15.6335
46.6589
45.9207
44.8051
43.2126
41.6949
40.3474
39.1903
38.2029
37.3528
36.608
35.9416
35.3321
34.7633
34.2234
33.7035
33.1972
32.7003
32.2094
31.7225
31.2381
30.7552
30.2731
29.7916
29.3103
28.8292
28.3482
27.8675
27.3869
26.9067
26.4269
25.9475
25.4687
24.9906
24.5131
24.0364
23.5603
23.0848
22.6095
22.1341
21.6577
21.179
20.696
20.2054
19.702
19.1778
18.6209
18.0145
17.3354
16.5632
15.6996
44.2872
44.1282
43.5018
42.3691
41.182
40.0544
39.0357
38.1317
37.3295
36.6109
35.9574
35.3532
34.7855
34.2442
33.722
33.2131
32.7134
32.2201
31.7311
31.2448
30.7604
30.2771
29.7945
29.3124
28.8306
28.3491
27.8678
27.3868
26.9061
26.4257
25.9458
25.4663
24.9872
24.5087
24.0306
23.5528
23.0752
22.5973
22.1185
21.6379
21.1541
20.6649
20.167
19.6556
19.1238
18.5619
17.9577
17.2967
16.5689
15.7881
42.5016
42.6641
42.3614
41.5744
40.659
39.7275
38.8419
38.0243
37.2763
36.5902
35.9554
35.3612
34.7981
34.2584
33.7358
33.2257
32.7244
32.2294
31.7387
31.2509
30.7652
30.2808
29.7973
29.3144
28.832
28.3499
27.868
27.3865
26.9053
26.4244
25.9438
25.4636
24.9838
24.5042
24.0248
23.5455
23.0659
22.5856
22.104
21.6199
21.132
20.6381
20.1352
19.6189
19.0837
18.5221
17.9257
17.2863
16.6007
15.8862
41.1295
41.4671
41.3786
40.8486
40.1521
39.3898
38.6266
37.8935
37.2016
36.5517
35.9394
35.3585
34.8028
34.2666
33.7454
33.2353
32.7333
32.2372
31.7453
31.2564
30.7696
30.2842
29.7999
29.3163
28.8332
28.3505
27.8682
27.3862
26.9044
26.423
25.9418
25.4609
24.9802
24.4997
24.0191
23.5384
23.0571
22.5748
22.0908
21.604
21.113
20.6158
20.1098
19.5913
19.0559
18.4981
17.9127
17.2958
16.648
15.9869
40.0575
40.4867
40.5402
40.2003
39.6775
39.0582
38.4041
37.7501
37.1134
36.5007
35.9128
35.3472
34.8008
34.2699
33.7513
33.2422
32.7403
32.2437
31.751
31.2612
30.7735
30.2874
29.8023
29.318
28.8343
28.3511
27.8682
27.3857
26.9035
26.4215
25.9397
25.4582
24.9767
24.4953
24.0137
23.5317
23.049
22.565
22.0791
21.5902
21.0971
20.5979
20.0905
19.5718
19.0385
18.4869
17.9141
17.3188
16.7042
16.0859
39.2091
39.683
39.8306
39.6308
39.245
38.7444
38.1851
37.6029
37.0184
36.4422
35.8791
35.3299
34.7939
34.2693
33.7542
33.2468
32.7455
32.2488
31.7557
31.2654
30.777
30.2901
29.8044
29.3195
28.8352
28.3515
27.8681
27.3851
26.9024
26.4199
25.9376
25.4554
24.9733
24.491
24.0085
23.5255
23.0416
22.5563
22.0689
21.5787
21.0842
20.5842
20.0766
19.5592
19.0297
18.4857
17.9259
17.3508
16.7648
16.1811
38.5319
39.0249
39.2352
39.1384
38.8595
38.4561
37.9778
37.459
36.9221
36.3805
35.8415
35.3088
34.7835
34.2657
33.7547
33.2496
32.7493
32.2529
31.7596
31.2688
30.7799
30.2925
29.8062
29.3207
28.836
28.3518
27.8679
27.3845
26.9013
26.4183
25.9355
25.4527
24.9699
24.487
24.0037
23.5198
23.035
22.5487
22.0604
21.5692
21.0743
20.5742
20.0675
19.5527
19.028
18.4922
17.9451
17.3884
16.8267
16.2713
37.99
38.4885
38.7404
38.7195
38.5233
38.1985
37.788
37.3241
36.8294
36.3192
35.8028
35.2858
34.7711
34.2602
33.7535
33.2508
32.7518
32.256
31.7628
31.2717
30.7824
30.2945
29.8077
29.3218
28.8366
28.3519
27.8676
27.3837
26.9001
26.4167
25.9334
25.4501
24.9668
24.4832
23.9993
23.5147
23.0291
22.5422
22.0533
21.5618
21.0669
20.5675
20.0625
19.5509
19.0316
18.5042
17.9693
17.429
16.8881
16.3557
37.5583
38.0554
38.3352
38.3697
38.2372
37.9749
37.6199
37.2022
36.744
36.2615
35.7653
35.2627
34.758
34.2537
33.7512
33.251
32.7534
32.2582
31.7652
31.274
30.7844
30.2961
29.8089
29.3226
28.8369
28.3518
27.8672
27.3829
26.8989
26.415
25.9313
25.4476
24.9637
24.4797
23.9952
23.5101
23.024
22.5367
22.0476
21.5562
21.0617
20.5636
20.0609
19.5529
19.0394
18.5202
17.9965
17.4708
16.9474
16.4341
37.219
37.712
38.0103
38.0851
38.0007
37.7871
37.4766
37.0966
36.6689
36.2098
35.7312
35.2412
34.7453
34.2469
33.7483
33.2506
32.7543
32.2598
31.767
31.2758
30.7859
30.2974
29.8098
29.3231
28.8371
28.3517
27.8666
27.382
26.8976
26.4134
25.9292
25.4451
24.9609
24.4764
23.9915
23.506
23.0197
22.5322
22.0431
21.5521
21.0585
20.5619
20.0618
19.5579
19.05
18.5387
18.0253
17.5123
17.0039
16.5063
36.9597
37.4479
37.7584
37.8619
37.8131
37.6363
37.3601
37.0098
36.6063
36.1662
35.7019
35.2224
34.7339
34.2407
33.7454
33.2497
32.7547
32.2608
31.7682
31.277
30.7871
30.2982
29.8104
29.3234
28.8371
28.3513
27.866
27.381
26.8963
26.4117
25.9272
25.4427
24.9581
24.4733
23.9881
23.5024
23.0159
22.5284
22.0396
21.5492
21.0568
20.5621
20.0648
19.5648
19.0625
18.5585
18.0544
17.5526
17.0568
16.5723
36.7718
37.2558
37.5741
37.6972
37.6733
37.523
37.2718
36.9433
36.558
36.1322
35.6789
35.2074
34.7247
34.2354
33.7428
33.2488
32.7548
32.2614
31.7691
31.2778
30.7878
30.2988
29.8107
29.3234
28.8368
28.3508
27.8652
27.3799
26.8949
26.41
25.9252
25.4404
24.9556
24.4705
23.9851
23.4992
23.0127
22.5254
22.037
21.5474
21.0562
20.5635
20.069
19.573
19.0759
18.5787
18.0828
17.5907
17.1056
16.632
36.6495
37.1305
37.4533
37.5887
37.5807
37.4474
37.2124
36.8984
36.5251
36.109
35.663
35.197
34.7182
34.2317
33.7408
33.248
32.7547
32.2617
31.7695
31.2783
30.7881
30.2989
29.8107
29.3232
28.8364
28.3501
27.8642
27.3787
26.8934
26.4083
25.9233
25.4382
24.9531
24.4678
23.9823
23.4963
23.0099
22.5228
22.035
21.5462
21.0565
20.5658
20.0741
19.5819
19.0896
18.5984
18.1099
17.6261
17.1501
16.6855
36.5892
37.0686
37.3936
37.5348
37.5345
37.4095
37.1826
36.8757
36.5084
36.0971
35.6549
35.1917
34.7149
34.2297
33.7398
33.2475
32.7545
32.2617
31.7695
31.2783
30.788
30.2987
29.8103
29.3227
28.8357
28.3492
27.8632
27.3774
26.8919
26.4066
25.9213
25.436
24.9507
24.4653
23.9796
23.4937
23.0074
22.5206
22.0334
21.5456
21.0572
20.5685
20.0795
19.5907
19.1029
18.6172
18.135
17.6584
17.19
16.733
36.5892
37.0685
37.3936
37.5348
37.5345
37.4095
37.1826
36.8757
36.5084
36.0971
35.6549
35.1916
34.7148
34.2296
33.7396
33.2474
32.7543
32.2614
31.7692
31.2779
30.7876
30.2982
29.8097
29.3219
28.8348
28.3482
27.862
27.3761
26.8904
26.4048
25.9194
25.4339
24.9484
24.4628
23.9771
23.4912
23.005
22.5186
22.032
21.5451
21.0581
20.5712
20.0847
19.5992
19.1153
18.6343
18.1576
17.6871
17.2251
16.7744
36.6494
37.1304
37.4533
37.5887
37.5806
37.4473
37.2124
36.8983
36.525
36.1089
35.6629
35.1969
34.718
34.2314
33.7405
33.2476
32.7541
32.261
31.7686
31.2772
30.7868
30.2974
29.8088
29.321
28.8337
28.347
27.8607
27.3746
26.8888
26.403
25.9174
25.4318
24.9461
24.4604
23.9746
23.4887
23.0028
22.5167
22.0306
21.5446
21.0589
20.5737
20.0894
19.6067
19.1264
18.6495
18.1775
17.7121
17.2554
16.8099
36.7717
37.2557
37.574
37.6972
37.6732
37.5229
37.2717
36.9432
36.5578
36.1321
35.6787
35.2072
34.7243
34.235
33.7422
33.2481
32.7538
32.2602
31.7676
31.2761
30.7856
30.2962
29.8076
29.3197
28.8325
28.3457
27.8592
27.3731
26.8871
26.4012
25.9154
25.4296
24.9438
24.458
23.9722
23.4863
23.0005
22.5147
22.0291
21.5439
21.0593
20.5756
20.0933
19.613
19.1357
18.6623
18.1942
17.7331
17.2808
16.8395
36.9595
37.4478
37.7583
37.8618
37.813
37.6362
37.36
37.0096
36.6061
36.166
35.7016
35.222
34.7334
34.24
33.7445
33.2487
32.7534
32.2592
31.7662
31.2746
30.7841
30.2946
29.8061
29.3183
28.831
28.3442
27.8577
27.3715
26.8854
26.3994
25.9134
25.4275
24.9415
24.4556
23.9697
23.4838
22.9981
22.5125
22.0274
21.5428
21.0591
20.5767
20.0961
19.6179
19.143
18.6725
18.2077
17.7501
17.3014
16.8634
37.2187
37.7118
38.0101
38.0849
38.0006
37.787
37.4765
37.0965
36.6687
36.2095
35.7308
35.2407
34.7446
34.2461
33.7473
33.2492
32.7527
32.2577
31.7644
31.2726
30.7822
30.2928
29.8043
29.3166
28.8294
28.3426
27.8561
27.3698
26.8836
26.3975
25.9114
25.4253
24.9392
24.4531
23.9671
23.4811
22.9954
22.5101
22.0252
21.5412
21.0582
20.5768
20.0975
19.621
19.1481
18.68
18.2178
17.7629
17.3169
16.8816
37.558
38.0552
38.335
38.3696
38.2371
37.9747
37.6198
37.202
36.7438
36.2611
35.7649
35.2621
34.7572
34.2527
33.7499
33.2495
32.7515
32.2558
31.7621
31.2703
30.7799
30.2907
29.8023
29.3147
28.8276
28.3409
27.8544
27.368
26.8818
26.3955
25.9093
25.423
24.9367
24.4505
23.9643
23.4783
22.9925
22.5072
22.0225
21.5388
21.0564
20.5757
20.0974
19.6221
19.1508
18.6845
18.2242
17.7715
17.3276
16.8942
37.9897
38.4882
38.7402
38.7193
38.5232
38.1983
37.7878
37.3238
36.8292
36.3188
35.8023
35.2851
34.7703
34.2591
33.7521
33.2491
32.7496
32.2532
31.7593
31.2675
30.7772
30.2882
29.8001
29.3127
28.8257
28.3391
27.8526
27.3663
26.8799
26.3936
25.9072
25.4207
24.9342
24.4478
23.9614
23.4752
22.9893
22.5039
22.0193
21.5357
21.0535
20.5733
20.0957
19.6213
19.151
18.6859
18.2271
17.7758
17.3334
16.9014
38.5316
39.0247
39.2349
39.1383
38.8593
38.4559
37.9776
37.4588
36.9218
36.3801
35.841
35.3081
34.7826
34.2645
33.7532
33.2476
32.7468
32.2498
31.7558
31.2641
30.7741
30.2854
29.7976
29.3105
28.8237
28.3372
27.8508
27.3644
26.878
26.3916
25.905
25.4184
24.9317
24.445
23.9583
23.4718
22.9857
22.5001
22.0153
21.5317
21.0496
20.5695
20.0922
19.6182
19.1486
18.6842
18.2263
17.7759
17.3344
16.9032
39.2087
39.6828
39.8304
39.6307
39.2448
38.7442
38.1849
37.6027
37.018
36.4418
35.8786
35.3292
34.7929
34.2681
33.7526
33.2448
32.7429
32.2455
31.7516
31.2602
30.7706
30.2824
29.795
29.3081
28.8216
28.3353
27.849
27.3626
26.8762
26.3896
25.9029
25.416
24.929
24.442
23.955
23.4682
22.9817
22.4958
22.0107
21.5267
21.0444
20.5643
20.0869
19.613
19.1435
18.6794
18.2218
17.7718
17.3306
16.8996
40.0572
40.4864
40.5399
40.2001
39.6774
39.0581
38.4039
37.7498
37.1131
36.5003
35.9122
35.3465
34.7999
34.2687
33.7497
33.2401
32.7375
32.2402
31.7466
31.2557
30.7668
30.279
29.7921
29.3057
28.8195
28.3333
27.8472
27.3609
26.8744
26.3877
25.9008
25.4136
24.9264
24.439
23.9516
23.4643
22.9774
22.4909
22.0053
21.5209
21.0381
20.5575
20.0797
19.6055
19.1358
18.6715
18.2136
17.7634
17.3221
16.8909
41.1292
41.4668
41.3784
40.8485
40.1519
39.3897
38.6264
37.8933
37.2013
36.5513
35.9388
35.3578
34.8018
34.2654
33.7437
33.2331
32.7305
32.2336
31.7408
31.2507
30.7625
30.2755
29.7891
29.3032
28.8173
28.3314
27.8454
27.3591
26.8726
26.3858
25.8987
25.4113
24.9236
24.4358
23.948
23.4602
22.9726
22.4855
21.9992
21.5141
21.0306
20.5492
20.0707
19.5958
19.1254
18.6603
18.2018
17.751
17.3089
16.877
42.5013
42.6639
42.3612
41.5742
40.6589
39.7273
38.8417
38.0241
37.276
36.5899
35.955
35.3606
34.7972
34.2572
33.7342
33.2235
32.7216
32.2257
31.734
31.2451
30.7579
30.2717
29.7861
29.3006
28.8152
28.3296
27.8437
27.3575
26.8709
26.384
25.8966
25.4089
24.9209
24.4327
23.9442
23.4558
22.9675
22.4797
21.9925
21.5064
21.0219
20.5395
20.0599
19.5839
19.1123
18.6461
18.1865
17.7344
17.2912
16.8581
44.287
44.128
43.5016
42.369
41.1819
40.0543
39.0356
38.1315
37.3294
36.6106
35.957
35.3526
34.7846
34.2431
33.7204
33.211
32.7107
32.2165
31.7265
31.2389
30.7529
30.2678
29.783
29.2982
28.8132
28.3279
27.8422
27.356
26.8694
26.3823
25.8947
25.4067
24.9182
24.4294
23.9404
23.4512
22.9621
22.4733
21.9851
21.4979
21.0121
20.5284
20.0474
19.5698
19.0967
18.6289
18.1676
17.7139
17.269
16.8342
46.6587
45.9205
44.8049
43.2125
41.6948
40.3473
39.1902
38.2028
37.3527
36.6078
35.9412
35.3316
34.7626
34.2224
33.702
33.1953
32.6977
32.206
31.718
31.2323
30.7478
30.2638
29.7799
29.2958
28.8113
28.3263
27.8408
27.3547
26.8681
26.3808
25.893
25.4046
24.9156
24.4263
23.9365
23.4465
22.9565
22.4666
21.9771
21.4885
21.0013
20.5159
20.0331
19.5537
19.0785
18.6087
18.1453
17.6894
17.2424
16.8055
49.8809
48.1113
46.2596
44.0659
42.1578
40.5749
39.2835
38.2235
37.3369
36.5759
35.9044
35.2955
34.7301
34.1944
33.6788
33.1764
32.6826
32.1941
31.7089
31.2253
30.7425
30.2598
29.7769
29.2936
28.8096
28.325
27.8397
27.3537
26.8669
26.3795
25.8914
25.4026
24.9132
24.4232
23.9327
23.4418
22.9506
22.4595
21.9687
21.4785
20.9895
20.5022
20.0172
19.5356
19.058
18.5857
18.1196
17.6611
17.2115
16.7719
54.3284
50.7627
47.8218
44.8636
42.5145
40.6977
39.2905
38.1785
37.2732
36.51
35.8438
35.2432
34.6865
34.1591
33.6506
33.1544
32.6656
32.1812
31.6992
31.2181
30.7372
30.256
29.7742
29.2916
28.8082
28.3239
27.8388
27.3528
26.8661
26.3785
25.89
25.4009
24.9109
24.4202
23.9289
23.437
22.9447
22.4523
21.9599
21.4679
20.9768
20.4873
19.9999
19.5156
19.0352
18.5599
18.0908
17.6291
17.1763
16.7336
60.5219
53.8865
49.3708
45.4918
42.6847
40.6669
39.1836
38.0532
37.1542
36.4066
35.7579
35.1739
34.6318
34.1165
33.618
33.1296
32.6471
32.1675
31.6891
31.2109
30.7321
30.2524
29.7717
29.29
28.8071
28.3232
27.8383
27.3524
26.8655
26.3777
25.889
25.3994
24.9089
24.4175
23.9253
23.4324
22.9389
22.4449
21.9508
21.4568
20.9635
20.4715
19.9813
19.4939
19.0103
18.5315
18.0588
17.5935
17.137
16.6908
69.8767
57.3999
50.5586
45.7111
42.5309
40.4084
38.9246
37.828
36.9699
36.2605
35.6443
35.0868
34.5657
34.0668
33.581
33.1024
32.6272
32.1532
31.679
31.2038
30.7273
30.2493
29.7698
29.2888
28.8065
28.3229
27.8381
27.3523
26.8653
26.3773
25.8883
25.3983
24.9072
24.4151
23.922
23.4279
22.933
22.4375
21.9414
21.4453
20.9495
20.4546
19.9613
19.4704
18.983
18.5003
18.0234
17.5539
17.0931
16.6425
87.1796
61.0529
50.6881
45.1239
41.8552
39.8266
38.4667
37.4791
36.7076
36.0646
35.4988
34.9792
34.4866
34.0091
33.5392
33.0724
32.606
32.1385
31.6689
31.1971
30.723
30.2467
29.7684
29.2882
28.8064
28.3231
27.8385
27.3526
26.8656
26.3774
25.8881
25.3976
24.9059
24.413
23.9189
23.4236
22.9273
22.4299
21.9317
21.4331
20.9344
20.4362
19.9392
19.4442
18.9524
18.4649
17.9831
17.5084
17.0424
16.5868
115.752
64.3121
50.0501
44.0236
40.887
39.0931
37.9323
37.0924
36.4275
35.8613
35.3511
34.8722
34.4093
33.9537
33.4998
33.0447
32.5868
32.1254
31.6603
31.1916
30.7197
30.2449
29.7676
29.2881
28.8067
28.3237
27.8392
27.3533
26.8662
26.3778
25.8881
25.3972
24.905
24.4114
23.9164
23.42
22.9222
22.4232
21.923
21.4219
20.9204
20.419
19.9184
19.4194
18.9232
18.431
17.9442
17.4645
16.9934
16.5327
8.30266
10.2553
10.366
10.7528
10.9632
11.1139
11.2038
11.2531
11.2703
11.2627
11.235
11.1909
11.1333
11.0643
10.9857
10.8988
10.8049
10.705
10.5999
10.4904
10.377
10.2604
10.141
10.0193
9.89553
9.77008
9.64321
9.51516
9.38613
9.2563
9.12582
8.99482
8.86341
8.73169
8.59973
8.4676
8.33536
8.20305
8.07071
7.93837
7.80605
7.67377
7.54155
7.40939
7.2773
7.14529
7.01336
6.8815
6.74973
6.61802
6.48639
6.35483
6.22333
6.09189
5.9605
5.82917
5.69789
5.56664
5.43544
5.30427
5.17313
5.04202
4.91093
4.77986
4.64882
4.51779
4.38677
4.25577
4.12478
3.9938
3.86282
3.73185
3.60089
3.46994
3.33898
3.20803
3.07708
2.94614
2.81519
2.68425
2.55331
2.42237
2.29143
2.16049
2.02955
1.89862
1.76768
1.63674
1.5058
1.37486
1.24392
1.11299
0.982048
0.85111
0.720172
0.589234
0.458296
0.327356
0.196426
0.065462
10.7314
11.2826
10.9885
11.1522
11.2448
11.3236
11.3665
11.3824
11.3747
11.3475
11.3042
11.2474
11.1791
11.1012
11.0151
10.922
10.8228
10.7184
10.6096
10.497
10.3811
10.2624
10.1414
10.0183
9.89352
9.76728
9.63984
9.51139
9.38211
9.25215
9.12163
8.99067
8.85937
8.72779
8.59602
8.4641
8.33208
8.2
8.06789
7.93578
7.80369
7.67163
7.53961
7.40765
7.27574
7.1439
7.01213
6.88042
6.74877
6.61719
6.48566
6.3542
6.22278
6.09142
5.96011
5.82883
5.6976
5.5664
5.43524
5.3041
5.173
5.04191
4.91085
4.7798
4.64877
4.51775
4.38675
4.25575
4.12477
3.99379
3.86282
3.73186
3.6009
3.46995
3.33899
3.20804
3.0771
2.94615
2.81521
2.68427
2.55332
2.42238
2.29144
2.1605
2.02956
1.89863
1.76769
1.63675
1.50581
1.37487
1.24393
1.11299
0.982053
0.851114
0.720175
0.589236
0.458297
0.327357
0.196423
0.0654676
12.062
12.0287
11.5545
11.5441
11.5315
11.5401
11.5353
11.5167
11.4829
11.4355
11.3759
11.3058
11.2266
11.1396
11.0457
10.9461
10.8415
10.7325
10.6199
10.5041
10.3856
10.2648
10.142
10.0176
9.89172
9.76466
9.63661
9.50774
9.37818
9.24807
9.1175
8.98657
8.85535
8.72391
8.59231
8.46059
8.32879
8.19693
8.06506
7.93317
7.8013
7.66946
7.53765
7.40588
7.27417
7.1425
7.01088
6.87931
6.7478
6.61634
6.48492
6.35355
6.22223
6.09095
5.9597
5.82849
5.69731
5.56616
5.43504
5.30394
5.17286
5.0418
4.91076
4.77973
4.64872
4.51771
4.38672
4.25574
4.12476
3.99379
3.86282
3.73186
3.60091
3.46996
3.339
3.20806
3.07711
2.94617
2.81522
2.68428
2.55334
2.4224
2.29146
2.16052
2.02958
1.89864
1.7677
1.63676
1.50582
1.37488
1.24394
1.113
0.982057
0.851117
0.720178
0.589238
0.458298
0.327357
0.19642
0.0654729
12.973
12.6146
12.0569
11.9142
11.8131
11.7574
11.7065
11.6537
11.5937
11.5256
11.4494
11.3657
11.2753
11.1789
11.0772
10.971
10.8608
10.7472
10.6307
10.5116
10.3905
10.2675
10.1429
10.017
9.89007
9.76217
9.63349
9.50417
9.37432
9.24404
9.1134
8.98249
8.85135
8.72005
8.58861
8.45708
8.32549
8.19386
8.06221
7.93055
7.79891
7.66728
7.53568
7.40411
7.27257
7.14107
7.00961
6.87819
6.74681
6.61547
6.48417
6.3529
6.22166
6.09046
5.95928
5.82813
5.69701
5.56591
5.43483
5.30376
5.17272
5.04169
4.91067
4.77966
4.64866
4.51767
4.38669
4.25572
4.12475
3.99378
3.86282
3.73187
3.60091
3.46996
3.33902
3.20807
3.07712
2.94618
2.81524
2.68429
2.55335
2.42241
2.29147
2.16053
2.02959
1.89865
1.76771
1.63676
1.50582
1.37488
1.24394
1.113
0.982062
0.851121
0.720181
0.58924
0.458299
0.327358
0.196417
0.0654782
13.6351
13.0938
12.498
12.2568
12.0838
11.971
11.8772
11.7912
11.7054
11.6167
11.5239
11.4265
11.3247
11.2188
11.1092
10.9963
10.8805
10.7622
10.6417
10.5194
10.3955
10.2703
10.1439
10.0166
9.88854
9.75977
9.63045
9.50066
9.37051
9.24005
9.10934
8.97843
8.84737
8.71619
8.58492
8.45358
8.32219
8.19078
8.05936
7.92793
7.7965
7.66509
7.53369
7.40231
7.27096
7.13963
7.00834
6.87706
6.74582
6.6146
6.48341
6.35224
6.22109
6.08997
5.95886
5.82777
5.69671
5.56565
5.43461
5.30359
5.17257
5.04157
4.91057
4.77958
4.6486
4.51763
4.38666
4.2557
4.12473
3.99378
3.86282
3.73187
3.60092
3.46997
3.33903
3.20808
3.07714
2.94619
2.81525
2.68431
2.55336
2.42242
2.29148
2.16054
2.0296
1.89866
1.76771
1.63677
1.50583
1.37489
1.24395
1.11301
0.982067
0.851125
0.720184
0.589242
0.4583
0.327359
0.196414
0.0654832
14.1217
13.4905
12.8828
12.5703
12.3399
12.1776
12.0447
11.9275
11.8167
11.7079
11.5986
11.4876
11.3745
11.2591
11.1415
11.0219
10.9004
10.7773
10.6529
10.5273
10.4007
10.2732
10.1451
10.0163
9.88707
9.75742
9.62745
9.4972
9.36673
9.23608
9.10529
8.97438
8.84339
8.71233
8.58122
8.45007
8.31889
8.1877
8.0565
7.92529
7.79408
7.66288
7.53169
7.40051
7.26934
7.13819
7.00705
6.87593
6.74481
6.61372
6.48264
6.35157
6.22051
6.08947
5.95843
5.82741
5.6964
5.56539
5.4344
5.30341
5.17243
5.04145
4.91048
4.77951
4.64855
4.51759
4.38663
4.25567
4.12472
3.99377
3.86282
3.73187
3.60093
3.46998
3.33904
3.20809
3.07715
2.94621
2.81526
2.68432
2.55338
2.42244
2.29149
2.16055
2.02961
1.89867
1.76772
1.63678
1.50584
1.3749
1.24396
1.11301
0.982071
0.851129
0.720187
0.589244
0.458301
0.32736
0.196412
0.0654882
14.4904
13.8232
13.2179
12.8549
12.5793
12.3751
12.2071
12.0611
11.9267
11.7984
11.673
11.5486
11.4242
11.2993
11.1738
11.0474
10.9203
10.7925
10.6642
10.5352
10.4059
10.2762
10.1462
10.016
9.88562
9.7551
9.62446
9.49374
9.36295
9.23212
9.10125
8.97034
8.83942
8.70848
8.57753
8.44656
8.31559
8.18461
8.05363
7.92265
7.79166
7.66068
7.52969
7.39871
7.26772
7.13674
7.00576
6.87478
6.74381
6.61283
6.48186
6.35089
6.21993
6.08897
5.958
5.82705
5.69609
5.56513
5.43418
5.30323
5.17228
5.04133
4.91038
4.77943
4.64849
4.51754
4.3866
4.25565
4.12471
3.99376
3.86282
3.73188
3.60093
3.46999
3.33905
3.2081
3.07716
2.94622
2.81528
2.68433
2.55339
2.42245
2.2915
2.16056
2.02962
1.89868
1.76773
1.63679
1.50585
1.3749
1.24396
1.11302
0.982076
0.851133
0.72019
0.589246
0.458303
0.327361
0.196409
0.0654929
14.7806
14.1063
13.5102
13.1122
12.8015
12.562
12.3632
12.1907
12.0341
11.8872
11.7462
11.6088
11.4734
11.3392
11.2058
11.0728
10.9401
10.8076
10.6753
10.5431
10.411
10.2791
10.1473
10.0157
9.88415
9.75275
9.62146
9.49027
9.35918
9.22816
9.0972
8.9663
8.83545
8.70463
8.57383
8.44305
8.31229
8.18153
8.05077
7.92001
7.78924
7.65847
7.52769
7.3969
7.2661
7.13529
7.00447
6.87364
6.7428
6.61195
6.48109
6.35022
6.21935
6.08846
5.95757
5.82668
5.69578
5.56487
5.43396
5.30305
5.17213
5.04121
4.91028
4.77936
4.64843
4.5175
4.38656
4.25563
4.12469
3.99376
3.86282
3.73188
3.60094
3.47
3.33906
3.20812
3.07717
2.94623
2.81529
2.68435
2.5534
2.42246
2.29152
2.16057
2.02963
1.89869
1.76774
1.6368
1.50586
1.37491
1.24397
1.11302
0.982081
0.851137
0.720193
0.589249
0.458304
0.327362
0.196407
0.0654973
15.0166
14.3501
13.7661
13.3443
13.0064
12.7375
12.5117
12.3154
12.1382
11.9738
11.8179
11.6678
11.5216
11.3784
11.2373
11.0977
10.9595
10.8224
10.6862
10.5507
10.416
10.2819
10.1483
10.0152
9.88261
9.75035
9.61842
9.48677
9.35537
9.22417
9.09314
8.96225
8.83147
8.70077
8.57014
8.43955
8.30899
8.17845
8.04791
7.91737
7.78683
7.65627
7.5257
7.3951
7.26449
7.13385
7.00319
6.8725
6.74179
6.61107
6.48032
6.34955
6.21877
6.08796
5.95715
5.82631
5.69547
5.56461
5.43374
5.30287
5.17198
5.04109
4.91019
4.77928
4.64837
4.51745
4.38653
4.25561
4.12468
3.99375
3.86282
3.73188
3.60095
3.47001
3.33907
3.20813
3.07719
2.94625
2.8153
2.68436
2.55342
2.42247
2.29153
2.16059
2.02964
1.8987
1.76775
1.63681
1.50586
1.37492
1.24397
1.11303
0.982085
0.851141
0.720196
0.589251
0.458305
0.327363
0.196405
0.0655016
15.2137
14.5623
13.991
13.5533
13.1944
12.9013
12.6521
12.4343
12.2383
12.0574
11.8874
11.7251
11.5686
11.4166
11.2679
11.122
10.9784
10.8367
10.6967
10.5581
10.4207
10.2844
10.1491
10.0147
9.88095
9.74785
9.6153
9.48321
9.35152
9.22016
9.08906
8.95818
8.82748
8.69691
8.56644
8.43604
8.30569
8.17537
8.04506
7.91475
7.78442
7.65408
7.52371
7.39331
7.26288
7.13241
7.00191
6.87137
6.7408
6.61019
6.47955
6.34889
6.21819
6.08747
5.95672
5.82595
5.69516
5.56435
5.43353
5.30269
5.17183
5.04097
4.91009
4.77921
4.64831
4.51741
4.3865
4.25559
4.12467
3.99374
3.86282
3.73188
3.60095
3.47002
3.33908
3.20814
3.0772
2.94626
2.81532
2.68437
2.55343
2.42249
2.29154
2.1606
2.02965
1.89871
1.76776
1.63682
1.50587
1.37493
1.24398
1.11304
0.98209
0.851145
0.720199
0.589253
0.458306
0.327364
0.196403
0.0655055
15.3821
14.7483
14.1893
13.7414
13.3664
13.0532
12.7838
12.547
12.3337
12.1376
11.9542
11.7805
11.614
11.4534
11.2975
11.1454
10.9966
10.8505
10.7067
10.565
10.4251
10.2867
10.1497
10.0139
9.87912
9.74522
9.61208
9.47957
9.34761
9.21609
9.08494
8.95409
8.82347
8.69304
8.56274
8.43254
8.3024
8.1723
8.04221
7.91213
7.78203
7.6519
7.52173
7.39153
7.26128
7.13098
7.00064
6.87024
6.73981
6.60932
6.47879
6.34823
6.21762
6.08698
5.9563
5.82559
5.69486
5.5641
5.43332
5.30251
5.17169
5.04085
4.91
4.77913
4.64825
4.51737
4.38647
4.25556
4.12465
3.99374
3.86281
3.73189
3.60096
3.47003
3.33909
3.20815
3.07721
2.94627
2.81533
2.68439
2.55344
2.4225
2.29155
2.16061
2.02966
1.89872
1.76777
1.63683
1.50588
1.37493
1.24399
1.11304
0.982095
0.851149
0.720202
0.589256
0.458308
0.327365
0.196402
0.0655092
15.5282
14.9124
14.3649
13.9106
13.5232
13.1935
12.9068
12.653
12.4241
12.2139
12.0181
11.8334
11.6575
11.4888
11.3258
11.1678
11.0138
10.8634
10.7161
10.5714
10.429
10.2886
10.15
10.0129
9.8771
9.74243
9.60872
9.47583
9.34362
9.21197
9.08078
8.94997
8.81945
8.68916
8.55904
8.42903
8.29911
8.16924
8.03938
7.90952
7.77964
7.64973
7.51977
7.38976
7.25969
7.12957
6.99938
6.86913
6.73883
6.60846
6.47805
6.34758
6.21706
6.08649
5.95589
5.82524
5.69456
5.56385
5.43311
5.30234
5.17155
5.04074
4.90991
4.77906
4.6482
4.51733
4.38644
4.25555
4.12464
3.99373
3.86281
3.73189
3.60097
3.47004
3.3391
3.20816
3.07723
2.94629
2.81534
2.6844
2.55346
2.42251
2.29157
2.16062
2.02967
1.89873
1.76778
1.63683
1.50589
1.37494
1.24399
1.11305
0.9821
0.851153
0.720205
0.589258
0.458309
0.327366
0.1964
0.0655126
15.6567
15.0578
14.5207
14.0626
13.6657
13.3224
13.0208
12.7521
12.509
12.2859
12.0785
11.8836
11.6988
11.5223
11.3527
11.1889
11.0301
10.8756
10.7248
10.5772
10.4324
10.2901
10.1499
10.0116
9.87483
9.73944
9.60521
9.47196
9.33952
9.20777
9.07657
8.94581
8.8154
8.68526
8.55533
8.42554
8.29584
8.16619
8.03657
7.90694
7.77728
7.64758
7.51783
7.38801
7.25813
7.12817
6.99814
6.86804
6.73787
6.60762
6.47731
6.34694
6.21651
6.08602
5.95548
5.8249
5.69427
5.56361
5.43291
5.30218
5.17141
5.04063
4.90982
4.77899
4.64815
4.51729
4.38641
4.25553
4.12463
3.99373
3.86282
3.7319
3.60097
3.47005
3.33911
3.20818
3.07724
2.9463
2.81536
2.68441
2.55347
2.42252
2.29158
2.16063
2.02968
1.89874
1.76779
1.63684
1.5059
1.37495
1.244
1.11305
0.982104
0.851157
0.720208
0.589261
0.458311
0.327367
0.196399
0.0655156
15.7706
15.1871
14.6591
14.1991
13.7949
13.4403
13.1259
12.8441
12.5883
12.3534
12.1353
11.9308
11.7376
11.5537
11.3778
11.2085
11.0451
10.8866
10.7325
10.5822
10.4352
10.2911
10.1494
10.0099
9.87227
9.73622
9.60151
9.46794
9.33532
9.20348
9.07229
8.9416
8.81133
8.68136
8.55162
8.42204
8.29257
8.16316
8.03377
7.90437
7.77494
7.64546
7.51591
7.38629
7.25659
7.1268
6.99693
6.86697
6.73692
6.6068
6.47659
6.34632
6.21597
6.08556
5.95509
5.82457
5.69399
5.56337
5.43271
5.30202
5.17128
5.04052
4.90974
4.77893
4.6481
4.51725
4.38639
4.25551
4.12462
3.99373
3.86282
3.7319
3.60098
3.47006
3.33913
3.20819
3.07725
2.94631
2.81537
2.68443
2.55348
2.42254
2.29159
2.16064
2.0297
1.89875
1.7678
1.63685
1.5059
1.37495
1.24401
1.11306
0.982109
0.851161
0.720212
0.589263
0.458313
0.327368
0.196398
0.0655184
15.8721
15.3022
14.7823
14.3214
13.9115
13.5477
13.2223
12.9289
12.6617
12.4161
12.1881
11.9747
11.7736
11.5829
11.401
11.2266
11.0587
10.8966
10.7394
10.5865
10.4373
10.2915
10.1484
10.0079
9.86939
9.73272
9.59759
9.46375
9.33098
9.1991
9.06794
8.93735
8.80722
8.67743
8.5479
8.41855
8.28932
8.16015
8.031
7.90183
7.77263
7.64337
7.51402
7.3846
7.25507
7.12545
6.99573
6.86592
6.736
6.60599
6.47589
6.34571
6.21545
6.08511
5.95471
5.82424
5.69372
5.56315
5.43253
5.30186
5.17116
5.04043
4.90966
4.77887
4.64805
4.51722
4.38637
4.2555
4.12462
3.99372
3.86282
3.73191
3.60099
3.47007
3.33914
3.2082
3.07727
2.94633
2.81539
2.68444
2.5535
2.42255
2.2916
2.16066
2.02971
1.89876
1.76781
1.63686
1.50591
1.37496
1.24401
1.11306
0.982114
0.851165
0.720215
0.589266
0.458314
0.327369
0.196398
0.0655208
15.9626
15.4046
14.8916
14.4307
14.0163
13.6448
13.31
13.0064
12.7291
12.4737
12.2367
12.0152
11.8068
11.6096
11.4221
11.2429
11.0709
10.9053
10.7451
10.5898
10.4387
10.2912
10.1469
10.0053
9.86613
9.72893
9.59344
9.45937
9.3265
9.1946
9.0635
8.93304
8.80307
8.67349
8.54418
8.41507
8.28608
8.15715
8.02825
7.89932
7.77035
7.6413
7.51217
7.38293
7.25359
7.12414
6.99457
6.86489
6.7351
6.60521
6.47521
6.34512
6.21495
6.08468
5.95435
5.82394
5.69346
5.56293
5.43235
5.30172
5.17104
5.04033
4.90959
4.77881
4.64801
4.51719
4.38635
4.25549
4.12461
3.99373
3.86283
3.73192
3.601
3.47008
3.33915
3.20822
3.07728
2.94634
2.8154
2.68446
2.55351
2.42256
2.29162
2.16067
2.02972
1.89877
1.76782
1.63687
1.50592
1.37497
1.24402
1.11307
0.982119
0.851169
0.720218
0.589268
0.458316
0.327371
0.196397
0.0655229
16.0433
15.4955
14.9886
14.5279
14.1101
13.7321
13.3892
13.0768
12.7904
12.5262
12.281
12.052
11.8368
11.6337
11.4409
11.2572
11.0814
10.9125
10.7497
10.5921
10.4392
10.2902
10.1448
10.0023
9.86247
9.72481
9.58902
9.45478
9.32185
9.18998
9.05898
8.92867
8.79889
8.66952
8.54045
8.41159
8.28285
8.15418
8.02553
7.89684
7.7681
7.63927
7.51035
7.3813
7.25214
7.12285
6.99344
6.8639
6.73423
6.60445
6.47456
6.34456
6.21446
6.08427
5.954
5.82364
5.69322
5.56273
5.43218
5.30158
5.17094
5.04025
4.90952
4.77876
4.64798
4.51717
4.38633
4.25548
4.12461
3.99373
3.86283
3.73193
3.60101
3.47009
3.33917
3.20823
3.0773
2.94636
2.81542
2.68447
2.55352
2.42258
2.29163
2.16068
2.02973
1.89878
1.76783
1.63688
1.50593
1.37498
1.24403
1.11307
0.982124
0.851173
0.720222
0.589271
0.458318
0.327372
0.196397
0.0655246
16.1149
15.576
15.0742
14.6141
14.1934
13.8101
13.4602
13.14
12.8455
12.5735
12.3208
12.0849
11.8636
11.655
11.4574
11.2696
11.0902
10.9183
10.753
10.5934
10.4387
10.2885
10.142
9.9988
9.85837
9.72033
9.5843
9.44996
9.31702
9.18523
9.05436
8.92422
8.79466
8.66554
8.53672
8.40812
8.27965
8.15124
8.02284
7.8944
7.76589
7.63728
7.50856
7.37972
7.25073
7.12161
6.99234
6.86294
6.7334
6.60373
6.47393
6.34402
6.214
6.08388
5.95367
5.82337
5.69299
5.56254
5.43203
5.30146
5.17084
5.04017
4.90946
4.77872
4.64795
4.51715
4.38632
4.25548
4.12461
3.99373
3.86284
3.73194
3.60103
3.47011
3.33918
3.20825
3.07731
2.94637
2.81543
2.68449
2.55354
2.42259
2.29164
2.16069
2.02974
1.89879
1.76784
1.63689
1.50593
1.37498
1.24403
1.11308
0.982129
0.851177
0.720225
0.589274
0.45832
0.327374
0.196398
0.0655261
16.1783
15.6467
15.1494
14.6898
14.2669
13.879
13.5231
13.1961
12.8945
12.6154
12.356
12.1139
11.8869
11.6733
11.4713
11.2797
11.0971
10.9225
10.7549
10.5934
10.4373
10.2859
10.1385
9.99467
9.8538
9.71546
9.57928
9.4449
9.312
9.18033
9.04963
8.91971
8.79039
8.66153
8.53298
8.40466
8.27646
8.14832
8.02018
7.89199
7.76372
7.63534
7.50683
7.37817
7.24936
7.1204
6.99128
6.86201
6.73259
6.60303
6.47333
6.34351
6.21357
6.08351
5.95336
5.82311
5.69277
5.56236
5.43189
5.30134
5.17075
5.0401
4.90941
4.77868
4.64792
4.51713
4.38631
4.25547
4.12462
3.99374
3.86285
3.73195
3.60104
3.47012
3.3392
3.20827
3.07733
2.94639
2.81545
2.6845
2.55355
2.4226
2.29165
2.1607
2.02975
1.8988
1.76785
1.63689
1.50594
1.37499
1.24404
1.11309
0.982134
0.851181
0.720229
0.589277
0.458323
0.327375
0.196398
0.0655272
16.2337
15.7084
15.2148
14.7558
14.331
13.9393
13.5782
13.2451
12.9373
12.6519
12.3865
12.1388
11.9067
11.6885
11.4826
11.2875
11.102
10.925
10.7553
10.5922
10.4349
10.2824
10.1343
9.98993
9.8487
9.71018
9.57392
9.43956
9.30678
9.17527
9.04479
8.91512
8.78608
8.65749
8.52924
8.40121
8.2733
8.14544
8.01757
7.88963
7.7616
7.63344
7.50514
7.37667
7.24804
7.11924
6.99027
6.86113
6.73183
6.60237
6.47277
6.34303
6.21316
6.08317
5.95307
5.82287
5.69258
5.56221
5.43176
5.30124
5.17067
5.04004
4.90937
4.77865
4.6479
4.51712
4.38631
4.25548
4.12462
3.99375
3.86287
3.73197
3.60106
3.47014
3.33922
3.20828
3.07735
2.94641
2.81546
2.68452
2.55357
2.42262
2.29167
2.16071
2.02976
1.89881
1.76786
1.6369
1.50595
1.375
1.24404
1.11309
0.982138
0.851186
0.720232
0.58928
0.458325
0.327377
0.196399
0.065528
16.2817
15.7616
15.271
14.8126
14.3862
13.9911
13.6256
13.2873
12.9739
12.6829
12.4121
12.1594
11.9228
11.7006
11.4911
11.2929
11.1048
10.9256
10.7542
10.5898
10.4313
10.278
10.1293
9.98453
9.84307
9.70445
9.5682
9.43395
9.30134
9.17005
9.03983
8.91045
8.78171
8.65344
8.5255
8.39777
8.27016
8.14259
8.01499
7.88732
7.75953
7.63159
7.5035
7.37523
7.24677
7.11813
6.9893
6.86029
6.7311
6.60175
6.47224
6.34258
6.21278
6.08285
5.9528
5.82265
5.6924
5.56206
5.43164
5.30116
5.1706
5.03999
4.90933
4.77863
4.64789
4.51712
4.38631
4.25549
4.12464
3.99377
3.86288
3.73199
3.60108
3.47016
3.33923
3.2083
3.07736
2.94642
2.81548
2.68453
2.55358
2.42263
2.29168
2.16073
2.02977
1.89882
1.76787
1.63691
1.50596
1.375
1.24405
1.1131
0.982143
0.85119
0.720236
0.589283
0.458327
0.327378
0.1964
0.0655286
16.3226
15.8068
15.3186
14.8606
14.4328
14.0349
13.6654
13.3226
13.0043
12.7084
12.4329
12.1758
11.9351
11.7093
11.4967
11.2958
11.1055
10.9244
10.7515
10.5859
10.4265
10.2726
10.1235
9.97843
9.83686
9.69825
9.56211
9.42804
9.29566
9.16466
9.03475
8.9057
8.77729
8.64936
8.52175
8.39435
8.26706
8.13978
8.01246
7.88505
7.75751
7.6298
7.50192
7.37383
7.24555
7.11707
6.98838
6.85949
6.73042
6.60117
6.47174
6.34216
6.21243
6.08256
5.95257
5.82246
5.69225
5.56194
5.43155
5.30108
5.17055
5.03996
4.90931
4.77862
4.64789
4.51712
4.38632
4.2555
4.12465
3.99378
3.8629
3.732
3.6011
3.47018
3.33925
3.20832
3.07738
2.94644
2.8155
2.68455
2.5536
2.42264
2.29169
2.16074
2.02978
1.89883
1.76787
1.63692
1.50597
1.37501
1.24406
1.1131
0.982148
0.851194
0.72024
0.589286
0.45833
0.32738
0.196401
0.0655288
16.3565
15.8442
15.358
14.9002
14.4712
14.0708
13.698
13.3511
13.0286
12.7284
12.4488
12.1877
11.9436
11.7146
11.4992
11.2961
11.1038
10.9212
10.7471
10.5805
10.4205
10.2662
10.1168
9.9716
9.83005
9.69156
9.55563
9.42182
9.28975
9.15909
9.02954
8.90085
8.77282
8.64525
8.51801
8.39095
8.26398
8.13702
8.00999
7.88285
7.75555
7.62807
7.5004
7.3725
7.24439
7.11606
6.98751
6.85875
6.72979
6.60063
6.47129
6.34178
6.21211
6.0823
5.95235
5.82229
5.69211
5.56183
5.43147
5.30102
5.17051
5.03993
4.9093
4.77861
4.64789
4.51713
4.38633
4.25551
4.12467
3.9938
3.86292
3.73203
3.60112
3.4702
3.33927
3.20834
3.0774
2.94646
2.81551
2.68456
2.55361
2.42266
2.2917
2.16075
2.02979
1.89884
1.76788
1.63693
1.50597
1.37502
1.24406
1.11311
0.982153
0.851198
0.720243
0.589289
0.458332
0.327382
0.196403
0.0655288
16.3838
15.8743
15.3896
14.9319
14.5017
14.0991
13.7233
13.373
13.0468
12.7429
12.4596
12.1952
11.948
11.7164
11.4987
11.2937
11.0999
10.916
10.741
10.5737
10.4132
10.2586
10.1091
9.96401
9.82262
9.68436
9.54874
9.41528
9.28359
9.15333
9.0242
8.89593
8.7683
8.64113
8.51426
8.38757
8.26094
8.1343
8.00757
7.8807
7.75366
7.62641
7.49894
7.37124
7.24329
7.11511
6.9867
6.85806
6.7292
6.60014
6.47088
6.34144
6.21183
6.08207
5.95217
5.82214
5.692
5.56175
5.43141
5.30098
5.17048
5.03992
4.90929
4.77862
4.6479
4.51714
4.38635
4.25553
4.12469
3.99383
3.86295
3.73205
3.60114
3.47022
3.3393
3.20836
3.07742
2.94648
2.81553
2.68458
2.55363
2.42267
2.29172
2.16076
2.02981
1.89885
1.76789
1.63694
1.50598
1.37502
1.24407
1.11311
0.982158
0.851203
0.720247
0.589292
0.458335
0.327384
0.196405
0.0655286
16.4047
15.8972
15.4136
14.9558
14.5246
14.12
13.7416
13.3883
13.0589
12.7518
12.4655
12.1982
11.9485
11.7146
11.4951
11.2885
11.0934
10.9087
10.733
10.5653
10.4046
10.2499
10.1005
9.95563
9.81453
9.67664
9.54142
9.4084
9.27718
9.14739
9.01872
8.89091
8.76373
8.63699
8.51052
8.38421
8.25794
8.13163
8.00521
7.87862
7.75183
7.62482
7.49755
7.37004
7.24226
7.11423
6.98595
6.85742
6.72867
6.59969
6.47051
6.34114
6.21159
6.08188
5.95202
5.82203
5.69191
5.56169
5.43137
5.30096
5.17047
5.03991
4.9093
4.77863
4.64792
4.51717
4.38638
4.25556
4.12472
3.99386
3.86297
3.73208
3.60117
3.47025
3.33932
3.20838
3.07744
2.9465
2.81555
2.6846
2.55364
2.42269
2.29173
2.16077
2.02982
1.89886
1.7679
1.63694
1.50599
1.37503
1.24408
1.11312
0.982163
0.851207
0.720251
0.589295
0.458337
0.327386
0.196407
0.0655282
16.4193
15.9133
15.4303
14.9723
14.54
14.1336
13.7529
13.3971
13.0649
12.7551
12.4662
12.1966
11.9448
11.7091
11.4882
11.2804
11.0845
10.8992
10.7231
10.5553
10.3946
10.2401
10.091
9.94644
9.80577
9.66837
9.53367
9.40119
9.2705
9.14125
9.01311
8.8858
8.75911
8.63283
8.5068
8.38089
8.25499
8.12902
8.00291
7.87661
7.75008
7.6233
7.49624
7.36891
7.2413
7.11342
6.98526
6.85685
6.72819
6.5993
6.47019
6.34088
6.21139
6.08172
5.9519
5.82194
5.69185
5.56165
5.43134
5.30095
5.17047
5.03993
4.90932
4.77866
4.64795
4.5172
4.38641
4.25559
4.12475
3.99389
3.863
3.73211
3.6012
3.47027
3.33934
3.20841
3.07746
2.94652
2.81557
2.68461
2.55366
2.4227
2.29174
2.16079
2.02983
1.89887
1.76791
1.63695
1.506
1.37504
1.24408
1.11312
0.982168
0.851211
0.720255
0.589298
0.45834
0.327388
0.196409
0.0655275
16.4278
15.9226
15.4399
14.9815
14.5481
14.1402
13.7575
13.3994
13.0649
12.7529
12.4619
12.1904
11.9369
11.7
11.478
11.2695
11.073
10.8874
10.7113
10.5436
10.3831
10.2291
10.0804
9.9364
9.79633
9.65954
9.52547
9.39362
9.26356
9.13492
9.00736
8.88061
8.75444
8.62865
8.50308
8.3776
8.25209
8.12647
8.00068
7.87467
7.7484
7.62186
7.49501
7.36786
7.24042
7.11267
6.98464
6.85634
6.72777
6.59896
6.46992
6.34067
6.21123
6.0816
5.95182
5.82188
5.69182
5.56163
5.43134
5.30096
5.17049
5.03995
4.90935
4.77869
4.64798
4.51723
4.38645
4.25563
4.12479
3.99392
3.86304
3.73214
3.60123
3.4703
3.33937
3.20843
3.07749
2.94654
2.81558
2.68463
2.55367
2.42272
2.29176
2.1608
2.02984
1.89888
1.76792
1.63696
1.506
1.37504
1.24409
1.11313
0.982173
0.851216
0.720259
0.589302
0.458343
0.32739
0.196412
0.0655267
16.4303
15.9255
15.4427
14.9836
14.5491
14.1397
13.7553
13.3953
13.0589
12.7451
12.4524
12.1795
11.9249
11.687
11.4644
11.2555
11.0589
10.8734
10.6975
10.5302
10.3703
10.2168
10.0688
9.92551
9.78618
9.65014
9.51682
9.3857
9.25636
9.12839
9.00148
8.87534
8.74974
8.62448
8.49939
8.37435
8.24924
8.12399
7.99853
7.87282
7.74682
7.6205
7.49386
7.3669
7.23961
7.11201
6.9841
6.8559
6.72742
6.59868
6.46971
6.34051
6.21111
6.08152
5.95177
5.82186
5.69181
5.56164
5.43136
5.30099
5.17053
5.04
4.90939
4.77874
4.64803
4.51728
4.38649
4.25567
4.12483
3.99396
3.86308
3.73217
3.60126
3.47033
3.3394
3.20846
3.07751
2.94656
2.8156
2.68465
2.55369
2.42273
2.29177
2.16081
2.02985
1.89889
1.76793
1.63697
1.50601
1.37505
1.24409
1.11314
0.982177
0.85122
0.720262
0.589305
0.458346
0.327393
0.196415
0.0655258
16.427
15.9221
15.4388
14.9789
14.5432
14.1324
13.7464
13.3848
13.0469
12.7316
12.4378
12.1639
11.9085
11.6702
11.4473
11.2385
11.0422
10.857
10.6817
10.515
10.3559
10.2032
10.0561
9.91374
9.77531
9.64016
9.50771
9.37743
9.24889
9.12168
8.99547
8.86999
8.745
8.6203
8.49572
8.37114
8.24646
8.12159
7.99647
7.87105
7.74532
7.61924
7.49281
7.36602
7.23889
7.11142
6.98362
6.85552
6.72713
6.59846
6.46955
6.3404
6.21104
6.08148
5.95175
5.82186
5.69183
5.56168
5.43141
5.30104
5.17058
5.04005
4.90945
4.77879
4.64809
4.51733
4.38654
4.25572
4.12488
3.994
3.86312
3.73221
3.60129
3.47036
3.33943
3.20848
3.07753
2.94658
2.81562
2.68467
2.55371
2.42274
2.29178
2.16082
2.02986
1.8989
1.76794
1.63698
1.50602
1.37506
1.2441
1.11314
0.982182
0.851224
0.720266
0.589309
0.458349
0.327395
0.196418
0.0655247
16.4179
15.9124
15.4283
14.9674
14.5305
14.1183
13.7309
13.368
13.0289
12.7126
12.4179
12.1435
11.8878
11.6494
11.4268
11.2184
11.0226
10.8382
10.6638
10.4981
10.34
10.1884
10.0424
9.90109
9.76372
9.62961
9.49815
9.36881
9.24115
9.11477
8.98934
8.86457
8.74023
8.61612
8.49209
8.368
8.24375
8.11927
7.99449
7.86939
7.74392
7.61807
7.49184
7.36524
7.23826
7.11092
6.98323
6.85522
6.72691
6.59831
6.46944
6.34034
6.21101
6.08148
5.95178
5.82191
5.69189
5.56174
5.43148
5.30111
5.17066
5.04012
4.90952
4.77886
4.64815
4.5174
4.3866
4.25578
4.12493
3.99405
3.86316
3.73225
3.60133
3.4704
3.33946
3.20851
3.07756
2.9466
2.81564
2.68468
2.55372
2.42276
2.2918
2.16083
2.02987
1.89891
1.76795
1.63698
1.50602
1.37506
1.2441
1.11315
0.982187
0.851229
0.72027
0.589312
0.458353
0.327398
0.196421
0.0655236
16.4032
15.8966
15.4114
14.9492
14.511
14.0975
13.7089
13.3449
13.0049
12.6879
12.3928
12.1182
11.8627
11.6248
11.4027
11.1951
11.0004
10.8171
10.6438
10.4794
10.3226
10.1723
10.0276
9.88755
9.75141
9.61847
9.48813
9.35984
9.23316
9.10769
8.98309
8.85909
8.73545
8.61197
8.4885
8.36492
8.24112
8.11704
7.99262
7.86782
7.74262
7.61701
7.49098
7.36455
7.23772
7.1105
6.98292
6.855
6.72676
6.59821
6.4694
6.34033
6.21104
6.08153
5.95184
5.82198
5.69197
5.56183
5.43157
5.3012
5.17075
5.04021
4.90961
4.77894
4.64823
4.51747
4.38667
4.25584
4.12498
3.9941
3.86321
3.73229
3.60137
3.47043
3.33949
3.20854
3.07758
2.94663
2.81566
2.6847
2.55374
2.42277
2.29181
2.16084
2.02988
1.89892
1.76795
1.63699
1.50603
1.37507
1.24411
1.11315
0.982191
0.851233
0.720274
0.589316
0.458356
0.3274
0.196424
0.0655224
16.383
15.8749
15.3881
14.9244
14.4848
14.07
13.6803
13.3154
12.9748
12.6575
12.3624
12.0881
11.8332
11.5961
11.3751
11.1686
10.9753
10.7934
10.6217
10.4589
10.3036
10.1549
10.0117
9.87312
9.73838
9.60676
9.47766
9.35054
9.22493
9.10044
8.97675
8.85356
8.73066
8.60784
8.48497
8.36191
8.23858
8.11491
7.99085
7.86636
7.74143
7.61606
7.49023
7.36396
7.23727
7.11018
6.9827
6.85486
6.72668
6.59819
6.46942
6.34038
6.21111
6.08163
5.95195
5.8221
5.69209
5.56195
5.43169
5.30132
5.17086
5.04032
4.90971
4.77904
4.64831
4.51755
4.38674
4.25591
4.12504
3.99416
3.86326
3.73234
3.60141
3.47047
3.33952
3.20857
3.07761
2.94665
2.81568
2.68472
2.55375
2.42279
2.29182
2.16086
2.02989
1.89893
1.76796
1.637
1.50604
1.37508
1.24412
1.11316
0.982196
0.851237
0.720278
0.589319
0.458359
0.327403
0.196428
0.0655211
16.3573
15.8472
15.3586
14.8931
14.452
14.0359
13.6452
13.2796
12.9387
12.6214
12.3267
12.0531
11.7992
11.5633
11.3438
11.139
10.9473
10.7673
10.5975
10.4365
10.2831
10.1362
9.99471
9.8578
9.72463
9.59449
9.46676
9.3409
9.21646
9.09304
8.97031
8.84799
8.72587
8.60375
8.4815
8.35899
8.23614
8.11289
7.9892
7.86503
7.74037
7.61522
7.48959
7.36349
7.23694
7.10995
6.98257
6.8548
6.72668
6.59824
6.4695
6.34049
6.21124
6.08177
5.95209
5.82225
5.69224
5.5621
5.43183
5.30146
5.17099
5.04044
4.90982
4.77914
4.64841
4.51764
4.38682
4.25598
4.12511
3.99422
3.86331
3.73239
3.60145
3.47051
3.33956
3.2086
3.07764
2.94667
2.81571
2.68474
2.55377
2.4228
2.29183
2.16087
2.0299
1.89893
1.76797
1.63701
1.50604
1.37508
1.24412
1.11316
0.982201
0.851241
0.720282
0.589323
0.458363
0.327406
0.196432
0.0655199
16.3262
15.8137
15.3228
14.8553
14.4125
13.9951
13.6034
13.2374
12.8964
12.5795
12.2856
12.0131
11.7606
11.5264
11.3088
11.106
10.9165
10.7387
10.5711
10.4123
10.261
10.1161
9.97665
9.8416
9.71017
9.58166
9.45543
9.33095
9.20777
9.08549
8.96379
8.8424
8.72111
8.59972
8.47811
8.35617
8.23382
8.111
7.98767
7.86382
7.73943
7.61451
7.48907
7.36313
7.23671
7.10983
6.98253
6.85483
6.72677
6.59836
6.46965
6.34066
6.21142
6.08196
5.95229
5.82244
5.69242
5.56227
5.432
5.30161
5.17114
5.04058
4.90995
4.77926
4.64852
4.51773
4.38691
4.25606
4.12518
3.99429
3.86337
3.73244
3.6015
3.47055
3.33959
3.20863
3.07766
2.9467
2.81573
2.68476
2.55379
2.42282
2.29185
2.16088
2.02991
1.89894
1.76798
1.63701
1.50605
1.37509
1.24413
1.11316
0.982205
0.851245
0.720286
0.589327
0.458367
0.327409
0.196436
0.0655187
16.2899
15.7743
15.2808
14.811
14.3663
13.9476
13.5551
13.1887
12.8479
12.5318
12.239
11.9681
11.7174
11.4854
11.2701
11.0698
10.8828
10.7076
10.5425
10.3862
10.2374
10.0948
9.95752
9.82453
9.69503
9.56829
9.4437
9.32072
9.19888
9.07783
8.95722
8.83681
8.71638
8.59576
8.47482
8.35347
8.23162
8.10924
7.98628
7.86275
7.73863
7.61393
7.48868
7.36289
7.23659
7.10982
6.98259
6.85495
6.72693
6.59856
6.46987
6.3409
6.21166
6.0822
5.95252
5.82266
5.69264
5.56248
5.43219
5.3018
5.17131
5.04073
4.91009
4.77939
4.64864
4.51784
4.38701
4.25615
4.12526
3.99435
3.86343
3.73249
3.60155
3.47059
3.33963
3.20866
3.07769
2.94672
2.81575
2.68478
2.5538
2.42283
2.29186
2.16089
2.02992
1.89895
1.76798
1.63702
1.50605
1.37509
1.24413
1.11317
0.982209
0.85125
0.72029
0.589331
0.45837
0.327413
0.196441
0.0655176
16.2483
15.7293
15.2326
14.7603
14.3135
13.8934
13.5001
13.1336
12.7933
12.4782
12.1869
11.918
11.6697
11.4402
11.2277
11.0303
10.8463
10.674
10.5118
10.3583
10.2122
10.0722
9.93737
9.80665
9.67925
9.55444
9.43161
9.31022
9.18984
9.07008
8.95063
8.83124
8.71172
8.59189
8.47165
8.35089
8.22957
8.10762
7.98505
7.86183
7.73798
7.6135
7.48843
7.36278
7.2366
7.10991
6.98276
6.85517
6.72719
6.59884
6.47017
6.3412
6.21196
6.08249
5.9528
5.82293
5.6929
5.56272
5.43242
5.302
5.17149
5.04091
4.91025
4.77953
4.64877
4.51796
4.38711
4.25624
4.12534
3.99443
3.86349
3.73255
3.6016
3.47063
3.33967
3.20869
3.07772
2.94675
2.81577
2.68479
2.55382
2.42284
2.29187
2.1609
2.02993
1.89896
1.76799
1.63702
1.50606
1.3751
1.24413
1.11317
0.982213
0.851254
0.720294
0.589335
0.458375
0.327416
0.196445
0.0655167
16.2015
15.6785
15.1783
14.7031
14.2541
13.8325
13.4385
13.0721
12.7325
12.4187
12.1294
11.8629
11.6173
11.3909
11.1816
10.9875
10.8069
10.6379
10.479
10.3287
10.1856
10.0485
9.91625
9.78799
9.66286
9.54013
9.41919
9.29952
9.18066
9.06227
8.94404
8.82573
8.70715
8.58814
8.46861
8.34847
8.22767
8.10617
7.98397
7.86107
7.73748
7.61322
7.48832
7.36281
7.23673
7.11013
6.98303
6.85549
6.72753
6.5992
6.47053
6.34156
6.21231
6.08283
5.95313
5.82324
5.69319
5.56299
5.43266
5.30223
5.1717
5.0411
4.91042
4.77969
4.6489
4.51808
4.38722
4.25634
4.12543
3.9945
3.86356
3.73261
3.60165
3.47068
3.3397
3.20873
3.07775
2.94677
2.81579
2.68481
2.55383
2.42286
2.29188
2.16091
2.02994
1.89897
1.768
1.63703
1.50607
1.3751
1.24414
1.11318
0.982217
0.851258
0.720298
0.589339
0.458379
0.32742
0.196451
0.0655162
16.1487
15.6209
15.1167
14.6381
14.1867
13.7635
13.3688
13.0026
12.664
12.3521
12.0651
11.8015
11.5593
11.3364
11.1309
10.9407
10.764
10.5988
10.4436
10.2968
10.1571
10.0231
9.89384
9.7683
9.64566
9.52519
9.4063
9.28847
9.17127
9.05434
8.9374
8.82023
8.70264
8.5845
8.46571
8.3462
8.22594
8.1049
7.98308
7.86049
7.73715
7.6131
7.48836
7.36299
7.23701
7.11048
6.98343
6.85592
6.72798
6.59965
6.47098
6.342
6.21274
6.08323
5.95351
5.8236
5.69352
5.56329
5.43294
5.30249
5.17194
5.04131
4.91061
4.77986
4.64905
4.51821
4.38734
4.25644
4.12552
3.99458
3.86363
3.73267
3.6017
3.47072
3.33974
3.20876
3.07778
2.9468
2.81581
2.68483
2.55385
2.42287
2.29189
2.16092
2.02994
1.89897
1.768
1.63704
1.50607
1.37511
1.24414
1.11318
0.982221
0.851262
0.720302
0.589343
0.458383
0.327425
0.196457
0.0655163
16.0875
15.5542
15.0451
14.5626
14.1083
13.6833
13.288
12.9222
12.5851
12.2754
11.9915
11.7314
11.4932
11.2747
11.0737
10.8881
10.7159
10.5552
10.4043
10.2616
10.1257
9.99536
9.86943
9.74695
9.62711
9.50918
9.39258
9.27679
9.1614
9.04608
8.93056
8.81462
8.6981
8.58088
8.46288
8.34405
8.22436
8.10379
7.98236
7.8601
7.73702
7.61317
7.4886
7.36334
7.23745
7.11098
6.98398
6.85649
6.72855
6.60022
6.47154
6.34253
6.21325
6.08371
5.95396
5.82401
5.6939
5.56365
5.43327
5.30278
5.1722
5.04154
4.91082
4.78005
4.64922
4.51836
4.38747
4.25656
4.12562
3.99467
3.86371
3.73274
3.60176
3.47077
3.33979
3.2088
3.07781
2.94682
2.81583
2.68485
2.55387
2.42288
2.2919
2.16093
2.02995
1.89898
1.76801
1.63704
1.50607
1.37511
1.24415
1.11319
0.982225
0.851266
0.720306
0.589348
0.458388
0.32743
0.196464
0.0655181
16.0283
15.4896
14.9758
14.4895
14.0324
13.6057
13.2099
12.8446
12.509
12.2016
11.9207
11.6643
11.4301
11.2159
11.0193
10.8382
10.6704
10.514
10.3673
10.2286
10.0964
9.96947
9.84672
9.72717
9.60998
9.49445
9.38
9.26614
9.15246
9.03864
8.92443
8.80963
8.69411
8.57774
8.46047
8.34225
8.22307
8.10294
7.98186
7.85988
7.73703
7.61336
7.48893
7.36377
7.23796
7.11153
6.98456
6.85708
6.72914
6.6008
6.47209
6.34307
6.21375
6.08419
5.9544
5.82442
5.69428
5.56399
5.43358
5.30306
5.17245
5.04177
4.91102
4.78022
4.64938
4.5185
4.3876
4.25667
4.12572
3.99475
3.86378
3.7328
3.60181
3.47082
3.33983
3.20883
3.07784
2.94685
2.81585
2.68487
2.55388
2.42289
2.29191
2.16093
2.02996
1.89899
1.76801
1.63705
1.50608
1.37511
1.24415
1.11319
0.982229
0.851269
0.72031
0.589352
0.458393
0.327435
0.19647
0.0655226
10.1434
10.1529
10.2204
10.339
10.489
10.6526
10.8141
10.9619
11.0878
11.1872
11.2579
11.2996
11.3135
11.3016
11.2662
11.2101
11.136
11.0464
10.9439
10.8305
10.7083
10.579
10.444
10.3047
10.1622
10.0172
9.87072
9.72325
9.57532
9.42733
9.27959
9.13237
8.98582
8.84009
8.69525
8.55136
8.40845
8.26651
8.12552
7.98546
7.84629
7.70795
7.57039
7.43357
7.29742
7.16188
7.02691
6.89245
6.75845
6.62486
6.49164
6.35874
6.22614
6.09379
5.96166
5.82973
5.69796
5.56634
5.43485
5.30346
5.17217
5.04095
4.90979
4.77869
4.64764
4.51662
4.38564
4.25467
4.12373
3.9928
3.86188
3.73097
3.60007
3.46917
3.33828
3.20738
3.07649
2.94559
2.81469
2.68379
2.55289
2.42198
2.29108
2.16017
2.02925
1.89834
1.76742
1.6365
1.50558
1.37465
1.24373
1.1128
0.981871
0.850943
0.720014
0.589086
0.458161
0.327231
0.196324
0.0653674
10.1525
10.1614
10.2237
10.3328
10.4712
10.6232
10.7744
10.9139
11.0339
11.1297
11.1988
11.2407
11.2561
11.2466
11.2144
11.162
11.0918
11.0062
10.9077
10.7981
10.6796
10.5537
10.4219
10.2854
10.1455
10.003
9.85858
9.713
9.56674
9.42021
9.27375
9.12763
8.98204
8.83712
8.69297
8.54967
8.40724
8.2657
8.12505
7.98525
7.84629
7.70812
7.57069
7.43395
7.29787
7.16238
7.02743
6.89298
6.75898
6.62538
6.49214
6.35922
6.22659
6.09421
5.96205
5.83009
5.6983
5.56665
5.43513
5.30371
5.17239
5.04115
4.90997
4.77885
4.64778
4.51675
4.38575
4.25477
4.12381
3.99287
3.86195
3.73103
3.60012
3.46921
3.33831
3.20741
3.07651
2.94561
2.81471
2.68381
2.5529
2.422
2.29109
2.16017
2.02926
1.89834
1.76743
1.6365
1.50558
1.37466
1.24373
1.1128
0.981877
0.850949
0.720021
0.589094
0.458169
0.327241
0.196336
0.0653766
10.1545
10.1631
10.2209
10.3216
10.4494
10.5905
10.7319
10.8634
10.9776
11.0698
11.1372
11.1792
11.196
11.189
11.16
11.1113
11.0451
10.9636
10.8691
10.7636
10.6488
10.5264
10.398
10.2646
10.1275
9.98744
9.84532
9.70175
9.55727
9.41232
9.26724
9.12231
8.97775
8.83372
8.69033
8.54767
8.40578
8.26468
8.12439
7.9849
7.84617
7.70819
7.57091
7.43429
7.29828
7.16284
7.02793
6.8935
6.7595
6.6259
6.49264
6.35971
6.22705
6.09465
5.96246
5.83047
5.69864
5.56697
5.43542
5.30398
5.17263
5.04136
4.91017
4.77903
4.64793
4.51688
4.38586
4.25487
4.1239
3.99295
3.86202
3.73109
3.60017
3.46926
3.33835
3.20744
3.07654
2.94563
2.81473
2.68382
2.55292
2.42201
2.2911
2.16018
2.02927
1.89835
1.76743
1.63651
1.50559
1.37466
1.24374
1.11281
0.981884
0.850956
0.720029
0.589102
0.458179
0.327251
0.196349
0.0653808
10.145
10.1543
10.2096
10.305
10.4255
10.5589
10.693
10.8185
10.9282
11.0175
11.0836
11.1255
11.1434
11.1384
11.112
11.0664
11.0035
10.9255
10.8345
10.7324
10.6209
10.5016
10.3761
10.2454
10.1107
9.97297
9.83289
9.69114
9.54828
9.40476
9.26095
9.11712
8.97352
8.83031
8.68763
8.54557
8.40419
8.26353
8.12359
7.98439
7.8459
7.70811
7.57098
7.43447
7.29855
7.16318
7.02831
6.89391
6.75992
6.62632
6.49306
6.36011
6.22744
6.09502
5.96281
5.83079
5.69895
5.56724
5.43567
5.30421
5.17284
5.04155
4.91034
4.77918
4.64807
4.517
4.38597
4.25497
4.12399
3.99303
3.86208
3.73114
3.60022
3.4693
3.33839
3.20747
3.07657
2.94566
2.81475
2.68384
2.55293
2.42202
2.29111
2.16019
2.02928
1.89836
1.76744
1.63652
1.50559
1.37467
1.24374
1.11282
0.98189
0.850963
0.720036
0.589109
0.458187
0.327259
0.196361
0.0653819
10.1243
10.1359
10.1906
10.2833
10.3993
10.5273
10.6563
10.7773
10.8836
10.9705
11.0355
11.0774
11.0962
11.0928
11.0686
11.0256
10.9656
10.8906
10.8026
10.7035
10.5949
10.4784
10.3555
10.2273
10.0949
9.95916
9.82095
9.68089
9.53954
9.39736
9.25473
9.11195
8.96925
8.82684
8.68484
8.54336
8.40248
8.26223
8.12265
7.98374
7.84549
7.70789
7.57092
7.43453
7.29871
7.16341
7.02859
6.89422
6.76026
6.62666
6.49341
6.36046
6.22778
6.09534
5.96312
5.83108
5.69921
5.56749
5.4359
5.30442
5.17303
5.04173
4.91049
4.77932
4.6482
4.51712
4.38607
4.25506
4.12407
3.9931
3.86214
3.7312
3.60026
3.46934
3.33842
3.2075
3.07659
2.94568
2.81477
2.68386
2.55295
2.42203
2.29112
2.1602
2.02929
1.89837
1.76745
1.63652
1.5056
1.37468
1.24375
1.11282
0.981896
0.850969
0.720043
0.589117
0.458195
0.327266
0.19637
0.0653818
10.0927
10.1085
10.1647
10.2568
10.3706
10.4955
10.621
10.7388
10.8425
10.9277
10.9918
11.0336
11.0531
11.0511
11.0288
10.988
10.9304
10.8581
10.7728
10.6763
10.5704
10.4565
10.3359
10.21
10.0796
9.94581
9.80934
9.67086
9.53093
9.39003
9.24853
9.10674
8.96492
8.82327
8.68193
8.54103
8.40063
8.2608
8.12157
7.98295
7.84495
7.70755
7.57074
7.43448
7.29876
7.16354
7.02878
6.89445
6.76052
6.62695
6.4937
6.36075
6.22807
6.09562
5.96338
5.83134
5.69945
5.56772
5.43611
5.30461
5.17321
5.04189
4.91064
4.77945
4.64832
4.51722
4.38617
4.25514
4.12414
3.99316
3.8622
3.73125
3.60031
3.46938
3.33845
3.20753
3.07662
2.9457
2.81479
2.68387
2.55296
2.42205
2.29113
2.16021
2.02929
1.89837
1.76745
1.63653
1.50561
1.37468
1.24376
1.11283
0.981903
0.850976
0.72005
0.589123
0.458202
0.327272
0.196379
0.0653814
10.0506
10.0726
10.1321
10.226
10.3396
10.4633
10.587
10.7028
10.8048
10.8887
10.9522
10.994
11.0141
11.0132
10.9925
10.9535
10.8981
10.828
10.7451
10.651
10.5474
10.4357
10.3173
10.1934
10.065
9.93294
9.79809
9.66109
9.5225
9.38279
9.24236
9.10153
8.96055
8.81963
8.67894
8.53859
8.39867
8.25925
8.12037
7.98204
7.84429
7.70709
7.57044
7.43433
7.29872
7.16358
7.02889
6.89461
6.76071
6.62716
6.49393
6.36099
6.22831
6.09586
5.96362
5.83156
5.69967
5.56792
5.4363
5.30478
5.17337
5.04204
4.91077
4.77957
4.64843
4.51732
4.38626
4.25522
4.12421
3.99322
3.86225
3.7313
3.60035
3.46942
3.33849
3.20756
3.07664
2.94572
2.81481
2.68389
2.55298
2.42206
2.29114
2.16022
2.0293
1.89838
1.76746
1.63654
1.50561
1.37469
1.24376
1.11284
0.981909
0.850982
0.720056
0.58913
0.458209
0.327278
0.196387
0.0653808
9.99838
10.0283
10.0934
10.191
10.3067
10.431
10.5544
10.6694
10.7704
10.8537
10.9167
10.9586
10.9791
10.9791
10.9596
10.9222
10.8685
10.8004
10.7195
10.6274
10.5259
10.4162
10.2998
10.1777
10.051
9.92059
9.78724
9.6516
9.51425
9.37567
9.23625
9.09632
8.95615
8.81594
8.67586
8.53605
8.3966
8.25759
8.11905
7.98102
7.84351
7.70652
7.57005
7.43407
7.29857
7.16353
7.02891
6.89469
6.76083
6.62732
6.49411
6.36118
6.2285
6.09606
5.96381
5.83175
5.69985
5.56809
5.43646
5.30494
5.17351
5.04217
4.9109
4.77969
4.64853
4.51741
4.38634
4.2553
4.12428
3.99328
3.86231
3.73135
3.6004
3.46945
3.33852
3.20759
3.07667
2.94575
2.81483
2.68391
2.55299
2.42207
2.29115
2.16023
2.02931
1.89839
1.76747
1.63655
1.50562
1.3747
1.24377
1.11284
0.981915
0.850989
0.720063
0.589136
0.458215
0.327283
0.196394
0.0653802
9.9363
9.9762
10.0487
10.1523
10.272
10.3987
10.5232
10.6386
10.7394
10.8224
10.8852
10.9271
10.948
10.9486
10.9301
10.8939
10.8417
10.7751
10.6959
10.6057
10.5059
10.398
10.2833
10.1629
10.0377
9.90878
9.77679
9.64242
9.50623
9.3687
9.23023
9.09115
8.95173
8.8122
8.67272
8.53343
8.39444
8.25582
8.11763
7.97989
7.84263
7.70585
7.56955
7.43372
7.29834
7.1634
7.02886
6.8947
6.76089
6.62741
6.49423
6.36132
6.22865
6.09621
5.96397
5.83191
5.70001
5.56824
5.43661
5.30508
5.17364
5.04229
4.91101
4.77979
4.64862
4.5175
4.38642
4.25537
4.12434
3.99334
3.86236
3.73139
3.60044
3.46949
3.33855
3.20762
3.07669
2.94577
2.81485
2.68393
2.55301
2.42209
2.29117
2.16024
2.02932
1.8984
1.76748
1.63655
1.50563
1.3747
1.24378
1.11285
0.981922
0.850995
0.720069
0.589142
0.458221
0.327289
0.196401
0.0653798
9.86464
9.91644
9.99851
10.1102
10.2359
10.3667
10.4937
10.6104
10.7118
10.7948
10.8576
10.8995
10.9206
10.9217
10.9038
10.8686
10.8175
10.7522
10.6744
10.5857
10.4874
10.3811
10.2678
10.1489
10.0251
9.89751
9.76676
9.63355
9.49843
9.36187
9.22429
9.08602
8.94732
8.80843
8.66953
8.53075
8.3922
8.25396
8.1161
7.97865
7.84164
7.70508
7.56896
7.43328
7.29803
7.16318
7.02873
6.89463
6.76088
6.62744
6.49429
6.36141
6.22876
6.09633
5.9641
5.83204
5.70014
5.56837
5.43673
5.30519
5.17375
5.04239
4.91111
4.77988
4.64871
4.51758
4.38649
4.25543
4.1244
3.99339
3.86241
3.73143
3.60047
3.46952
3.33858
3.20765
3.07672
2.94579
2.81487
2.68394
2.55302
2.4221
2.29118
2.16026
2.02933
1.89841
1.76749
1.63656
1.50563
1.37471
1.24378
1.11285
0.981928
0.851001
0.720075
0.589148
0.458227
0.327293
0.196406
0.0653797
9.78353
9.8493
9.94303
10.0651
10.1987
10.3353
10.4661
10.5849
10.6875
10.771
10.8339
10.8758
10.897
10.8982
10.8808
10.8462
10.7959
10.7316
10.655
10.5674
10.4704
10.3654
10.2534
10.1357
10.0132
9.88679
9.75716
9.625
9.49086
9.35521
9.21846
9.08094
8.94293
8.80465
8.66629
8.528
8.38988
8.25202
8.11449
7.97733
7.84056
7.70421
7.56827
7.43275
7.29762
7.16289
7.02852
6.8945
6.76081
6.62742
6.49431
6.36145
6.22883
6.09641
5.96419
5.83214
5.70024
5.56847
5.43683
5.30529
5.17385
5.04249
4.91119
4.77996
4.64878
4.51765
4.38655
4.25549
4.12446
3.99344
3.86245
3.73147
3.60051
3.46956
3.33861
3.20767
3.07674
2.94581
2.81488
2.68396
2.55304
2.42211
2.29119
2.16027
2.02934
1.89842
1.76749
1.63657
1.50564
1.37472
1.24379
1.11286
0.981934
0.851007
0.720081
0.589154
0.458232
0.327298
0.196412
0.0653798
9.6929
9.77492
9.88259
10.0173
10.1609
10.3049
10.4405
10.5625
10.6667
10.7509
10.814
10.8559
10.8769
10.8782
10.8609
10.8266
10.7769
10.7133
10.6374
10.5508
10.4548
10.3509
10.24
10.1234
10.002
9.87661
9.74799
9.61678
9.48354
9.34872
9.21274
9.07592
8.93855
8.80086
8.66302
8.52519
8.38749
8.25
8.1128
7.97592
7.8394
7.70326
7.5675
7.43213
7.29715
7.16252
7.02825
6.89431
6.76068
6.62734
6.49427
6.36145
6.22885
6.09646
5.96425
5.83221
5.70032
5.56856
5.43691
5.30538
5.17393
5.04256
4.91127
4.78003
4.64885
4.51771
4.38661
4.25554
4.12451
3.99349
3.86249
3.73151
3.60055
3.46959
3.33864
3.2077
3.07676
2.94583
2.8149
2.68398
2.55305
2.42213
2.2912
2.16028
2.02935
1.89843
1.7675
1.63658
1.50565
1.37472
1.2438
1.11287
0.98194
0.851013
0.720086
0.589159
0.458237
0.327302
0.196417
0.0653804
9.59247
9.69338
9.8175
9.9673
10.1228
10.2757
10.4175
10.5432
10.6495
10.7347
10.798
10.8397
10.8605
10.8615
10.8441
10.8098
10.7603
10.6971
10.6218
10.5359
10.4407
10.3376
10.2276
10.1119
9.99145
9.86698
9.73925
9.6089
9.47646
9.34241
9.20714
9.07098
8.93421
8.79706
8.65972
8.52234
8.38504
8.24791
8.11102
7.97442
7.83815
7.70222
7.56665
7.43144
7.29659
7.16208
7.02791
6.89405
6.76049
6.62721
6.49419
6.3614
6.22883
6.09647
5.96428
5.83225
5.70037
5.56861
5.43698
5.30544
5.174
5.04263
4.91133
4.78009
4.64891
4.51777
4.38666
4.25559
4.12455
3.99353
3.86253
3.73155
3.60058
3.46962
3.33867
3.20772
3.07679
2.94585
2.81492
2.68399
2.55307
2.42214
2.29121
2.16029
2.02936
1.89844
1.76751
1.63658
1.50566
1.37473
1.2438
1.11287
0.981946
0.851019
0.720092
0.589164
0.458242
0.327306
0.196421
0.0653814
9.48173
9.60467
9.74806
9.91568
10.0852
10.2485
10.3974
10.5275
10.6362
10.7224
10.7859
10.8273
10.8476
10.8481
10.8303
10.7958
10.7462
10.6831
10.608
10.5225
10.4279
10.3254
10.2162
10.1013
9.98157
9.85789
9.73094
9.60134
9.46963
9.33627
9.20165
9.0661
8.9299
8.79327
8.65641
8.51946
8.38254
8.24576
8.10918
7.97285
7.83682
7.70111
7.56572
7.43068
7.29596
7.16158
7.02751
6.89373
6.76025
6.62703
6.49406
6.36131
6.22878
6.09644
5.96427
5.83226
5.70039
5.56865
5.43702
5.30549
5.17405
5.04268
4.91139
4.78015
4.64896
4.51782
4.38671
4.25564
4.12459
3.99357
3.86257
3.73158
3.60061
3.46965
3.33869
3.20775
3.07681
2.94587
2.81494
2.68401
2.55308
2.42215
2.29123
2.1603
2.02937
1.89845
1.76752
1.63659
1.50566
1.37474
1.24381
1.11288
0.981952
0.851024
0.720097
0.589169
0.458246
0.32731
0.196425
0.0653828
9.35989
9.50872
9.67465
9.86302
10.0486
10.2238
10.3806
10.5156
10.6269
10.7142
10.7777
10.8187
10.8382
10.8379
10.8194
10.7843
10.7344
10.6711
10.5961
10.5108
10.4165
10.3144
10.2057
10.0914
9.97235
9.84933
9.72305
9.59411
9.46306
9.33032
9.1963
9.06131
8.92563
8.78949
8.65308
8.51654
8.37999
8.24355
8.10727
7.97121
7.83542
7.69992
7.56472
7.42984
7.29527
7.16101
7.02704
6.89336
6.75995
6.6268
6.49388
6.36118
6.22869
6.09638
5.96424
5.83225
5.7004
5.56867
5.43705
5.30552
5.17408
5.04272
4.91143
4.78019
4.649
4.51786
4.38675
4.25568
4.12463
3.99361
3.8626
3.73161
3.60064
3.46967
3.33872
3.20777
3.07683
2.94589
2.81496
2.68403
2.5531
2.42217
2.29124
2.16031
2.02938
1.89846
1.76753
1.6366
1.50567
1.37474
1.24382
1.11289
0.981958
0.85103
0.720102
0.589174
0.458251
0.327313
0.196428
0.0653846
9.22586
9.40543
9.59771
9.81007
10.0139
10.2023
10.3678
10.508
10.622
10.7102
10.7736
10.8138
10.8323
10.8309
10.8114
10.7754
10.7248
10.6611
10.5859
10.5005
10.4063
10.3045
10.1962
10.0823
9.96376
9.84128
9.71557
9.58721
9.45673
9.32455
9.19107
9.0566
8.92141
8.78573
8.64973
8.51359
8.3774
8.24128
8.1053
7.96951
7.83395
7.69866
7.56365
7.42894
7.29451
7.16037
7.02652
6.89293
6.7596
6.62652
6.49366
6.36102
6.22856
6.09629
5.96417
5.83221
5.70037
5.56866
5.43705
5.30554
5.17411
5.04275
4.91146
4.78022
4.64904
4.5179
4.38679
4.25571
4.12467
3.99364
3.86263
3.73164
3.60067
3.4697
3.33874
3.20779
3.07685
2.94591
2.81497
2.68404
2.55311
2.42218
2.29125
2.16032
2.02939
1.89847
1.76754
1.63661
1.50568
1.37475
1.24382
1.11289
0.981964
0.851035
0.720107
0.589178
0.458255
0.327317
0.196431
0.0653869
9.07823
9.29467
9.51779
9.75776
9.98191
10.1849
10.3596
10.5052
10.6217
10.7106
10.7736
10.8127
10.8299
10.827
10.8062
10.7691
10.7175
10.6531
10.5774
10.4917
10.3975
10.2957
10.1876
10.074
9.9558
9.83374
9.7085
9.58063
9.45064
9.31896
9.18597
9.05197
8.91723
8.78198
8.64639
8.51061
8.37477
8.23897
8.10327
7.96774
7.83242
7.69734
7.56252
7.42797
7.29369
7.15968
7.02594
6.89245
6.75921
6.6262
6.4934
6.36081
6.2284
6.09616
5.96408
5.83214
5.70033
5.56864
5.43704
5.30554
5.17412
5.04277
4.91148
4.78025
4.64907
4.51792
4.38682
4.25574
4.1247
3.99367
3.86266
3.73167
3.60069
3.46972
3.33877
3.20781
3.07687
2.94593
2.81499
2.68406
2.55312
2.42219
2.29126
2.16033
2.0294
1.89848
1.76755
1.63662
1.50569
1.37476
1.24383
1.1129
0.98197
0.851041
0.720112
0.589183
0.458259
0.32732
0.196433
0.0653896
8.91521
9.17639
9.43569
9.70726
9.95391
10.1724
10.3567
10.5076
10.6264
10.7157
10.7779
10.8155
10.8309
10.8262
10.8037
10.7651
10.7124
10.647
10.5705
10.4844
10.3898
10.2879
10.1798
10.0664
9.94843
9.8267
9.70182
9.57435
9.44479
9.31355
9.181
9.04743
8.91311
8.77825
8.64304
8.50762
8.37211
8.23661
8.10119
7.96592
7.83083
7.69596
7.56132
7.42694
7.29281
7.15893
7.0253
6.89192
6.75877
6.62583
6.4931
6.36057
6.22821
6.09601
5.96396
5.83205
5.70027
5.56859
5.43701
5.30552
5.17411
5.04277
4.91149
4.78027
4.64909
4.51795
4.38684
4.25577
4.12472
3.99369
3.86269
3.73169
3.60072
3.46975
3.33879
3.20783
3.07689
2.94595
2.81501
2.68407
2.55314
2.42221
2.29128
2.16035
2.02942
1.89849
1.76756
1.63663
1.5057
1.37477
1.24384
1.11291
0.981976
0.851046
0.720117
0.589187
0.458262
0.327323
0.196435
0.0653927
8.73465
9.05066
9.35246
9.66001
9.9312
10.1661
10.3599
10.5158
10.6365
10.7256
10.7864
10.8221
10.8353
10.8285
10.8039
10.7636
10.7093
10.6427
10.5652
10.4784
10.3833
10.2812
10.1729
10.0595
9.94165
9.82012
9.69552
9.56838
9.43918
9.30832
9.17615
9.04297
8.90903
8.77455
8.63969
8.50461
8.36941
8.23421
8.09907
7.96404
7.82918
7.69452
7.56007
7.42585
7.29187
7.15813
7.02462
6.89134
6.75828
6.62542
6.49276
6.36029
6.22798
6.09583
5.96382
5.83194
5.70018
5.56853
5.43697
5.3055
5.1741
5.04277
4.9115
4.78028
4.6491
4.51796
4.38686
4.25579
4.12474
3.99372
3.86271
3.73172
3.60074
3.46977
3.33881
3.20785
3.07691
2.94596
2.81502
2.68409
2.55315
2.42222
2.29129
2.16036
2.02943
1.8985
1.76757
1.63663
1.5057
1.37477
1.24384
1.11291
0.981982
0.851051
0.720122
0.589191
0.458266
0.327326
0.196436
0.0653963
8.53397
8.91786
9.26959
9.61787
9.91539
10.1671
10.3702
10.5304
10.6522
10.7405
10.7994
10.8326
10.8431
10.8337
10.8068
10.7643
10.7082
10.6401
10.5615
10.4737
10.3779
10.2753
10.1668
10.0532
9.93542
9.814
9.68958
9.5627
9.43379
9.30325
9.17143
9.0386
8.90501
8.77087
8.63634
8.50158
8.36669
8.23177
8.09689
7.96212
7.82748
7.69302
7.55876
7.42472
7.29089
7.15728
7.02389
6.89072
6.75775
6.62498
6.49239
6.35998
6.22772
6.09562
5.96365
5.83181
5.70008
5.56845
5.43691
5.30545
5.17407
5.04275
4.91149
4.78028
4.64911
4.51798
4.38688
4.25581
4.12476
3.99374
3.86273
3.73174
3.60076
3.46979
3.33883
3.20787
3.07692
2.94598
2.81504
2.6841
2.55317
2.42223
2.2913
2.16037
2.02944
1.89851
1.76757
1.63664
1.50571
1.37478
1.24385
1.11292
0.981988
0.851057
0.720126
0.589195
0.458269
0.327329
0.196437
0.0654002
8.31026
8.7789
9.18919
9.58321
9.90841
10.1769
10.3884
10.552
10.674
10.7606
10.8168
10.8469
10.8543
10.8419
10.8122
10.7673
10.7091
10.6392
10.5592
10.4702
10.3736
10.2704
10.1615
10.0477
9.92972
9.80831
9.684
9.55729
9.42861
9.29835
9.16682
9.0343
8.90104
8.76721
8.633
8.49854
8.36394
8.2293
8.09468
7.96014
7.82573
7.69148
7.5574
7.42353
7.28985
7.15638
7.02312
6.89005
6.75718
6.62449
6.49198
6.35963
6.22744
6.09539
5.96346
5.83165
5.69995
5.56835
5.43684
5.3054
5.17403
5.04273
4.91147
4.78027
4.64911
4.51798
4.38689
4.25582
4.12478
3.99375
3.86275
3.73176
3.60078
3.46981
3.33885
3.20789
3.07694
2.946
2.81506
2.68412
2.55318
2.42225
2.29131
2.16038
2.02945
1.89852
1.76758
1.63665
1.50572
1.37479
1.24386
1.11292
0.981993
0.851062
0.720131
0.589199
0.458272
0.327332
0.196438
0.0654045
8.06026
8.63553
9.11418
9.55897
9.91253
10.197
10.4157
10.5813
10.7022
10.7861
10.8388
10.8652
10.8688
10.8529
10.8201
10.7724
10.7118
10.6399
10.5582
10.468
10.3703
10.2663
10.1568
10.0427
9.92453
9.80304
9.67876
9.55215
9.42365
9.2936
9.16233
9.03009
8.89711
8.76358
8.62967
8.4955
8.36118
8.2268
8.09243
7.95813
7.82394
7.68988
7.556
7.42229
7.28877
7.15544
7.0223
6.88934
6.75657
6.62398
6.49154
6.35926
6.22713
6.09513
5.96325
5.83148
5.69981
5.56824
5.43675
5.30533
5.17398
5.04269
4.91145
4.78026
4.6491
4.51798
4.38689
4.25583
4.12479
3.99377
3.86276
3.73177
3.60079
3.46982
3.33886
3.20791
3.07696
2.94601
2.81507
2.68413
2.55319
2.42226
2.29132
2.16039
2.02946
1.89853
1.76759
1.63666
1.50573
1.3748
1.24386
1.11293
0.981999
0.851067
0.720135
0.589203
0.458275
0.327335
0.196438
0.0654092
7.78021
8.49089
9.0486
9.54891
9.93038
10.2293
10.453
10.6187
10.7371
10.8171
10.8654
10.8872
10.8866
10.8668
10.8303
10.7795
10.7163
10.6422
10.5586
10.4668
10.368
10.2631
10.1529
10.0383
9.91981
9.79816
9.67382
9.54727
9.41888
9.28901
9.15795
9.02595
8.89323
8.75998
8.62634
8.49244
8.35839
8.22426
8.09014
7.95607
7.8221
7.68825
7.55454
7.42101
7.28764
7.15445
7.02144
6.8886
6.75593
6.62342
6.49107
6.35886
6.22679
6.09484
5.96301
5.83128
5.69965
5.56811
5.43665
5.30525
5.17392
5.04264
4.91142
4.78023
4.64909
4.51798
4.38689
4.25584
4.1248
3.99378
3.86278
3.73179
3.60081
3.46984
3.33888
3.20792
3.07697
2.94603
2.81509
2.68415
2.55321
2.42227
2.29134
2.1604
2.02947
1.89854
1.7676
1.63667
1.50574
1.3748
1.24387
1.11294
0.982004
0.851072
0.72014
0.589207
0.458278
0.327337
0.196437
0.0654142
7.46563
8.35036
8.99805
9.55767
9.96498
10.2753
10.5013
10.6649
10.7789
10.8537
10.8965
10.9131
10.9075
10.8832
10.8429
10.7887
10.7224
10.6458
10.5602
10.4668
10.3666
10.2606
10.1496
10.0344
9.91554
9.79364
9.66919
9.54262
9.4143
9.28455
9.15367
9.02188
8.8894
8.7564
8.62302
8.48938
8.35558
8.22171
8.08782
7.95398
7.82022
7.68657
7.55305
7.41968
7.28647
7.15342
7.02054
6.88782
6.75525
6.62284
6.49057
6.35844
6.22643
6.09454
5.96276
5.83107
5.69948
5.56797
5.43653
5.30516
5.17385
5.04259
4.91138
4.78021
4.64907
4.51797
4.38689
4.25584
4.1248
3.99379
3.86279
3.7318
3.60082
3.46986
3.33889
3.20794
3.07699
2.94604
2.8151
2.68416
2.55322
2.42228
2.29135
2.16041
2.02948
1.89855
1.76761
1.63668
1.50574
1.37481
1.24388
1.11294
0.98201
0.851077
0.720144
0.58921
0.45828
0.32734
0.196437
0.0654195
7.11287
8.22338
8.97023
9.59093
10.0197
10.3372
10.5616
10.7203
10.8279
10.8959
10.9322
10.9427
10.9316
10.9023
10.8576
10.7996
10.7302
10.6509
10.563
10.4677
10.366
10.2588
10.1469
10.031
9.91169
9.78948
9.66484
9.53819
9.40989
9.28023
9.14949
9.01789
8.88562
8.75284
8.6197
8.48631
8.35276
8.21912
8.08547
7.95185
7.8183
7.68485
7.55152
7.41832
7.28527
7.15236
7.01961
6.88701
6.75455
6.62223
6.49004
6.35799
6.22604
6.09421
5.96248
5.83084
5.69929
5.56781
5.43641
5.30506
5.17377
5.04253
4.91133
4.78017
4.64905
4.51795
4.38688
4.25584
4.12481
3.9938
3.8628
3.73181
3.60084
3.46987
3.33891
3.20795
3.077
2.94606
2.81511
2.68417
2.55323
2.4223
2.29136
2.16043
2.02949
1.89856
1.76762
1.63669
1.50575
1.37482
1.24388
1.11295
0.982016
0.851082
0.720148
0.589214
0.458283
0.327342
0.196436
0.065425
6.72279
8.12613
8.97542
9.65546
10.0982
10.4165
10.6348
10.7852
10.8841
10.9438
10.9723
10.9758
10.9585
10.9238
10.8744
10.8123
10.7394
10.6572
10.5668
10.4695
10.3662
10.2577
10.1448
10.0281
9.90824
9.78563
9.66075
9.53397
9.40564
9.27603
9.1454
9.01395
8.88187
8.74931
8.61639
8.48323
8.34992
8.21652
8.08309
7.94969
7.81635
7.6831
7.54995
7.41692
7.28403
7.15127
7.01865
6.88616
6.75381
6.62159
6.48949
6.35751
6.22564
6.09387
5.96219
5.8306
5.69909
5.56765
5.43627
5.30495
5.17368
5.04246
4.91128
4.78013
4.64902
4.51793
4.38687
4.25583
4.12481
3.9938
3.86281
3.73182
3.60085
3.46988
3.33892
3.20797
3.07702
2.94607
2.81513
2.68419
2.55325
2.42231
2.29137
2.16044
2.0295
1.89857
1.76763
1.6367
1.50576
1.37483
1.24389
1.11296
0.982021
0.851086
0.720152
0.589217
0.458285
0.327345
0.196435
0.0654308
6.27163
8.08029
9.02695
9.75893
10.2041
10.5148
10.7213
10.8598
10.9475
10.997
11.0167
11.0123
10.9882
10.9476
10.8931
10.8267
10.75
10.6646
10.5717
10.4722
10.3672
10.2573
10.1432
10.0257
9.90514
9.78207
9.65689
9.52994
9.40154
9.27195
9.1414
9.01008
8.87817
8.7458
8.61309
8.48016
8.34707
8.21389
8.08069
7.94751
7.81437
7.68131
7.54834
7.41549
7.28275
7.15014
7.01765
6.88529
6.75305
6.62093
6.48892
6.35702
6.22521
6.09351
5.96188
5.83034
5.69887
5.56747
5.43612
5.30483
5.17358
5.04238
4.91122
4.78009
4.64899
4.51791
4.38686
4.25582
4.12481
3.9938
3.86281
3.73183
3.60086
3.46989
3.33894
3.20798
3.07703
2.94609
2.81514
2.6842
2.55326
2.42232
2.29138
2.16045
2.02951
1.89858
1.76764
1.6367
1.50577
1.37483
1.2439
1.11296
0.982027
0.851091
0.720156
0.589221
0.458288
0.327347
0.196434
0.0654368
5.5633
8.11079
9.14508
9.91015
10.341
10.6332
10.8214
10.9438
11.0177
11.0556
11.0651
11.0521
11.0206
10.9736
10.9136
10.8425
10.7619
10.6732
10.5775
10.4757
10.3687
10.2573
10.1421
10.0236
9.90237
9.77879
9.65326
9.52609
9.39758
9.26797
9.13747
9.00626
8.8745
8.7423
8.6098
8.47708
8.3442
8.21125
8.07827
7.94529
7.81236
7.67949
7.54671
7.41403
7.28145
7.14898
7.01663
6.88439
6.75226
6.62024
6.48832
6.3565
6.22477
6.09313
5.96156
5.83007
5.69864
5.56727
5.43596
5.3047
5.17348
5.0423
4.91115
4.78004
4.64895
4.51789
4.38684
4.25581
4.1248
3.9938
3.86282
3.73184
3.60087
3.4699
3.33895
3.20799
3.07705
2.9461
2.81516
2.68421
2.55327
2.42233
2.2914
2.16046
2.02952
1.89859
1.76765
1.63671
1.50578
1.37484
1.2439
1.11297
0.982032
0.851096
0.72016
0.589224
0.45829
0.327349
0.196432
0.0654429
4.25295
8.30535
9.37107
10.1199
10.5115
10.7719
10.9347
11.0369
11.0945
11.1189
11.1173
11.0949
11.0553
11.0015
10.9357
10.8597
10.775
10.6827
10.5841
10.4799
10.3709
10.2579
10.1414
10.0219
9.89989
9.77575
9.64982
9.5224
9.39375
9.26409
9.13362
9.00249
8.87086
8.73883
8.60652
8.47399
8.34133
8.20859
8.07582
7.94306
7.81032
7.67765
7.54505
7.41254
7.28012
7.1478
7.01558
6.88347
6.75145
6.61953
6.4877
6.35597
6.22431
6.09273
5.96122
5.82978
5.6984
5.56707
5.4358
5.30456
5.17337
5.04221
4.91108
4.77998
4.64891
4.51786
4.38682
4.2558
4.1248
3.9938
3.86282
3.73184
3.60088
3.46992
3.33896
3.20801
3.07706
2.94611
2.81517
2.68423
2.55329
2.42235
2.29141
2.16047
2.02953
1.8986
1.76766
1.63672
1.50578
1.37485
1.24391
1.11297
0.982038
0.851101
0.720164
0.589228
0.458293
0.327352
0.196431
0.0654492
3.75125
8.97257
9.77071
10.3978
10.7163
10.9298
11.06
11.1382
11.1772
11.1867
11.1729
11.1403
11.0922
11.0312
10.9593
10.8781
10.789
10.6932
10.5914
10.4847
10.3737
10.2589
10.1411
10.0205
9.89768
9.77293
9.64656
9.51885
9.39003
9.2603
9.12983
8.99877
8.86725
8.73537
8.60323
8.4709
8.33845
8.20592
8.07336
7.9408
7.80826
7.67578
7.54336
7.41102
7.27876
7.14659
7.01451
6.88252
6.75062
6.6188
6.48707
6.35542
6.22384
6.09232
5.96088
5.82949
5.69815
5.56687
5.43562
5.30442
5.17325
5.04212
4.91101
4.77993
4.64887
4.51782
4.3868
4.25579
4.12479
3.9938
3.86282
3.73185
3.60088
3.46992
3.33897
3.20802
3.07707
2.94613
2.81518
2.68424
2.5533
2.42236
2.29142
2.16048
2.02954
1.89861
1.76767
1.63673
1.50579
1.37486
1.24392
1.11298
0.982043
0.851106
0.720168
0.589231
0.458295
0.327354
0.196429
0.0654556
)
;

boundaryField
{
    inlet
    {
        type            zeroGradient;
    }
    outlet
    {
        type            fixedValue;
        value           uniform 0;
    }
    frontAndBack
    {
        type            empty;
    }
    walls
    {
        type            zeroGradient;
    }
}

