/*--------------------------------*- C++ -*----------------------------------*\
  =========                 |
  \\      /  F ield         | OpenFOAM: The Open Source CFD Toolbox
   \\    /   O peration     | Website:  https://openfoam.org
    \\  /    A nd           | Version:  6
     \\/     M anipulation  |
\*---------------------------------------------------------------------------*/
FoamFile
{
    version     2.0;
    format      ascii;
    class       volScalarField;
    location    "./ITHACAoutput/POD/1";
    object      P_rec;
}
// * * * * * * * * * * * * * * * * * * * * * * * * * * * * * * * * * * * * * //

dimensions      [0 2 -2 0 0 0 0];

internalField   nonuniform List<scalar> 
9000
(
127.584
68.5131
53.4896
46.9953
43.7275
41.8355
40.4745
39.4649
38.8506
38.2675
37.7324
37.3124
36.8009
36.3217
35.7563
35.1972
34.6642
34.2829
33.9554
33.5155
32.8031
32.2328
31.8292
31.2702
30.8787
30.3472
29.5996
29.3461
28.6959
28.066
27.7687
27.1012
26.5438
26.1266
25.5961
25.1554
24.6115
24.1744
23.8173
23.428
22.6651
22.2637
21.8683
21.5627
21.0317
20.5298
20.4233
20.4526
19.9787
19.0836
93.0809
65.2132
54.2079
48.0733
44.7307
42.5612
41.1
39.978
39.1181
38.5019
37.9202
37.2571
36.7526
36.2214
35.8922
35.3285
34.8593
34.1966
33.7607
33.2241
32.9322
32.1266
31.7344
31.2674
30.7492
30.1543
29.6533
29.3653
28.6729
28.2236
27.6268
27.164
26.5869
26.1756
25.6816
25.2367
24.632
24.3285
23.5787
23.3288
22.6221
22.2854
21.8183
21.2267
21.1873
20.5928
20.3609
19.5891
19.2811
17.7021
74.6163
61.2185
53.9993
48.5735
45.4506
43.0601
41.3321
40.3735
39.3598
38.7611
38.0907
37.1587
36.9358
36.2711
35.7679
35.2658
34.7883
34.4623
33.7323
33.3134
32.7649
32.2754
31.7997
31.2952
30.6441
30.3876
29.6442
29.1669
28.6563
28.061
27.7994
27.1478
26.7804
26.3013
25.642
25.2379
24.6843
24.1812
23.7033
23.1395
22.6724
22.2732
21.7061
21.2626
20.8044
20.3113
19.7658
19.0263
18.4146
16.8115
64.7413
57.525
52.7914
48.491
45.5198
43.277
41.845
40.8114
39.68
38.9061
38.1856
37.5926
36.9313
36.2872
36.0011
35.4398
34.7671
34.3782
33.7861
33.1542
32.7914
32.2902
31.8382
31.1785
30.7056
30.2988
29.6824
29.3702
28.7089
28.4112
27.8209
27.2713
26.7428
26.2197
25.6364
25.2229
24.6808
24.2411
23.757
23.2259
22.6163
22.2293
21.8011
21.2574
20.7888
20.3127
19.5981
19.0557
17.9962
16.613
57.8821
54.358
50.9404
47.8731
45.2137
43.4308
42.1384
40.7897
39.7602
39.1325
38.0769
37.4884
37.0442
36.3393
35.8601
35.4556
34.7289
34.4644
33.853
33.4897
32.8349
32.4113
31.8285
31.2299
30.5889
30.3907
29.7796
29.2094
28.9772
28.2034
27.6544
27.1982
26.6349
26.3514
25.8454
25.0129
24.6608
24.1668
23.6741
23.1504
22.6439
22.1801
21.5827
20.9847
20.4648
20.0142
19.4197
18.7641
17.851
16.691
53.2687
51.3254
49.2557
46.8993
45.0109
43.4953
41.9077
40.7907
39.8589
38.9287
38.4554
37.8302
36.9803
36.5446
36.1263
35.4273
34.9631
34.4771
33.7175
33.2225
32.7725
32.3471
31.7397
31.2775
30.8144
30.4162
29.7641
29.2406
28.83
28.2523
27.653
27.1048
26.7893
26.4224
25.5352
25.1046
24.8105
24.0174
23.8504
22.9906
22.6804
22.0481
21.6052
21.0321
20.6878
19.9947
19.3255
18.6697
17.62
16.5595
49.8161
48.9205
47.7865
46.2845
44.7205
43.1493
41.7265
40.8617
39.8671
39.1173
38.3068
37.5355
37.0956
36.6818
35.842
35.4843
34.9715
34.2388
33.6303
33.3372
32.7078
32.3626
31.5968
31.2649
30.7512
30.1521
29.7473
29.0406
28.7223
28.2688
27.6111
27.2825
26.5537
26.1356
25.5551
25.0706
24.5196
24.0298
23.5435
23.1275
22.5481
22.0667
21.6006
21.1125
20.5023
19.8736
19.2027
18.3056
17.5551
16.7015
47.4424
47.0458
46.3242
45.138
44.0684
42.7039
41.6182
40.561
39.637
39.0761
38.3416
37.7578
37.1313
36.3673
36.0552
35.4598
35.0944
34.2716
33.5111
33.3501
32.6574
32.3182
31.9805
31.1962
30.6714
30.1755
29.7265
29.3344
28.7131
28.1368
27.6059
27.2077
26.5349
26.1692
25.6139
25.253
24.673
24.1176
23.6293
23.1285
22.5346
21.9512
21.4499
20.8749
20.323
19.8287
19.3528
18.4245
17.6845
16.7008
45.4842
45.475
45.0865
44.348
43.1824
42.3048
41.4613
40.7577
39.8933
39.1207
38.3924
37.7251
37.0654
36.5759
36.07
35.4496
34.9296
34.3881
33.8503
33.2136
32.9195
32.3989
31.8837
31.1698
30.7784
30.0302
29.452
29.1351
28.73
28.2223
27.7172
26.9576
26.4806
26.0066
25.7512
25.0178
24.614
24.0993
23.6446
22.9553
22.5755
22.0158
21.4318
20.9525
20.1868
19.8401
19.0672
18.4597
17.7819
16.8332
43.7861
44.1005
44.2233
43.6473
42.8692
42.0663
41.0757
40.2949
39.7577
39.1342
38.3112
37.7516
36.9152
36.7454
35.9416
35.5589
35.1211
34.3647
33.8783
33.2494
32.8293
32.2703
31.6364
31.3342
30.7218
30.4723
29.9049
29.147
28.8225
28.2881
27.7744
27.1322
26.725
26.2002
25.5325
25.1399
24.669
24.3253
23.4923
22.9317
22.5435
21.9577
21.3311
20.9026
20.3618
19.7945
19.0127
18.4266
17.6467
17.2032
42.7017
43.2786
43.2017
43.0294
42.0871
41.6634
40.9877
40.3172
39.5783
38.9838
38.4372
37.7505
37.0402
36.5269
35.7923
35.5696
34.9199
34.4556
33.9526
33.2323
32.7393
32.2523
31.7477
31.4523
30.8156
30.3121
29.6748
29.4786
28.5569
28.1776
27.7685
27.2786
26.6283
26.0599
25.5376
25.1216
24.5227
24.1462
23.663
22.8552
22.6424
21.8044
21.4688
20.8345
20.3005
19.7823
19.2473
18.4327
17.779
17.1367
41.8433
42.4221
42.5804
42.2051
41.9774
41.29
40.574
40.0469
39.4042
38.7376
38.2577
37.6589
37.1605
36.621
36.0771
35.3628
34.9963
34.3805
33.9556
33.3783
32.7607
32.2556
31.8142
31.2983
30.7712
30.3673
29.7028
28.9969
28.8271
28.2683
27.7721
27.3322
26.5676
26.0802
25.5153
24.9507
24.4634
24.1176
23.4883
22.896
22.4879
22.0108
21.3621
20.9592
20.2544
19.703
19.0711
18.5112
17.8585
17.2275
41.0463
41.559
41.9552
41.6269
41.3147
41.0453
40.4616
39.9288
39.2102
38.8841
38.2647
37.5789
37.0136
36.567
35.9584
35.3525
35.0853
34.306
33.8514
33.4611
32.8114
32.1758
31.7384
31.3906
30.85
30.2863
29.582
29.3312
28.6867
27.995
27.7449
27.0553
26.6729
26.1026
25.5646
25.0162
24.6667
24.1291
23.4671
23.1207
22.5475
22.0234
21.5214
20.9232
20.3271
19.6695
19.1588
18.4704
17.9661
17.2954
40.5443
41.1966
41.273
41.5671
41.1624
40.7268
40.2747
39.5583
39.2605
38.6926
38.2594
37.6432
37.0835
36.6057
36.083
35.4786
34.9212
34.4819
33.9134
33.3857
32.8545
32.1488
31.9164
31.4309
30.8186
30.1828
29.906
29.0423
28.7026
28.3417
27.7198
27.3068
26.7162
26.119
25.5606
25.2051
24.7022
23.9567
23.4932
23.0369
22.5009
22.0394
21.3996
21.0652
20.3827
19.904
19.1717
18.7517
17.9968
17.5984
40.1175
40.5268
40.9663
41.0103
40.8158
40.2911
40.3624
39.6738
39.1527
38.7764
38.2736
37.6399
36.8971
36.6037
36.1656
35.3627
35.0181
34.3104
33.9505
33.3432
32.9877
32.2897
31.8605
31.2894
30.65
30.3058
29.4905
29.1351
28.6208
28.1883
27.7491
27.0901
26.6271
26.0946
25.6787
25.1578
24.6256
23.9885
23.4778
22.8968
22.3441
21.946
21.3063
20.7943
20.3809
19.8714
19.1861
18.6637
18.0693
17.4961
39.7333
40.329
40.5556
40.5633
40.5376
40.3937
39.9443
39.504
39.0813
38.7439
38.1007
37.4903
36.9818
36.6905
36.0605
35.517
35.0605
34.2926
33.8342
33.5008
32.7373
32.3877
31.8258
31.2055
30.6356
30.1544
29.7577
29.2901
28.6863
28.29
27.7873
27.1452
26.5485
26.0725
25.6018
24.8424
24.6215
23.8651
23.6209
23.0457
22.5373
21.7997
21.3655
20.9918
20.1696
19.7058
19.2746
18.7669
18.0962
17.7006
39.5741
39.8053
40.2654
40.32
40.4724
40.2626
39.8591
39.5527
39.0967
38.6095
38.0452
37.5819
36.9447
36.3444
35.8012
35.3896
34.9471
34.4562
33.9496
33.4852
32.9519
32.3392
31.7928
31.2772
30.9295
30.1349
29.7936
29.2887
28.701
28.1828
27.6775
27.2333
26.6236
26.1822
25.5276
25.195
24.4628
24.0274
23.3563
23.0116
22.6201
21.9593
21.4324
20.8279
20.2499
19.8848
19.3423
18.6096
18.0152
17.6706
39.2563
39.8497
40.1298
40.2173
40.156
39.9356
39.7525
39.318
39.1923
38.7656
38.0311
37.5701
37.1
36.757
35.8089
35.2706
34.7741
34.4176
33.9201
33.4527
32.7842
32.4285
31.7473
31.1167
30.8668
30.3872
29.828
29.2194
28.5739
28.0998
27.7444
27.0401
26.5501
26.3012
25.3567
25.0824
24.6129
24.0903
23.475
22.9047
22.4066
21.9604
21.4137
20.8306
20.2593
19.8797
19.2971
18.8077
18.4365
17.7928
39.013
39.7131
40.0559
40.2348
40.0098
39.9092
39.5371
39.2544
38.9248
38.5489
38.0522
37.7183
37.0554
36.4929
36.1126
35.4772
34.9568
34.4901
33.8846
33.4041
32.8073
32.4629
31.8557
31.1491
30.7899
30.3203
29.6877
29.0974
28.8217
28.0586
27.7299
27.0869
26.6374
26.1165
25.7933
25.1013
24.62
24.2004
23.5174
22.7446
22.6113
21.9642
21.5322
20.9824
20.408
19.9522
19.5209
18.7875
18.2436
17.7972
39.0999
39.5077
39.9842
40.069
40.1636
39.8467
39.7685
39.555
39.0879
38.5559
38.0937
37.5185
37.0614
36.4163
36.025
35.4663
34.93
34.2765
33.963
33.3848
32.7053
32.4838
31.7806
30.9536
30.8928
30.1965
29.8896
29.2969
28.6357
28.144
27.6126
27.1862
26.6323
26.1308
25.7088
25.1342
24.3546
24.0968
23.5558
23.0151
22.6615
21.9384
21.5349
20.8273
20.2252
19.8955
19.2734
18.8687
18.1512
17.9419
38.9533
39.6328
40.1017
39.9044
40.1088
39.7681
39.6181
39.2143
38.8968
38.492
38.0408
37.6323
37.1933
36.528
36.0653
35.4559
34.9998
34.4689
34.0127
33.3963
32.7411
32.348
31.7187
31.3826
30.8641
30.2541
29.7474
29.2432
28.6227
28.192
27.6453
27.1043
26.5664
26.1332
25.7634
25.092
24.5391
24.1322
23.426
23.1253
22.6793
21.7219
21.3513
20.8671
20.3441
19.9009
19.4391
18.8073
18.3661
17.9967
38.9174
39.5976
39.9324
40.1539
40.3107
39.9447
39.9189
39.4609
38.7805
38.5487
38.1646
37.5752
37.0566
36.4126
35.9546
35.7059
34.8084
34.3547
33.8943
33.3481
32.8901
32.4267
31.836
31.4575
30.8085
30.0975
29.8093
29.1165
28.5283
28.2429
27.5474
27.0706
26.7742
25.9776
25.6401
24.9793
24.3877
23.9779
23.5374
22.9764
22.316
21.846
21.4377
20.8008
20.2491
19.9122
19.6243
18.8619
18.2984
18.1117
39.24
39.929
40.0571
40.1482
40.2676
40.0551
39.989
39.4467
38.8789
38.6189
38.0986
37.5214
37.0801
36.6967
36.0858
35.3353
34.8369
34.4398
33.9978
33.3518
32.7947
32.2939
31.789
31.3015
30.6327
30.3089
29.6284
29.416
28.761
27.9601
27.6392
27.2538
26.6188
26.0159
25.5192
24.9343
24.3461
23.9962
23.5541
22.9421
22.5307
22.1172
21.258
21.0721
20.5276
19.8124
19.3794
18.9177
18.4807
17.838
39.399
39.8888
40.2641
40.4196
40.4703
40.4218
40.0636
39.5486
38.932
38.6888
38.2445
37.6736
37.1076
36.5623
35.9387
35.416
35.0433
34.4308
33.8819
33.4106
32.7555
32.3206
31.7296
31.3227
30.5994
30.3513
29.6284
29.193
28.8763
28.2256
27.6366
27.2102
26.5101
26.0599
25.673
24.9202
24.4479
24.0769
23.4968
22.9047
22.4331
22.0203
21.3707
21.0117
20.5051
19.8174
19.3739
18.9356
18.4816
17.8877
39.876
40.2996
40.5978
40.5699
40.6393
40.4698
40.0426
39.7262
38.9703
38.7816
38.1348
37.6749
37.1859
36.5287
36.1584
35.5436
35.0509
34.5055
33.7756
33.6129
32.9572
32.3573
31.7046
31.2796
30.7717
30.2224
29.6556
29.1095
28.6182
28.0418
27.6385
27.0317
26.6659
26.0005
25.5522
25.045
24.5428
24.0629
23.4724
22.948
22.329
21.9324
21.4346
20.803
20.4618
19.8273
19.565
18.9033
18.5023
17.8684
40.1462
40.5324
40.9781
40.9031
40.7792
40.5697
40.2213
39.7703
39.2644
38.6477
38.0098
37.6686
36.9448
36.5822
36.1222
35.4228
34.7822
34.3086
33.8982
33.2466
32.832
32.3607
31.6868
31.2312
30.8305
30.1685
29.8155
29.1006
28.6616
27.9948
27.6498
27.1267
26.8456
25.9591
25.5172
25.0631
24.4472
24.1102
23.5297
23.05
22.5264
22.0828
21.4421
20.8381
20.4574
19.9059
19.4779
18.8455
18.4805
18.0224
40.813
40.9198
41.4615
41.3727
40.9141
40.8286
40.2791
39.8238
39.3329
38.8177
38.33
37.6328
37.0837
36.6582
36.0458
35.4161
35.225
34.4156
33.9334
33.2841
32.9181
32.2594
31.9074
31.3551
30.9488
30.229
29.5683
29.2371
28.8041
28.1062
27.5277
27.0104
26.794
26.1597
25.5843
25.0663
24.619
24.0131
23.5184
23.1669
22.2892
21.9476
21.4965
20.8881
20.5121
19.975
19.3614
18.8333
18.5461
17.9674
41.3222
41.5817
42.007
41.879
41.4208
41.0168
40.3206
40.0214
39.6294
38.7272
38.2131
37.6314
37.1848
36.556
35.8286
35.5946
34.8968
34.3429
34.0628
33.2301
32.9356
32.3865
31.7315
31.3612
30.7046
30.4186
29.7855
29.1816
28.7577
28.0687
27.5067
27.1043
26.4858
26.111
25.5394
24.9899
24.4993
23.9971
23.4699
22.9578
22.5556
22.0588
21.4061
21.0416
20.3572
19.9539
19.4209
18.9724
18.4036
18.069
41.8277
42.4264
42.711
42.269
41.8897
41.5494
40.8153
40.1039
39.379
38.9134
38.3696
37.5487
37.1347
36.5853
36.0491
35.5758
34.8034
34.4948
33.9587
33.4017
32.8234
32.2454
31.7658
31.2457
30.8399
30.1733
29.7105
29.1357
28.6302
28.1622
27.7698
27.0965
26.7643
26.0194
25.5785
25.0328
24.6468
24.0802
23.4464
22.8634
22.4076
21.9963
21.4189
20.9772
20.4013
19.9574
19.3408
18.994
18.6213
17.9204
42.7669
43.1785
43.3767
42.7871
42.4551
41.7384
41.0702
40.2461
39.6201
38.9029
38.2344
37.8724
37.1887
36.4589
35.8891
35.4499
34.9134
34.4641
33.8263
33.3822
32.7193
32.3618
31.7051
31.2994
30.6533
30.1528
29.6556
29.3282
28.5105
28.2635
27.6773
26.9951
26.5841
26.1208
25.6102
25.1583
24.5791
24.0026
23.3386
22.9025
22.5887
21.8656
21.2639
20.9587
20.5036
19.8713
19.2755
19.006
18.4701
18.0122
43.9392
44.3407
44.1945
43.6461
42.7917
42.2222
41.1798
40.4442
39.6217
39.1306
38.3188
37.7032
37.1327
36.4552
36.0563
35.407
34.821
34.4981
33.7541
33.2863
32.8855
32.3105
31.9782
31.2309
30.7734
30.2018
29.6741
29.2862
28.6876
28.02
27.5543
27.116
26.4497
26.094
25.7041
25.2234
24.4095
23.8145
23.2934
23.0801
22.5317
21.9041
21.3529
20.7521
20.4636
20.1684
19.5808
18.908
18.4412
17.8935
45.5365
45.4993
45.3899
44.4633
43.2277
42.395
41.4183
40.5001
39.766
39.0464
38.2129
37.6669
37.1324
36.5503
35.8846
35.4419
34.999
34.2367
33.854
33.5415
32.8645
32.3956
31.7617
31.2483
30.7162
30.2685
29.754
29.2252
28.6967
28.1615
27.8075
27.0261
26.6129
26.076
25.4464
25.026
24.4926
24.0374
23.5541
22.87
22.5043
22.0187
21.357
20.8314
20.4122
20.0339
19.37
18.8958
18.5222
18.0935
47.2776
46.9798
46.4008
45.348
43.947
42.8806
41.6984
40.7386
39.6704
38.9323
38.3713
37.8163
37.1098
36.4801
35.9396
35.4496
34.9164
34.4164
33.7809
33.2043
33.0163
32.3136
31.763
31.3486
30.7319
30.2863
29.6505
29.0489
28.7946
27.9252
27.7407
27.1797
26.4937
26.1877
25.6246
24.9841
24.7007
24.0112
23.4029
23.0546
22.3698
21.8758
21.4261
20.9384
20.4439
20.0013
19.4751
18.848
18.5837
17.8003
49.8554
49.176
47.6853
46.191
44.5809
43.1739
41.8574
40.8566
39.6837
39.1453
38.3415
37.8145
37.1779
36.5122
36.2031
35.4517
34.9077
34.4973
33.8125
33.3477
32.8908
32.174
31.632
31.3798
30.6549
30.234
29.8446
29.2309
28.9278
27.9204
27.5431
27.043
26.7133
25.94
25.5374
25.0939
24.5311
24.0049
23.498
22.8309
22.48
21.7534
21.2834
20.9728
20.4543
20.0109
19.3365
18.8416
18.4004
17.8428
53.0769
51.3517
49.4095
47.0883
45.1116
43.1141
42.1487
40.7752
39.6083
38.9507
38.3903
37.6041
36.9916
36.4144
35.8547
35.3799
34.7207
34.3841
33.8138
33.3489
32.7163
32.217
31.6611
31.3611
30.7183
30.1533
29.6425
29.0923
28.6791
28.2957
27.6525
27.0971
26.7147
25.9605
25.4903
24.9408
24.6749
24.0174
23.369
22.7608
22.3835
22.0519
21.2281
20.8418
20.321
19.8839
19.1456
18.9214
18.248
17.8819
57.9722
54.1149
50.9636
48.0227
45.3315
43.5032
41.9449
40.7153
39.8118
39.0944
38.1066
37.7084
36.9197
36.572
35.9512
35.283
34.7399
34.1039
34.001
33.2744
32.9195
32.3497
31.8577
31.3369
30.5334
30.2412
29.8533
29.22
28.5966
28.0799
27.7856
26.915
26.4994
25.8542
25.6394
24.9767
24.6663
24.0188
23.475
22.8251
22.4218
21.9066
21.3619
20.9318
20.3536
19.8127
19.3001
18.6564
18.2762
17.9237
64.6995
57.5954
52.8356
48.5813
45.545
43.3334
41.9136
40.6154
39.7679
38.8229
38.2647
37.3724
37.1155
36.3972
35.8016
35.5196
34.8154
34.1809
33.9558
33.3049
32.9758
32.2051
31.7642
31.3784
30.6768
30.387
29.7124
29.1223
28.7664
28.3426
27.5718
27.2814
26.6236
25.9457
25.3738
24.9775
24.4679
24.1035
23.3863
22.954
22.3584
21.769
21.5235
20.6571
20.2419
19.8916
19.3207
18.6607
18.2524
17.847
74.6472
61.2871
53.8803
48.8882
45.3557
43.0345
41.4835
40.1501
39.4869
38.5797
37.8969
37.4597
36.7945
36.266
35.8124
35.4717
34.9252
34.4512
33.6956
33.2409
32.7325
32.3028
31.8912
31.2614
30.6215
30.2585
29.6806
29.1445
28.6946
28.0842
27.6456
27.0088
26.3827
26.1006
25.6055
25.0921
24.3014
24.0176
23.4466
22.9239
22.3784
21.6956
21.3205
20.8649
20.1776
19.8374
19.2039
18.6813
18.1546
17.885
93.0223
65.0881
54.1748
48.3074
44.5749
42.6018
40.8771
40.1668
39.1716
38.6118
37.8262
37.4619
36.7433
36.0767
35.538
35.2117
34.7628
34.2236
33.8793
33.1437
32.8529
32.3299
31.6779
31.2
30.5984
30.1059
29.7038
29.2106
28.6529
28.1951
27.6287
27.1835
26.7561
25.9666
25.5051
25.041
24.4612
23.9452
23.2548
22.92
22.1586
21.6646
21.1501
20.7435
20.0646
19.8161
19.2013
18.9237
18.2488
17.6357
128.315
68.6362
53.3041
47.0344
43.7843
41.8165
40.1883
39.4261
38.9199
38.0846
37.7535
37.2102
36.779
36.177
35.7963
35.0694
34.592
34.2121
33.607
33.4244
32.7366
32.2779
31.7573
31.3072
30.6334
30.3166
29.7856
29.0902
28.7592
28.0121
27.6374
27.1431
26.5503
26.0959
25.5175
25.0531
24.2518
24.0279
23.3885
22.9015
22.3347
21.7291
21.4221
20.7117
20.2538
19.5831
19.1763
18.6518
18.0907
17.5185
8.84064
10.8704
11.046
11.3614
11.7672
11.7638
12.0357
12.0279
12.0679
11.913
12.1005
12.0583
11.8368
11.7244
11.7564
11.7299
11.4629
11.3234
11.3232
11.1404
11.0763
11.0715
10.8749
10.7031
10.5275
10.4591
10.3254
10.1596
10.0144
9.88662
9.73062
9.58759
9.45867
9.32206
9.18993
9.05234
8.89274
8.7474
8.6234
8.46626
8.3401
8.1757
8.04122
7.91533
7.77512
7.6394
7.48506
7.35642
7.22726
7.07281
6.91914
6.78279
6.64593
6.49277
6.37821
6.20852
6.06204
5.94735
5.81792
5.66419
5.52332
5.37381
5.25161
5.10793
4.96661
4.81148
4.68007
4.55104
4.40538
4.27524
4.13393
3.98738
3.84766
3.70784
3.56203
3.42763
3.29172
3.16919
3.00115
2.85292
2.72126
2.57606
2.44884
2.30135
2.15835
2.01452
1.87713
1.74046
1.61323
1.4624
1.31135
1.18203
1.03295
0.908092
0.768517
0.628285
0.489043
0.349319
0.210262
0.0699587
11.4644
12.0546
11.7387
12.0087
11.9248
12.2041
12.1094
12.0523
12.1146
12.2021
12.0794
11.9733
11.8687
11.8407
11.8516
11.4593
11.6217
11.536
11.143
11.1807
11.1309
10.9399
10.9835
10.88
10.4572
10.3805
10.2996
10.1716
10.0313
9.87847
9.73694
9.59424
9.45398
9.32792
9.1733
9.03937
8.88725
8.75616
8.62215
8.47139
8.32672
8.19001
8.05214
7.90512
7.76724
7.62459
7.49368
7.34618
7.2075
7.0709
6.92737
6.79374
6.66297
6.51496
6.35491
6.22065
6.08794
5.93274
5.81757
5.65983
5.53026
5.38243
5.24495
5.12004
4.96066
4.80998
4.69183
4.53823
4.40536
4.25055
4.13267
4.00078
3.83559
3.70172
3.54699
3.43074
3.27517
3.13663
3.01887
2.87614
2.72473
2.5783
2.44562
2.30267
2.15836
2.02549
1.87085
1.74684
1.60684
1.46738
1.34069
1.19639
1.05926
0.907274
0.769386
0.62943
0.491325
0.350909
0.210322
0.0699898
12.9398
12.7278
12.3244
12.2414
12.4558
12.3647
12.4587
12.2401
12.1123
12.3676
11.9482
12.0461
11.9089
11.9339
11.8728
11.6775
11.5682
11.5133
11.2556
11.0812
11.1225
10.9017
10.8324
10.7707
10.5608
10.3806
10.269
10.1475
10.0006
9.84706
9.74431
9.5929
9.45857
9.32515
9.18682
9.03797
8.87601
8.75291
8.61445
8.47217
8.32492
8.17354
8.05122
7.90849
7.77315
7.62416
7.49032
7.33393
7.20266
7.06743
6.91578
6.79154
6.65786
6.51472
6.33556
6.22235
6.06669
5.93713
5.80119
5.66795
5.52455
5.3882
5.24897
5.10263
4.96346
4.82855
4.68564
4.53058
4.40536
4.26462
4.12893
3.94384
3.84121
3.70352
3.56447
3.44309
3.26728
3.13951
3.00355
2.87322
2.72411
2.57804
2.44692
2.32094
2.16848
2.03209
1.86951
1.76291
1.59978
1.46739
1.3327
1.18665
1.03322
0.909068
0.767173
0.629334
0.489103
0.350306
0.211192
0.0700224
13.8028
13.5246
12.8321
12.7312
12.6696
12.4797
12.5437
12.4346
12.4885
12.1584
12.1612
12.215
12.0413
12.1428
11.8781
11.7805
11.6037
11.5184
11.146
11.2015
10.9961
10.8753
10.7365
10.767
10.5363
10.4596
10.2992
10.1008
9.99291
9.87862
9.75068
9.59098
9.45516
9.30643
9.1637
9.01639
8.88529
8.77233
8.61975
8.48133
8.3439
8.179
8.0535
7.90704
7.76402
7.63823
7.47876
7.351
7.19273
7.04657
6.9177
6.79315
6.66444
6.48713
6.38208
6.20632
6.08806
5.94028
5.80741
5.65686
5.53351
5.388
5.23473
5.12548
4.9659
4.81825
4.66751
4.53735
4.40674
4.25407
4.13601
4.00914
3.86077
3.70721
3.5732
3.42296
3.29632
3.13245
2.99606
2.8573
2.73587
2.59377
2.45581
2.33958
2.18152
2.0309
1.87777
1.74186
1.61185
1.45749
1.32004
1.19608
1.058
0.908605
0.769947
0.628616
0.49075
0.349692
0.209663
0.0698798
14.4893
13.8557
13.3235
13.0092
12.7383
12.8203
12.6178
12.5602
12.5967
12.16
12.2181
12.2693
12.1891
11.7921
11.8147
11.6404
11.7114
11.4653
11.3423
11.1663
11.2157
10.8851
10.6695
10.7896
10.4971
10.3497
10.3414
10.0752
10.0306
9.87697
9.72991
9.60132
9.43777
9.32925
9.18192
9.00984
8.88538
8.74108
8.60481
8.47312
8.32414
8.18679
8.05785
7.90916
7.77227
7.62429
7.47555
7.35252
7.19207
7.06815
6.92464
6.77919
6.64889
6.49704
6.36386
6.2183
6.08779
5.96073
5.81047
5.66228
5.52933
5.37865
5.24488
5.09386
4.96689
4.81977
4.66747
4.53884
4.40672
4.25962
4.1214
3.98622
3.84266
3.71344
3.56794
3.42878
3.27943
3.15848
3.01212
2.87154
2.72545
2.58834
2.45433
2.32181
2.17376
2.02551
1.87809
1.75639
1.61178
1.46489
1.36133
1.20087
1.04471
0.910594
0.768922
0.628777
0.490784
0.351168
0.211825
0.069979
15.0943
14.404
13.7341
13.3247
13.4182
12.8677
13.0882
12.5201
12.5999
12.4317
12.2833
12.2862
12.0813
11.6489
11.7484
11.4958
11.5684
11.4814
11.4901
11.153
11.0495
10.8722
10.768
10.7128
10.6281
10.3628
10.3534
10.1507
9.99885
9.86686
9.70191
9.57784
9.44621
9.31407
9.15409
9.00365
8.88144
8.75443
8.62747
8.44738
8.31377
8.17826
8.05505
7.91507
7.7658
7.61775
7.50173
7.34291
7.19862
7.04807
6.92423
6.77448
6.6555
6.5
6.3598
6.21473
6.0841
5.95144
5.80609
5.66338
5.51363
5.39566
5.24225
5.10491
4.95127
4.82938
4.66929
4.54486
4.4053
4.2549
4.12422
3.9751
3.84704
3.72639
3.56358
3.41973
3.2892
3.14434
3.01826
2.87144
2.73005
2.58743
2.45269
2.32031
2.17276
2.03863
1.87958
1.76025
1.61934
1.46742
1.32096
1.1838
1.05755
0.909584
0.76821
0.62995
0.489735
0.35098
0.210827
0.0700593
15.5036
14.7251
13.9481
13.6079
13.4717
13.0135
13.1285
12.6583
12.736
12.7057
12.4341
12.2946
12.3665
12.139
11.8763
11.8068
11.8664
11.3282
11.3755
11.2401
11.2054
11.0273
10.7193
10.6082
10.6308
10.319
10.2633
10.1031
9.99955
9.87904
9.71778
9.5683
9.45114
9.31437
9.179
9.01196
8.89736
8.73043
8.62011
8.45999
8.31255
8.15532
8.04261
7.90762
7.75506
7.60843
7.48987
7.33453
7.20824
7.07712
6.91391
6.79026
6.61642
6.50726
6.37165
6.23457
6.08584
5.94407
5.78741
5.66792
5.50475
5.37853
5.24876
5.10866
4.97172
4.80578
4.68059
4.5495
4.40668
4.26741
4.12402
3.98929
3.83233
3.71136
3.55737
3.41975
3.29599
3.1493
3.0018
2.86236
2.7225
2.60243
2.44147
2.33268
2.17524
2.02816
1.8845
1.75417
1.59821
1.46571
1.34356
1.20226
1.0443
0.908315
0.769563
0.62815
0.489586
0.349539
0.208881
0.0701628
15.6944
15.1339
14.4529
14.0227
13.51
13.5682
13.2109
12.8421
12.8318
12.7986
12.5903
12.4079
12.3205
12.3747
11.8397
11.8865
11.5078
11.5058
11.3544
11.2972
11.0086
11.1155
10.8017
10.7101
10.4769
10.3807
10.1932
10.1767
9.97977
9.85697
9.71203
9.56181
9.40985
9.296
9.16872
9.02842
8.86405
8.7296
8.58802
8.44504
8.29615
8.17459
8.04477
7.90626
7.76598
7.61399
7.4711
7.3193
7.21792
7.06313
6.91711
6.76604
6.6425
6.50783
6.35233
6.22888
6.07733
5.93134
5.80736
5.65177
5.5127
5.38491
5.24255
5.10201
4.93995
4.84471
4.68026
4.54252
4.40133
4.25818
4.11572
3.99566
3.85982
3.6995
3.55245
3.43128
3.27599
3.13577
3.00022
2.86307
2.73734
2.57754
2.44149
2.3282
2.18493
2.03171
1.88943
1.75181
1.59042
1.47608
1.32373
1.17334
1.05588
0.907548
0.767877
0.628555
0.491207
0.349388
0.210757
0.0701351
16.0073
15.4088
14.6627
14.1017
14.0213
13.7303
13.1402
13.1845
12.889
12.746
12.7634
12.4214
12.3724
11.9785
12.0948
11.7769
11.6638
11.4278
11.4151
11.1736
11.2753
11.0038
10.773
10.6874
10.4861
10.4774
10.1901
10.1209
9.99412
9.84245
9.71123
9.56497
9.43061
9.30061
9.15661
9.01328
8.87567
8.74869
8.60445
8.44668
8.30897
8.16973
8.03826
7.89739
7.74289
7.60802
7.48729
7.33532
7.21531
7.07244
6.91844
6.77707
6.63505
6.50348
6.3531
6.22168
6.07811
5.94368
5.79899
5.64417
5.51079
5.38154
5.26428
5.10256
4.97504
4.82881
4.6905
4.54136
4.40524
4.26271
4.10957
3.99126
3.83193
3.70265
3.56407
3.41577
3.27915
3.1417
3.00764
2.87418
2.71982
2.59039
2.43376
2.30972
2.17816
2.02223
1.89599
1.76915
1.61155
1.46181
1.32917
1.20388
1.04619
0.908895
0.769629
0.629768
0.488703
0.34903
0.210168
0.0700805
16.1067
15.5686
15.0487
14.459
14.1571
13.6867
13.5358
13.2402
13.0391
12.8273
12.4324
12.5705
12.2671
12.241
12.1346
11.8878
11.8223
11.7441
11.5196
11.2716
11.1547
11.0647
10.8092
10.7404
10.5113
10.3941
10.3249
10.0941
10.0039
9.82735
9.69899
9.55854
9.43908
9.28247
9.16154
8.98327
8.87636
8.74367
8.60009
8.45005
8.31446
8.16532
8.0358
7.89086
7.74701
7.61253
7.45402
7.33593
7.19346
7.06515
6.92981
6.80333
6.6471
6.52214
6.37333
6.21835
6.06044
5.95096
5.79768
5.66395
5.51663
5.39272
5.24027
5.11575
4.94587
4.82115
4.69813
4.53893
4.40664
4.27264
4.12291
3.98017
3.83141
3.71066
3.56245
3.42524
3.28377
3.13736
3.00474
2.85652
2.71385
2.59043
2.44482
2.29773
2.17667
2.00204
1.88989
1.75361
1.61996
1.46905
1.32206
1.17625
1.05453
0.909918
0.768766
0.629678
0.488241
0.349041
0.210438
0.0699315
16.2959
15.6694
14.9751
14.6126
14.2984
13.9399
13.4528
13.5179
13.0329
12.9329
12.6961
12.6081
12.3787
12.1118
12.1088
11.9438
11.6871
11.3881
11.4018
11.3741
11.1979
11.0079
10.8097
10.6492
10.6003
10.4437
10.232
10.1673
9.97066
9.84636
9.69754
9.5615
9.41648
9.28718
9.15213
9.012
8.86801
8.72559
8.59424
8.45467
8.3143
8.17488
8.02774
7.90055
7.75369
7.62457
7.46554
7.32463
7.18717
7.04839
6.90249
6.78406
6.6293
6.49996
6.37121
6.2221
6.07457
5.94277
5.80025
5.65207
5.52315
5.39024
5.24673
5.11251
4.96031
4.82325
4.70451
4.53891
4.3915
4.26252
4.12407
3.98046
3.84301
3.70999
3.53749
3.43177
3.28691
3.14425
3.00599
2.8537
2.73559
2.59118
2.44503
2.29824
2.17688
2.0186
1.88991
1.75609
1.61677
1.47237
1.32349
1.18785
1.0503
0.908925
0.768286
0.630779
0.490769
0.350005
0.208848
0.0699546
16.5485
15.8384
15.4558
14.8281
14.4503
13.9482
13.862
13.3986
13.3281
13.0423
12.8699
12.8288
12.5895
12.2737
12.0049
11.8672
11.6741
11.4726
11.5366
11.3058
11.1578
10.9556
10.7395
10.6171
10.4717
10.4176
10.2141
10.0932
9.9756
9.82486
9.70443
9.56153
9.4184
9.27234
9.13954
9.00079
8.87318
8.7371
8.55502
8.45342
8.287
8.17563
8.03644
7.90262
7.7578
7.6113
7.46033
7.3373
7.19376
7.03809
6.91188
6.78686
6.63817
6.4884
6.3581
6.21505
6.07056
5.94149
5.81178
5.65229
5.53589
5.37731
5.23606
5.09962
4.97687
4.81785
4.69459
4.54667
4.41089
4.27315
4.12169
3.99163
3.84421
3.70161
3.54375
3.42698
3.28633
3.14199
3.00522
2.86479
2.71845
2.58926
2.45406
2.29965
2.17234
2.03021
1.88933
1.74482
1.62141
1.47003
1.33159
1.17005
1.05528
0.909393
0.769261
0.628244
0.488959
0.349319
0.209604
0.0700004
16.7826
15.993
15.639
14.9962
14.6026
14.2535
13.8993
13.4891
13.4126
13.1452
12.9743
12.6843
12.5889
12.3275
11.909
11.9598
11.6778
11.6453
11.5212
11.211
11.2587
11.004
10.8311
10.773
10.6254
10.4544
10.254
10.0845
9.97742
9.82085
9.68528
9.55364
9.39218
9.2795
9.12383
9.0042
8.87084
8.7379
8.58685
8.43219
8.30622
8.17204
8.03488
7.87799
7.76966
7.61749
7.46097
7.3384
7.19003
7.07096
6.90361
6.76758
6.63154
6.48274
6.36964
6.22371
6.06679
5.93349
5.79164
5.65444
5.52385
5.40043
5.24879
5.08966
4.95512
4.82269
4.66881
4.55268
4.40849
4.27471
4.12469
3.97855
3.85272
3.69455
3.54903
3.43477
3.30238
3.13915
3.008
2.87566
2.74457
2.57172
2.43718
2.31328
2.18403
2.02648
1.88697
1.73788
1.58994
1.4639
1.31739
1.19286
1.04912
0.908701
0.771364
0.627687
0.490405
0.350027
0.210169
0.0699532
16.7639
16.1473
15.4979
15.3343
14.6037
14.4498
13.9944
13.6452
13.529
13.073
12.9225
12.8598
12.5276
12.2728
12.1712
11.9676
11.7189
11.722
11.4143
11.199
11.1706
10.8625
10.9556
10.6437
10.6285
10.2816
10.2086
10.1477
9.95674
9.84442
9.70459
9.55908
9.42211
9.25896
9.12852
8.99332
8.8488
8.722
8.56539
8.43887
8.30987
8.15957
8.03147
7.88588
7.74401
7.61814
7.47081
7.31392
7.1943
7.04752
6.92806
6.75229
6.6506
6.49477
6.37156
6.2234
6.07787
5.93313
5.79958
5.65283
5.52638
5.39152
5.26037
5.1029
4.9583
4.8266
4.67394
4.52806
4.39751
4.24739
4.12386
3.98913
3.84117
3.6888
3.56217
3.41556
3.26917
3.14494
2.99237
2.88356
2.73434
2.60885
2.43458
2.30607
2.17762
2.0265
1.87801
1.74833
1.59558
1.46997
1.35787
1.17335
1.05487
0.908213
0.768152
0.629345
0.488351
0.350368
0.208538
0.0699925
16.696
16.2652
15.64
15.1035
14.6174
14.4272
14.1071
13.768
13.4124
13.2065
12.9
12.8338
12.6183
12.3538
12.1624
12.0187
11.8002
11.7443
11.3545
11.2676
11.0046
10.9214
10.9687
10.7255
10.6088
10.38
10.3037
10.0621
9.96768
9.83947
9.67551
9.53543
9.3939
9.26807
9.12692
8.98673
8.8534
8.69621
8.58135
8.43757
8.30209
8.16464
8.01841
7.87937
7.75463
7.60176
7.46076
7.31103
7.18405
7.04864
6.90202
6.7826
6.63609
6.49926
6.372
6.21189
6.08148
5.93713
5.78742
5.65653
5.54529
5.37656
5.24867
5.10816
4.94431
4.82656
4.67679
4.54868
4.40623
4.25736
4.12546
3.99498
3.82899
3.72448
3.57035
3.44064
3.28845
3.15208
3.01021
2.852
2.71274
2.58478
2.46399
2.30088
2.17492
2.01975
1.86625
1.73922
1.58936
1.46111
1.32593
1.19679
1.05295
0.908272
0.770634
0.631206
0.487881
0.350401
0.209146
0.0700919
17.023
16.3711
16.0703
15.3643
15.1114
14.51
14.1491
13.9036
13.5567
13.3771
12.8403
12.8776
12.6958
12.3718
12.0739
12.086
12.1314
11.6782
11.5227
11.0979
11.0141
10.9302
10.8159
10.6328
10.5458
10.3177
10.2042
10.1231
9.97018
9.80633
9.68708
9.53729
9.4072
9.26145
9.11099
8.98364
8.84955
8.72127
8.56103
8.44832
8.30118
8.16056
8.014
7.89954
7.73872
7.60145
7.46932
7.32814
7.18714
7.05065
6.91151
6.77651
6.64519
6.49096
6.3351
6.20329
6.07025
5.93754
5.78839
5.65287
5.52755
5.37505
5.22617
5.09089
4.96267
4.82726
4.67388
4.55789
4.41083
4.29206
4.12954
3.995
3.84082
3.70349
3.56378
3.41101
3.28663
3.14366
3.00751
2.87275
2.71333
2.5849
2.44637
2.29835
2.16398
2.0246
1.86627
1.73455
1.61284
1.46969
1.33334
1.18034
1.05385
0.908698
0.769742
0.629851
0.488644
0.348832
0.207429
0.0700335
17.0447
16.5123
15.8959
15.6299
14.9107
14.6524
14.2838
13.8601
13.5688
13.3409
13.0318
12.9345
12.6118
12.4363
12.0297
11.989
11.6924
11.5498
11.6024
11.2281
11.042
10.9433
10.8411
10.5356
10.5526
10.3498
10.2965
10.1147
9.98034
9.82418
9.669
9.53578
9.38275
9.25244
9.12957
8.97189
8.83538
8.69715
8.57158
8.42648
8.29359
8.1525
8.01142
7.87585
7.73178
7.58857
7.45632
7.3176
7.19899
7.04635
6.92083
6.7866
6.64258
6.49857
6.34819
6.2071
6.07701
5.93858
5.80507
5.65766
5.53026
5.36251
5.23448
5.09596
4.95893
4.81104
4.68891
4.54836
4.40009
4.25535
4.13176
3.98572
3.85303
3.70188
3.57395
3.42384
3.2791
3.12946
3.00553
2.86832
2.73843
2.57083
2.44799
2.30416
2.16429
2.03227
1.87438
1.75105
1.61645
1.47053
1.33145
1.19589
1.04851
0.90893
0.76762
0.627853
0.488982
0.350677
0.209397
0.0698762
17.0301
16.6775
16.1006
15.5489
15.0619
14.6726
14.4816
14.1852
13.6535
13.2921
13.0697
12.8742
12.7558
12.4412
12.1241
11.9982
11.799
11.5851
11.5882
11.3466
11.13
10.8815
10.815
10.6472
10.444
10.4521
10.2743
10.0884
9.95612
9.8018
9.65688
9.53052
9.38011
9.2493
9.10292
8.96831
8.85621
8.7004
8.571
8.41846
8.3053
8.14817
8.01244
7.88705
7.74734
7.6137
7.46666
7.34235
7.18674
7.05395
6.92349
6.78997
6.6322
6.48356
6.34617
6.19472
6.0602
5.93813
5.79228
5.64906
5.5388
5.37753
5.25117
5.10003
4.94794
4.805
4.69723
4.53588
4.40902
4.26074
4.11725
3.98403
3.84358
3.70276
3.56923
3.41964
3.30364
3.15646
3.01121
2.87085
2.73434
2.59535
2.44263
2.31186
2.15674
2.03355
1.8778
1.75735
1.60514
1.45172
1.33282
1.18004
1.0544
0.908724
0.769334
0.628559
0.489565
0.348381
0.209481
0.0700867
17.1292
16.678
16.2729
15.662
15.0602
14.9415
14.3773
13.9914
13.8163
13.4478
13.2367
12.9404
12.7898
12.4944
12.3305
11.9949
11.9748
11.631
11.3778
11.2773
11.3088
11.0618
10.8642
10.4935
10.5336
10.4409
10.2258
10.0933
9.96042
9.80244
9.65326
9.5332
9.38485
9.24239
9.12844
8.97422
8.8333
8.69569
8.5682
8.44601
8.2967
8.1445
8.01128
7.88491
7.74955
7.59761
7.46823
7.32665
7.18175
7.05785
6.92598
6.76745
6.64502
6.50105
6.34078
6.2223
6.0764
5.92903
5.79632
5.68213
5.51326
5.37582
5.24669
5.12088
4.96804
4.82718
4.66744
4.54727
4.39573
4.26024
4.10694
3.9776
3.85555
3.70473
3.57777
3.42151
3.26621
3.16291
2.99953
2.87228
2.72531
2.58558
2.44025
2.32454
2.16071
2.04047
1.90117
1.75094
1.61855
1.49733
1.33559
1.19216
1.04864
0.909752
0.767949
0.628076
0.488008
0.351213
0.210109
0.0700705
17.5264
16.7406
16.1514
15.6503
15.312
14.6576
14.4562
14.0754
13.7864
13.5078
13.4151
12.8741
12.7482
12.4497
12.2382
11.9818
11.9915
11.8167
11.55
11.2619
11.2534
10.9347
10.8767
10.7047
10.5736
10.3118
10.1447
10.1022
9.92642
9.77911
9.66007
9.49689
9.38756
9.23206
9.11902
8.93461
8.82269
8.70307
8.56118
8.42887
8.28636
8.14037
8.02059
7.8707
7.74046
7.60052
7.46766
7.30957
7.17919
7.04093
6.90941
6.76785
6.6352
6.48838
6.34431
6.21134
6.07176
5.93453
5.79313
5.65751
5.53779
5.37828
5.21409
5.10989
4.94977
4.82716
4.68669
4.52664
4.41285
4.26456
4.13501
3.98889
3.83985
3.7182
3.55932
3.43007
3.29862
3.12731
3.00342
2.86508
2.7237
2.58308
2.46403
2.30743
2.17183
2.03854
1.89744
1.76294
1.60719
1.47023
1.31758
1.18885
1.05297
0.908262
0.769368
0.629757
0.489818
0.348968
0.210188
0.0698521
17.5692
16.9064
16.2466
15.7324
15.277
14.8394
14.4754
14.139
13.8385
13.3343
13.1643
13.1717
12.8136
12.32
12.29
11.9931
11.769
11.4567
11.4468
11.3832
11.1362
10.9663
10.8266
10.5671
10.4273
10.3013
10.1727
10.0978
9.92213
9.80075
9.6597
9.51576
9.37569
9.2383
9.11653
8.94794
8.82649
8.70197
8.57983
8.41419
8.27319
8.15148
8.01543
7.8831
7.74235
7.61626
7.46563
7.33031
7.19334
7.05809
6.90764
6.77469
6.63303
6.4822
6.36866
6.22144
6.08749
5.93845
5.77849
5.66215
5.52748
5.38882
5.25365
5.08244
4.97458
4.81702
4.67545
4.54958
4.39675
4.26709
4.11949
3.9899
3.83463
3.71533
3.57529
3.42655
3.29133
3.14328
2.99987
2.85682
2.72308
2.58464
2.43824
2.29762
2.18103
2.03143
1.87591
1.75745
1.59887
1.45161
1.32269
1.19395
1.04802
0.907354
0.768891
0.628101
0.488823
0.349808
0.210146
0.0699363
17.3919
16.9291
16.2847
15.9043
15.2385
15.0111
14.6182
14.1025
14.062
13.4946
13.2259
13.1075
12.6118
12.4153
12.3229
11.9895
11.8582
11.7704
11.5267
11.1731
11.1399
10.905
10.8074
10.7177
10.4787
10.2286
10.187
10.0854
9.91615
9.79663
9.65195
9.5013
9.36346
9.24733
9.10234
8.94107
8.82283
8.67776
8.56279
8.4209
8.27615
8.13898
8.01474
7.87905
7.73735
7.60033
7.46445
7.32263
7.19078
7.05331
6.92804
6.76699
6.63087
6.48683
6.36173
6.2213
6.08311
5.9321
5.81238
5.64403
5.51383
5.39103
5.2356
5.09671
4.95003
4.82041
4.69021
4.52987
4.42329
4.26548
4.14032
3.97486
3.84488
3.69867
3.58314
3.41693
3.30167
3.14143
2.99119
2.87407
2.73474
2.57242
2.43283
2.30403
2.17672
2.02878
1.87593
1.73022
1.60313
1.48078
1.32813
1.19751
1.05133
0.908888
0.768524
0.628469
0.488076
0.350259
0.208651
0.06963
17.5286
16.7965
16.4041
15.9933
15.4135
15.0185
14.6887
14.4208
13.9565
13.5822
13.188
12.971
12.7375
12.3984
12.2297
12.1094
11.8564
11.5967
11.413
11.2042
11.1962
10.9597
10.9074
10.5548
10.4976
10.3333
10.2611
10.0195
9.92619
9.77378
9.63936
9.50214
9.35864
9.22645
9.07545
8.9465
8.82084
8.69278
8.55808
8.41021
8.27961
8.1278
8.00189
7.8698
7.72683
7.60083
7.46747
7.32919
7.20721
7.06092
6.91933
6.7618
6.63017
6.48939
6.36297
6.20245
6.07553
5.93943
5.80279
5.64992
5.50741
5.37654
5.22825
5.10983
4.97665
4.81854
4.68762
4.56444
4.40549
4.27672
4.12933
3.99112
3.84865
3.67366
3.56762
3.44193
3.29031
3.14466
3.01711
2.86931
2.70686
2.58312
2.44998
2.31645
2.16347
2.03275
1.86939
1.73549
1.60776
1.47605
1.33262
1.18499
1.0497
0.908658
0.769844
0.629447
0.490401
0.349145
0.208898
0.0699052
17.5053
16.8574
16.3027
15.9482
15.3496
15.2689
14.6282
14.3674
13.8961
13.5085
13.5125
12.8538
12.8832
12.5845
12.3713
12.013
11.7095
11.738
11.2382
11.157
10.9791
10.8923
10.7985
10.6059
10.4926
10.2783
10.2226
10.0039
9.89312
9.75973
9.63536
9.49629
9.3651
9.22111
9.10173
8.95432
8.83656
8.69515
8.55119
8.40936
8.26869
8.1392
8.01534
7.8711
7.75191
7.59011
7.45094
7.32206
7.18859
7.04749
6.92316
6.78163
6.62948
6.49114
6.37391
6.22113
6.09662
5.95797
5.78679
5.65832
5.53018
5.38044
5.25067
5.09436
4.96939
4.84029
4.67901
4.55792
4.40609
4.2644
4.12028
3.98771
3.83965
3.69809
3.56643
3.43499
3.29014
3.14468
3.03034
2.86278
2.73113
2.59762
2.44855
2.30375
2.16546
2.02963
1.87844
1.7598
1.61768
1.459
1.33082
1.18939
1.04441
0.909
0.767755
0.630324
0.486643
0.3492
0.208226
0.0699589
17.4945
17.0284
16.2866
16.0803
15.5764
15.1779
14.5595
14.4748
13.9099
13.429
13.2736
13.1372
12.8615
12.5173
12.3237
12.1563
11.8259
11.6071
11.4193
11.3205
11.2038
11.0763
10.7968
10.6572
10.4214
10.2734
10.2145
10.0525
9.90233
9.77136
9.63551
9.48177
9.37521
9.21882
9.07849
8.94235
8.82112
8.67063
8.54674
8.41405
8.27956
8.1377
8.01232
7.87041
7.72128
7.60105
7.45395
7.31942
7.20092
7.05708
6.9065
6.76252
6.64025
6.50025
6.34375
6.21254
6.06124
5.93746
5.78443
5.66411
5.51788
5.37949
5.22956
5.10946
4.97631
4.81441
4.66989
4.54168
4.41025
4.24241
4.12735
3.991
3.84801
3.72123
3.54903
3.41826
3.29159
3.15916
2.98363
2.85989
2.73428
2.58145
2.45654
2.30248
2.17105
2.02965
1.89246
1.75253
1.60768
1.44693
1.3337
1.18879
1.04898
0.908369
0.768527
0.628457
0.491071
0.350298
0.208787
0.0699896
17.6654
16.9473
16.5594
15.8194
15.6912
14.972
14.6787
14.3673
13.6638
13.6134
13.3345
12.8251
12.7259
12.4717
12.3404
11.9755
11.8912
11.5667
11.4552
11.2248
11.1273
10.8731
10.7845
10.8071
10.5796
10.3505
10.2134
10.0127
9.88866
9.74957
9.64123
9.46666
9.35276
9.22541
9.07052
8.9592
8.80794
8.66738
8.53904
8.39014
8.28677
8.15017
8.00467
7.86916
7.71423
7.58258
7.44789
7.31378
7.18658
7.0394
6.88867
6.77446
6.62293
6.49076
6.35285
6.21307
6.07412
5.92717
5.79151
5.66675
5.52488
5.38517
5.2487
5.10993
4.96175
4.83648
4.69074
4.53934
4.41507
4.26607
4.12901
3.99289
3.84425
3.70049
3.58215
3.43075
3.28351
3.14959
2.99195
2.87555
2.72294
2.58188
2.46421
2.31592
2.17014
2.02967
1.89027
1.75932
1.59215
1.49502
1.31682
1.19229
1.04392
0.909516
0.769204
0.629183
0.489228
0.349203
0.211216
0.0697838
17.4275
17.0692
16.3631
15.9745
15.4869
15.0432
14.5976
14.3081
13.9976
13.6303
13.3313
12.9972
12.7382
12.6052
12.4906
11.8811
11.7906
11.6859
11.5706
11.3812
11.0737
10.8446
10.7877
10.6331
10.551
10.2893
10.1459
10.0356
9.90636
9.74831
9.61116
9.46893
9.34446
9.22454
9.08855
8.94941
8.8007
8.67994
8.54951
8.40313
8.25578
8.1291
8.00821
7.85912
7.7382
7.60204
7.44197
7.3298
7.1597
7.04167
6.89348
6.76581
6.61911
6.48968
6.36097
6.22355
6.08141
5.94163
5.80715
5.67112
5.53149
5.36491
5.25294
5.08814
4.96884
4.81765
4.66984
4.54317
4.42144
4.26454
4.14525
3.99252
3.84827
3.709
3.55654
3.41511
3.29334
3.15089
3.02442
2.87292
2.71746
2.5881
2.43753
2.31702
2.16404
2.02733
1.8908
1.73513
1.60925
1.4573
1.31929
1.17432
1.05073
0.908959
0.766559
0.629375
0.490907
0.348968
0.20891
0.0698712
17.5355
17.0576
16.6007
16.048
15.5523
15.1361
14.7933
14.2494
14.1263
13.7319
13.2126
12.9346
12.7857
12.4063
12.1281
11.9747
11.7234
11.6117
11.3236
11.2195
10.8386
10.9002
10.6841
10.479
10.365
10.2957
10.1641
10.0188
9.86706
9.76229
9.61332
9.4657
9.34531
9.20685
9.05229
8.94517
8.79659
8.66246
8.52237
8.40667
8.28113
8.13297
8.00068
7.85075
7.74068
7.58876
7.46938
7.30913
7.169
7.06064
6.90212
6.76422
6.6275
6.48373
6.35176
6.20161
6.07406
5.92737
5.7964
5.64898
5.52785
5.36987
5.25176
5.1081
4.95202
4.81997
4.67905
4.53571
4.39811
4.26812
4.14358
3.98885
3.84449
3.69516
3.57103
3.4167
3.27465
3.14718
3.00292
2.85585
2.73286
2.57859
2.44416
2.30895
2.15407
2.01468
1.87649
1.7538
1.61878
1.45578
1.33277
1.17941
1.05169
0.909361
0.768606
0.629527
0.491522
0.349804
0.209321
0.0699405
17.4271
16.8639
16.0924
16.0127
15.4418
15.0089
14.598
14.2348
13.9579
13.5316
13.2111
12.8268
12.8235
12.4208
12.3341
11.9525
11.6899
11.545
11.409
11.3135
11.0624
10.8752
10.7881
10.57
10.4495
10.2598
10.1593
9.97961
9.88874
9.73108
9.61124
9.47038
9.33548
9.20476
9.05925
8.94773
8.82502
8.67109
8.52596
8.41471
8.26418
8.11533
8.00207
7.86236
7.73646
7.5882
7.47251
7.31816
7.19667
7.06344
6.91225
6.76536
6.61714
6.48905
6.35384
6.20121
6.08147
5.96219
5.80273
5.65333
5.5166
5.39446
5.23106
5.09524
4.97379
4.82269
4.6836
4.55599
4.40272
4.23762
4.1084
3.98033
3.85118
3.69584
3.56147
3.44371
3.29483
3.15621
3.00294
2.8705
2.71663
2.58844
2.44595
2.31944
2.14696
2.01523
1.89973
1.76765
1.60871
1.48825
1.34113
1.18676
1.04773
0.908339
0.770072
0.627433
0.4899
0.349131
0.210027
0.070002
17.5992
17.043
16.4921
15.8843
15.5403
15.1016
14.6535
14.0909
13.8262
13.4978
13.2186
12.8939
12.5178
12.529
12.0684
12.0663
11.6748
11.7006
11.3992
11.1524
11.0781
10.8322
10.6265
10.5413
10.4675
10.2054
10.0812
10.0079
9.87242
9.72457
9.60157
9.46069
9.31033
9.1944
9.08511
8.94551
8.78898
8.677
8.53939
8.41018
8.27165
8.12431
7.98765
7.85267
7.70151
7.5801
7.44867
7.32866
7.18612
7.02616
6.9018
6.77146
6.64752
6.49032
6.36754
6.21622
6.05677
5.95625
5.80928
5.66689
5.53308
5.38353
5.23451
5.09993
4.96504
4.82382
4.69667
4.53703
4.40777
4.27391
4.14369
3.99421
3.85613
3.70402
3.57157
3.40803
3.27933
3.14419
3.00495
2.87954
2.7233
2.58521
2.4416
2.31063
2.14228
2.00499
1.88878
1.74631
1.59219
1.45928
1.33204
1.18738
1.05025
0.909882
0.769259
0.628442
0.489033
0.348655
0.210961
0.0697828
17.5113
17.0629
16.5044
15.8946
15.4706
14.9471
14.6793
14.2622
13.9641
13.2594
13.0391
12.8224
12.7227
12.4608
12.2155
11.8782
11.8114
11.7552
11.3776
11.206
11.046
10.9306
10.6
10.638
10.4899
10.4218
10.1432
10.0002
9.84253
9.73961
9.59125
9.45335
9.31735
9.21577
9.05888
8.92996
8.78209
8.68389
8.53634
8.40846
8.25671
8.1471
8.00123
7.85045
7.72983
7.5858
7.46738
7.32526
7.16427
7.03262
6.916
6.74996
6.63271
6.49873
6.34579
6.20599
6.09441
5.93527
5.79618
5.65366
5.50525
5.37845
5.23737
5.10639
4.9617
4.82578
4.67597
4.54183
4.4129
4.27018
4.13838
3.98851
3.85409
3.72312
3.55298
3.43964
3.29959
3.13625
3.00299
2.8648
2.74061
2.58281
2.44943
2.29755
2.16222
2.01863
1.89014
1.73261
1.6188
1.4722
1.33002
1.19237
1.04892
0.908245
0.770554
0.630592
0.488794
0.348411
0.208864
0.0697397
17.3737
17.0412
16.3137
16.077
15.5386
14.8488
14.5869
14.2085
13.6914
13.4649
13.3489
12.9851
12.8202
12.4099
11.9889
11.9988
11.6555
11.4544
11.2966
11.1989
11.0406
10.9061
10.5501
10.5412
10.4181
10.2246
10.1643
10.0197
9.83406
9.72667
9.60839
9.46437
9.32855
9.19691
9.04286
8.93915
8.79007
8.6727
8.516
8.40056
8.26589
8.12561
8.0004
7.86198
7.73383
7.59331
7.46118
7.31031
7.18972
7.06288
6.9008
6.7722
6.61959
6.4866
6.35753
6.22795
6.0947
5.94923
5.80949
5.66418
5.5209
5.3872
5.24573
5.09983
4.95843
4.82401
4.68166
4.5364
4.40163
4.25997
4.11844
4.00657
3.84597
3.7045
3.57305
3.41323
3.27886
3.1489
3.01454
2.87629
2.73217
2.59769
2.45085
2.29171
2.16102
2.01436
1.88018
1.75384
1.60536
1.47989
1.33564
1.18739
1.04978
0.909845
0.769443
0.627122
0.487416
0.349771
0.209983
0.0698768
17.4853
17.1732
16.1235
15.9515
15.4866
14.8462
14.5126
14.2063
13.7837
13.3962
13.1184
12.8465
12.4179
12.1727
12.0777
12.1166
11.7347
11.5726
11.151
11.0821
11.1508
10.8141
10.5361
10.488
10.3428
10.2536
10.0964
9.96246
9.84883
9.71141
9.58008
9.44462
9.30718
9.17783
9.05923
8.91177
8.78739
8.66369
8.51464
8.40482
8.26719
8.13563
7.99281
7.85516
7.71775
7.582
7.44525
7.31371
7.16469
7.06541
6.90256
6.77497
6.62858
6.48882
6.35861
6.21974
6.07643
5.92922
5.78435
5.65872
5.51636
5.36186
5.24281
5.09289
4.96179
4.82194
4.6805
4.52837
4.41014
4.25112
4.10052
3.99654
3.84004
3.71924
3.5626
3.4009
3.28463
3.15298
3.0184
2.87709
2.7242
2.58307
2.44482
2.29225
2.16103
2.0233
1.89283
1.74633
1.60554
1.44632
1.31906
1.19238
1.04936
0.908234
0.768091
0.629981
0.490667
0.349421
0.208409
0.0699102
17.3506
16.7924
16.4162
15.8118
15.504
14.9574
14.6052
14.0779
13.7666
13.3084
13.0889
13.0462
12.3718
12.4348
12.1145
11.9224
11.7644
11.5645
11.36
11.1452
10.9749
10.8577
10.6108
10.4682
10.3965
10.2443
10.0809
9.92343
9.82005
9.70024
9.56447
9.42897
9.30829
9.18453
9.04269
8.93576
8.78325
8.6674
8.52919
8.39614
8.27205
8.14177
8.01831
7.83703
7.73008
7.58591
7.46239
7.31725
7.17052
7.05212
6.89413
6.78251
6.61881
6.47882
6.36908
6.22685
6.0797
5.94183
5.78619
5.65475
5.51039
5.39511
5.23522
5.10273
4.95274
4.83244
4.69362
4.55113
4.38294
4.25482
4.10933
3.98249
3.8494
3.6984
3.56664
3.42438
3.28728
3.13462
3.00804
2.86368
2.72172
2.58326
2.44959
2.30576
2.16584
2.04266
1.88504
1.7252
1.60743
1.48591
1.32855
1.17921
1.05027
0.908274
0.768007
0.62879
0.490984
0.348855
0.208818
0.069869
17.3597
16.888
16.3512
15.7997
15.4045
14.8971
14.3142
14.0495
13.7644
13.1744
13.0644
12.7445
12.4292
12.2633
11.9478
11.896
11.6288
11.5004
11.1937
11.1167
10.8527
10.6968
10.6438
10.4084
10.3568
10.2203
10.1032
9.92531
9.80242
9.69267
9.55943
9.43949
9.31047
9.18293
9.0571
8.93083
8.77784
8.65705
8.52578
8.38277
8.25517
8.12761
7.99439
7.8759
7.7143
7.58049
7.44865
7.32254
7.19175
7.02838
6.88866
6.76469
6.63403
6.48801
6.36137
6.21391
6.07812
5.92811
5.78672
5.66109
5.52125
5.39489
5.23723
5.08034
4.9684
4.81614
4.68929
4.54892
4.40493
4.25527
4.1224
3.98796
3.83806
3.70264
3.56227
3.4264
3.2822
3.17426
2.99129
2.85251
2.72558
2.58561
2.4401
2.29372
2.16315
2.04738
1.88645
1.75386
1.60406
1.44795
1.31907
1.17474
1.04659
0.907775
0.768961
0.627519
0.489868
0.349541
0.209235
0.0699851
17.5416
16.8361
16.1796
15.6925
15.4455
14.6955
14.4732
13.9422
13.4849
13.3473
12.9142
12.7038
12.3602
12.0854
12.012
11.7525
11.74
11.4247
11.3212
11.17
10.9445
10.7152
10.5931
10.5304
10.2658
10.1173
10.0466
9.92246
9.81289
9.68753
9.56419
9.42731
9.30044
9.1818
9.03577
8.9025
8.79314
8.64233
8.51865
8.39626
8.2534
8.12882
8.00313
7.86307
7.72961
7.6127
7.44568
7.30734
7.18262
7.04611
6.88813
6.77365
6.64192
6.49857
6.3573
6.21935
6.07397
5.91914
5.79217
5.66637
5.51624
5.38032
5.23931
5.07914
4.96668
4.81046
4.67959
4.5434
4.40597
4.25971
4.12873
3.99218
3.86619
3.7065
3.5635
3.42972
3.27549
3.13412
2.98757
2.86619
2.71945
2.58425
2.43868
2.31334
2.15302
2.02401
1.8894
1.73838
1.61884
1.48592
1.33567
1.18568
1.05098
0.908779
0.769057
0.629674
0.489551
0.347548
0.209664
0.0698478
17.3778
16.8724
16.1896
15.7545
15.266
14.733
14.4688
14.004
13.4651
13.2708
12.9651
12.7094
12.5441
12.3472
12.02
11.6587
11.4641
11.4947
11.2336
11.0087
10.7817
10.6772
10.6483
10.4609
10.3071
10.2138
10.069
9.92485
9.80036
9.67633
9.53296
9.43748
9.30321
9.16754
9.06774
8.92494
8.78803
8.63587
8.52717
8.38946
8.26225
8.12405
7.98597
7.86988
7.72761
7.58696
7.45873
7.305
7.17482
7.05995
6.88243
6.79922
6.62793
6.51625
6.34907
6.20994
6.09278
5.93828
5.80169
5.68365
5.52694
5.40072
5.23707
5.10341
4.9724
4.8096
4.67827
4.53203
4.40203
4.2405
4.11846
3.98995
3.84251
3.6747
3.56255
3.41597
3.28768
3.14356
2.99908
2.8402
2.72562
2.59485
2.43924
2.31335
2.17803
2.00833
1.89065
1.75566
1.60697
1.44796
1.33771
1.20626
1.05458
0.908904
0.76837
0.627979
0.490384
0.34875
0.209961
0.0698208
17.3998
16.5101
16.1769
15.5441
15.2076
14.8219
14.3832
13.7985
13.4154
13.1934
12.6876
12.4925
12.4493
12.0359
12.002
11.7762
11.3897
11.3327
11.0993
10.9948
10.9631
10.7908
10.6109
10.4653
10.2314
10.1693
10.0133
9.9082
9.77723
9.66514
9.53749
9.41302
9.2878
9.17482
9.04532
8.91079
8.78423
8.64628
8.51301
8.39375
8.28225
8.12827
8.00629
7.86661
7.72214
7.60923
7.4361
7.31536
7.19647
7.04338
6.91404
6.77393
6.62466
6.48162
6.34048
6.22036
6.0852
5.93
5.78593
5.65619
5.52226
5.37666
5.22691
5.09596
4.95364
4.82139
4.67385
4.55527
4.4059
4.27637
4.13759
3.99983
3.83736
3.69705
3.55864
3.4452
3.29061
3.15842
3.01197
2.86445
2.72312
2.59649
2.44935
2.31644
2.17125
2.03187
1.8966
1.74821
1.61886
1.49195
1.33157
1.1842
1.04764
0.90857
0.770074
0.628975
0.489912
0.349919
0.207701
0.0698898
17.0931
16.3593
16.0148
15.5146
15.075
14.442
14.2628
13.7986
13.3792
13.0209
12.6749
12.5894
12.1389
11.9921
11.7255
11.6562
11.6339
11.1724
11.1856
10.8791
10.7887
10.7166
10.4829
10.3811
10.331
10.2025
10.0107
9.89248
9.77802
9.65985
9.53239
9.41321
9.28146
9.16345
9.02971
8.90345
8.78587
8.64605
8.51253
8.38616
8.2522
8.14421
8.0009
7.85447
7.71477
7.59997
7.45792
7.29553
7.17965
7.0596
6.9196
6.77718
6.6373
6.48309
6.35193
6.22048
6.06835
5.92781
5.7979
5.66867
5.5097
5.36974
5.24125
5.1034
4.96392
4.81844
4.68374
4.54992
4.41154
4.27216
4.13254
3.97803
3.85634
3.69952
3.56869
3.41886
3.30407
3.13158
2.99627
2.85447
2.72186
2.5661
2.4558
2.32306
2.16266
2.03228
1.88578
1.75568
1.5985
1.46533
1.3383
1.19154
1.0494
0.90758
0.770115
0.629257
0.489786
0.349226
0.210535
0.0699128
17.0924
16.4459
15.9587
15.3116
15.1981
14.2849
14.15
13.5864
13.4903
13.0473
12.9183
12.3111
12.2195
11.9934
11.7206
11.5201
11.509
11.2195
10.9693
10.9024
10.6906
10.7471
10.4344
10.3413
10.3521
10.1713
10.0249
9.88274
9.78446
9.65992
9.52459
9.40187
9.28681
9.16145
9.03637
8.90285
8.78395
8.65697
8.53822
8.40569
8.26382
8.12749
7.98024
7.84874
7.73268
7.5879
7.46671
7.30775
7.17977
7.04917
6.91398
6.76871
6.62385
6.49409
6.34422
6.21567
6.07513
5.93714
5.79754
5.65635
5.5197
5.37242
5.24443
5.08759
4.96725
4.84084
4.67106
4.54104
4.40879
4.27645
4.13278
3.97919
3.85983
3.71754
3.57224
3.42285
3.29285
3.14213
2.99243
2.87352
2.72316
2.58322
2.449
2.31219
2.16652
2.02465
1.88649
1.74264
1.59949
1.45935
1.3191
1.18852
1.04416
0.908613
0.769533
0.630378
0.492311
0.346755
0.210167
0.0699824
10.9649
10.951
10.9021
11.0425
11.1834
11.2911
11.6573
11.7347
11.634
11.8073
12.0134
12.2453
12.076
12.0653
11.9293
11.9684
11.8251
11.6495
11.6173
11.5539
11.4334
11.3475
11.168
10.8981
10.8949
10.7184
10.5017
10.3095
10.2923
10.0582
9.9183
9.74112
9.59016
9.44875
9.2709
9.12875
8.97986
8.81889
8.67882
8.53691
8.36437
8.23179
8.08045
7.95785
7.78825
7.63547
7.49865
7.36986
7.21999
7.08553
6.93511
6.79265
6.66333
6.51383
6.37509
6.19826
6.07303
5.95388
5.79959
5.65753
5.51997
5.38364
5.23683
5.10251
4.97729
4.82121
4.67729
4.55401
4.39338
4.26296
4.10881
3.95324
3.84214
3.69007
3.56824
3.41845
3.28665
3.12762
3.00683
2.86255
2.73523
2.56688
2.43145
2.3217
2.15584
2.03629
1.87315
1.74471
1.61221
1.45556
1.33154
1.20185
1.05177
0.908556
0.768572
0.626299
0.488295
0.348882
0.208858
0.0697664
10.8136
10.7997
10.8552
11.0319
11.1743
11.5285
11.4709
11.5552
11.6077
11.5845
11.8845
11.9233
12.0562
12.0272
11.9667
12.0113
11.493
11.7852
11.5447
11.5087
11.5369
11.2768
11.1241
10.8841
10.966
10.6412
10.5647
10.2642
10.2721
10.0659
9.88342
9.74726
9.5844
9.43383
9.26796
9.11648
8.97514
8.82132
8.70135
8.52896
8.37837
8.22846
8.08941
7.93453
7.79268
7.64045
7.50923
7.35898
7.21322
7.06959
6.94148
6.7947
6.6544
6.51712
6.37469
6.22017
6.0997
5.93656
5.7963
5.66054
5.51906
5.39046
5.23408
5.09433
4.9799
4.83984
4.69585
4.5353
4.41318
4.25946
4.12921
3.97465
3.84705
3.69891
3.56202
3.42822
3.28325
3.14418
2.98201
2.87309
2.70832
2.56234
2.42625
2.30927
2.14955
2.03597
1.89192
1.74331
1.59799
1.47447
1.31852
1.19527
1.05446
0.908691
0.768528
0.627723
0.487337
0.348895
0.208703
0.069758
10.6776
10.7652
10.9577
11.0174
11.1908
11.2289
11.338
11.5584
11.466
11.6589
12.0774
11.9714
11.9084
11.8083
11.9011
11.7154
11.8352
11.7816
11.4409
11.555
11.2302
11.1794
10.9416
11.0635
10.7896
10.5611
10.6484
10.3828
10.1975
10.0798
9.9062
9.74054
9.58829
9.42092
9.2977
9.1332
8.97251
8.81351
8.67476
8.52757
8.38291
8.24309
8.07508
7.94652
7.80163
7.66347
7.49988
7.36634
7.23265
7.06507
6.91565
6.79666
6.65295
6.50057
6.36354
6.21551
6.08958
5.93931
5.78984
5.66069
5.53041
5.38071
5.24698
5.08874
4.94604
4.8228
4.68557
4.5203
4.40005
4.29877
4.12167
3.99919
3.84984
3.70724
3.56971
3.4014
3.28462
3.14739
2.99114
2.85302
2.72847
2.58588
2.44287
2.30929
2.15531
2.0007
1.9023
1.75003
1.60427
1.45623
1.34394
1.17801
1.03903
0.907494
0.768566
0.629799
0.489688
0.350948
0.209439
0.0696601
10.924
10.7876
10.813
11.017
11.1025
11.3788
11.4177
11.3943
11.5472
11.7547
11.8445
12.0293
11.7651
11.7237
12.0122
11.7731
11.5351
11.8232
11.636
11.4591
11.2108
11.2269
11.162
10.981
10.9302
10.6983
10.4604
10.3623
10.1604
10.0603
9.91293
9.74526
9.59618
9.42062
9.26766
9.10835
8.97444
8.84518
8.66954
8.5232
8.35664
8.23424
8.09061
7.93198
7.7966
7.63938
7.51348
7.36861
7.21387
7.0568
6.93812
6.78672
6.64017
6.51195
6.38701
6.24318
6.07992
5.95307
5.82734
5.66187
5.53717
5.3827
5.247
5.1284
4.9489
4.8219
4.68727
4.54744
4.38673
4.25981
4.12819
3.96672
3.87957
3.70261
3.56137
3.42133
3.30138
3.14305
3.00609
2.8822
2.72396
2.58429
2.44156
2.30931
2.19951
2.02341
1.8663
1.75273
1.61397
1.45613
1.30979
1.19659
1.05007
0.909851
0.76724
0.627993
0.487483
0.350637
0.209845
0.0698296
10.6531
10.8491
10.7574
11.018
11.0027
11.3129
11.3144
11.3787
11.7537
11.5495
11.8027
11.9293
11.8791
11.7591
11.5571
11.8891
11.8606
11.7939
11.7223
11.4888
11.3621
11.2383
11.0219
10.8131
10.7298
10.6112
10.4151
10.2948
10.1234
10.057
9.88605
9.73785
9.57438
9.42584
9.27564
9.11448
8.959
8.80698
8.67897
8.51905
8.3871
8.23726
8.08748
7.93917
7.79813
7.64802
7.50543
7.3605
7.22105
7.09256
6.94661
6.78686
6.63706
6.50504
6.33888
6.22178
6.0749
5.94549
5.79465
5.65454
5.51831
5.37657
5.24137
5.09816
4.98269
4.8234
4.68624
4.5473
4.3931
4.27625
4.12002
3.97948
3.84444
3.70055
3.56006
3.44466
3.28352
3.14224
3.00201
2.86117
2.72165
2.58028
2.43687
2.30931
2.18173
2.04532
1.88928
1.7421
1.59913
1.47325
1.32597
1.1931
1.05682
0.907133
0.768472
0.626428
0.489671
0.350376
0.208789
0.0698487
10.713
10.8088
10.8208
10.8686
10.9859
11.1142
11.272
11.3296
11.4864
11.7086
11.8136
11.7995
11.7634
11.8011
11.7932
11.7105
11.6341
11.7075
11.7416
11.3913
11.2538
11.1371
10.9629
10.9635
10.8974
10.6164
10.4479
10.2949
10.1881
10.0404
9.86367
9.70786
9.59922
9.41414
9.26884
9.11052
8.96783
8.8251
8.67733
8.51405
8.39582
8.22592
8.08558
7.94113
7.80068
7.64723
7.51853
7.37079
7.20925
7.07806
6.92257
6.79522
6.65991
6.51462
6.35782
6.23423
6.09096
5.94635
5.80487
5.67067
5.50581
5.39398
5.25136
5.09288
4.96886
4.82447
4.66165
4.54576
4.4131
4.26977
4.12922
3.98687
3.84221
3.72153
3.56115
3.43213
3.28692
3.13428
3.00687
2.8692
2.72968
2.58886
2.42485
2.30559
2.16149
2.03384
1.90786
1.75903
1.61225
1.46458
1.33158
1.18311
1.0388
0.90884
0.768993
0.627566
0.487826
0.348505
0.210227
0.0695861
10.7588
10.6659
10.7466
11.0167
10.9983
11.2359
11.1598
11.5883
11.581
11.5274
11.6401
11.7648
11.763
11.8318
11.644
11.8491
11.6672
11.5275
11.4561
11.2645
11.2375
11.1174
11.145
10.898
10.778
10.5967
10.4547
10.2509
10.1961
10.0108
9.87814
9.73224
9.57293
9.42382
9.27297
9.13093
8.96769
8.81564
8.67394
8.53686
8.37941
8.23315
8.06512
7.93142
7.7898
7.64302
7.5105
7.35433
7.2148
7.08255
6.93485
6.79409
6.64913
6.49191
6.36965
6.23154
6.06834
5.95005
5.79477
5.67765
5.5345
5.3877
5.25105
5.11135
4.96228
4.81751
4.69235
4.54621
4.41742
4.25853
4.12479
3.98381
3.84593
3.70956
3.55588
3.42026
3.27918
3.14425
3.00512
2.86141
2.73054
2.57729
2.43305
2.30561
2.16278
1.99966
1.87489
1.73532
1.60719
1.47705
1.32494
1.18053
1.04983
0.907237
0.767579
0.630448
0.488542
0.348513
0.209847
0.0698193
10.6548
10.7311
10.7008
10.8052
10.9114
11.2895
11.3747
11.3562
11.5377
11.5962
11.688
11.7723
11.784
11.7035
11.7379
11.6953
11.7618
11.6492
11.3656
11.5755
11.4001
10.9235
10.9877
10.8132
10.7889
10.5729
10.4176
10.2227
10.1377
9.99484
9.87929
9.69706
9.57093
9.40925
9.26455
9.13505
8.98052
8.83616
8.65721
8.52137
8.36804
8.22825
8.0888
7.94245
7.78322
7.65327
7.50907
7.36047
7.21371
7.07737
6.9323
6.80101
6.64308
6.50947
6.37032
6.24021
6.07625
5.92701
5.79452
5.65844
5.52929
5.36159
5.24346
5.11328
4.96172
4.83505
4.66995
4.54056
4.3937
4.25499
4.12968
3.98474
3.87136
3.71093
3.56457
3.41946
3.29044
3.14956
3.00728
2.85454
2.71919
2.57577
2.44371
2.30561
2.16061
2.01458
1.8835
1.74337
1.59916
1.4711
1.34767
1.18248
1.05033
0.908604
0.768721
0.62853
0.489666
0.350465
0.209029
0.06993
10.6841
10.7475
10.7648
10.8539
10.9533
11.0189
11.2231
11.4376
11.3993
11.5108
11.6351
11.7896
11.3875
11.5565
11.786
11.655
11.4911
11.6049
11.3011
11.3484
11.2853
11.1823
10.9417
10.7477
10.8202
10.5854
10.351
10.3738
10.1286
9.9968
9.86798
9.70338
9.55399
9.42156
9.25124
9.11959
8.96604
8.81575
8.67309
8.52534
8.3634
8.23948
8.07574
7.9225
7.80032
7.6365
7.48955
7.36675
7.2184
7.06694
6.93906
6.79285
6.64783
6.4954
6.36272
6.22607
6.09565
5.93148
5.79356
5.66334
5.52134
5.36787
5.23106
5.1138
4.96409
4.82125
4.70062
4.54912
4.40012
4.25169
4.11691
3.9943
3.83771
3.69457
3.56461
3.42987
3.29076
3.15528
3.00686
2.85562
2.73349
2.59645
2.44816
2.30563
2.16063
2.03395
1.862
1.74298
1.61044
1.4646
1.3316
1.20168
1.03858
0.908045
0.769241
0.628537
0.489674
0.34987
0.209113
0.0697032
10.4966
10.6216
10.6144
10.7787
10.9229
11.0137
11.1986
11.4783
11.418
11.3043
11.5036
11.8038
11.6555
11.6441
11.6417
11.6794
11.5164
11.4213
11.3394
11.2818
11.2162
11.0076
11.0813
10.8952
10.6355
10.5453
10.4343
10.325
10.0909
9.98792
9.86688
9.68694
9.57349
9.39693
9.26032
9.10951
8.95965
8.79983
8.65784
8.52808
8.36003
8.22076
8.08154
7.94652
7.7847
7.65706
7.50678
7.35941
7.18689
7.07229
6.93082
6.7902
6.63341
6.51003
6.37009
6.23445
6.09009
5.95287
5.80263
5.65384
5.52411
5.38727
5.2571
5.1087
4.97279
4.82932
4.68727
4.55352
4.40491
4.2919
4.1292
3.97817
3.83636
3.67304
3.56176
3.4164
3.2788
3.14851
3.00609
2.86571
2.72064
2.57503
2.44494
2.30692
2.16102
2.03522
1.88932
1.75202
1.61117
1.46418
1.31859
1.18823
1.05396
0.909431
0.769249
0.629946
0.489191
0.349709
0.208615
0.0696849
10.4418
10.5605
10.6495
10.7909
10.7223
11.1745
11.2027
11.1724
11.3071
11.6062
11.5696
11.4566
11.6553
11.5937
11.6659
11.4691
11.4716
11.655
11.4453
11.1546
11.2533
11.1479
10.9018
10.8036
10.6358
10.4495
10.4752
10.2442
10.1244
9.98266
9.84226
9.69552
9.53907
9.39349
9.27343
9.10333
8.971
8.81342
8.66549
8.53317
8.37461
8.2198
8.09335
7.92947
7.79609
7.65165
7.50442
7.36087
7.19831
7.07963
6.9367
6.80834
6.63993
6.49878
6.3785
6.22992
6.09332
5.95067
5.79573
5.66039
5.51748
5.3979
5.23297
5.08766
4.96474
4.83424
4.68058
4.53271
4.39484
4.25861
4.12255
3.9699
3.82344
3.71283
3.58083
3.41342
3.28733
3.14853
3.00622
2.86556
2.7279
2.58814
2.47263
2.30346
2.16527
2.03306
1.9094
1.73589
1.59706
1.47717
1.3557
1.18367
1.04997
0.907955
0.768745
0.627631
0.489035
0.350576
0.209221
0.0698471
10.3566
10.4198
10.4751
10.682
10.8385
10.9703
11.0427
11.1934
11.3848
11.3378
11.6538
11.6159
11.739
11.7079
11.7227
11.5111
11.638
11.4336
11.3353
11.2554
11.0644
10.9596
11.0558
10.7782
10.7986
10.6514
10.3606
10.354
10.1384
9.97942
9.84345
9.70135
9.54522
9.39667
9.2509
9.09902
8.96741
8.82409
8.64833
8.5239
8.39418
8.23441
8.07156
7.95647
7.8007
7.63688
7.50099
7.35233
7.24301
7.07215
6.94512
6.80292
6.66055
6.53565
6.36324
6.23708
6.08259
5.94737
5.8114
5.6652
5.51693
5.38932
5.24301
5.09828
4.96905
4.82311
4.69444
4.55007
4.39503
4.25526
4.1143
3.9707
3.85005
3.71776
3.57063
3.42244
3.27781
3.14586
3.01218
2.85557
2.72068
2.58867
2.44673
2.30315
2.18369
2.02745
1.88194
1.7428
1.6072
1.47022
1.32925
1.18965
1.05006
0.908548
0.768206
0.630572
0.489041
0.35051
0.207886
0.0698308
10.1663
10.3243
10.403
10.6028
10.7582
10.9465
11.1412
11.2213
11.2499
11.3575
11.3785
11.6023
11.4596
11.5405
11.5577
11.3918
11.5362
11.2259
11.3926
11.2596
11.2256
10.9605
10.9355
10.7974
10.7115
10.4754
10.4138
10.2387
10.1675
9.98715
9.84561
9.6693
9.54813
9.41525
9.22729
9.1015
8.95008
8.81321
8.64966
8.51205
8.34682
8.22163
8.08882
7.92999
7.78441
7.64607
7.50745
7.368
7.20981
7.08789
6.93327
6.78708
6.64907
6.51699
6.37231
6.2319
6.09825
5.94619
5.80507
5.65159
5.54412
5.38075
5.23985
5.10738
4.97127
4.82155
4.69212
4.53312
4.39171
4.28354
4.12953
3.98989
3.83295
3.70236
3.58725
3.42986
3.29958
3.14878
3.00579
2.85796
2.72814
2.58417
2.43592
2.31345
2.17748
2.0139
1.88644
1.75522
1.60357
1.47515
1.31183
1.19609
1.05255
0.90937
0.769396
0.630825
0.490567
0.351515
0.211736
0.0697136
10.1251
10.2627
10.345
10.5256
10.8494
11.0646
11.2643
11.3077
11.3961
11.4293
11.4362
11.6067
11.6335
11.3572
11.6698
11.524
11.5611
11.3196
11.2396
11.2539
11.157
10.911
10.8452
10.7684
10.7222
10.5902
10.342
10.2798
10.0886
9.95979
9.83127
9.67125
9.51762
9.38294
9.23773
9.07792
8.95658
8.79624
8.65663
8.51609
8.37228
8.21838
8.07728
7.93485
7.77182
7.64829
7.49174
7.34309
7.21999
7.08028
6.94122
6.8012
6.66725
6.50988
6.35386
6.22839
6.09294
5.96661
5.78909
5.66579
5.52764
5.38552
5.24449
5.09175
4.97182
4.84573
4.66855
4.54401
4.40347
4.27247
4.12535
3.98131
3.85754
3.70494
3.56735
3.44301
3.28526
3.14171
3.01712
2.86618
2.72348
2.57772
2.45522
2.31435
2.18144
2.00861
1.88645
1.76322
1.60883
1.46508
1.35028
1.17883
1.03755
0.908506
0.768388
0.630498
0.48796
0.350592
0.212276
0.0697459
9.99919
10.151
10.3102
10.5242
10.6634
10.9578
11.0369
11.2311
11.3637
11.3675
11.633
11.556
11.7246
11.5257
11.3893
11.4963
11.3602
11.3491
11.2978
11.2064
10.9961
11.0063
10.9537
10.7269
10.5381
10.4074
10.4092
10.2453
10.1269
9.96695
9.81078
9.67954
9.54299
9.39698
9.21751
9.08855
8.93495
8.80888
8.64961
8.50751
8.3918
8.23568
8.09142
7.9303
7.78299
7.6668
7.49151
7.36576
7.21409
7.07692
6.92249
6.78976
6.63139
6.5121
6.38454
6.22409
6.07632
5.92363
5.80209
5.66282
5.50906
5.38193
5.24075
5.11186
4.96937
4.81279
4.68197
4.54289
4.40001
4.27069
4.12771
3.98679
3.84249
3.69149
3.54543
3.43231
3.25949
3.14259
3.02341
2.86739
2.72938
2.58472
2.45679
2.31435
2.17485
2.01464
1.88647
1.74912
1.61041
1.46133
1.34088
1.19105
1.04976
0.908734
0.76756
0.628238
0.489597
0.349684
0.209156
0.0697823
9.85397
10.0228
10.235
10.5246
10.7187
10.8332
10.9357
11.093
11.4385
11.2627
11.5461
11.5695
11.4821
11.6521
11.3845
11.5834
11.4164
11.3557
11.2703
11.3103
11.1853
11.0777
10.8541
10.7815
10.7255
10.4853
10.3607
10.2572
10.1678
9.98366
9.80975
9.66934
9.52082
9.36025
9.23162
9.0883
8.95227
8.79699
8.6481
8.50587
8.36364
8.22925
8.08981
7.91823
7.7746
7.64881
7.49103
7.36256
7.21531
7.06518
6.946
6.78798
6.65571
6.52639
6.35925
6.22811
6.07629
5.95036
5.80434
5.64908
5.51871
5.37855
5.23377
5.10194
4.94848
4.82721
4.69401
4.53463
4.38216
4.26653
4.12527
3.97056
3.84905
3.7093
3.57004
3.42923
3.27865
3.14168
2.98123
2.85637
2.74441
2.59538
2.45504
2.3079
2.16299
2.03095
1.88648
1.74073
1.61239
1.4833
1.31238
1.20086
1.05069
0.907162
0.769933
0.629041
0.49013
0.350364
0.211427
0.0698969
9.68533
9.91736
10.1355
10.4353
10.6671
10.7934
10.8647
11.1984
11.3003
11.4408
11.5551
11.6212
11.565
11.5766
11.3729
11.6226
11.4184
11.2907
11.1808
11.1232
11.0275
10.9743
10.7911
10.8325
10.5383
10.4362
10.4663
10.2162
10.114
9.98033
9.79519
9.65752
9.52994
9.35927
9.22411
9.09677
8.94281
8.78894
8.64098
8.52788
8.36312
8.21997
8.08354
7.94089
7.78826
7.65856
7.49585
7.36122
7.21775
7.07889
6.91898
6.79733
6.64385
6.50479
6.34567
6.23274
6.08997
5.92671
5.81531
5.65292
5.5289
5.39316
5.2288
5.08785
4.97059
4.82883
4.68151
4.54485
4.40486
4.2655
4.13074
3.98591
3.83915
3.7077
3.56795
3.41572
3.28428
3.13858
3.01068
2.8691
2.71429
2.60016
2.43867
2.30443
2.163
2.02829
1.87974
1.72627
1.59008
1.46837
1.34299
1.17209
1.04983
0.908392
0.767026
0.628813
0.488165
0.347298
0.20943
0.0698824
9.49695
9.80153
10.0416
10.3543
10.6646
10.9357
10.9758
11.3386
11.2338
11.5198
11.4731
11.4986
11.6106
11.6592
11.7107
11.5291
11.3312
11.5341
11.4164
11.1474
11.2499
11.0984
10.8853
10.7419
10.6213
10.5308
10.2753
10.1993
10.0883
9.95846
9.79547
9.66968
9.51371
9.38194
9.22918
9.07901
8.93665
8.79718
8.66125
8.49216
8.36663
8.2139
8.05688
7.94361
7.76923
7.64004
7.50998
7.36289
7.19732
7.08275
6.93098
6.8081
6.64792
6.51119
6.38125
6.22201
6.08875
5.96198
5.79096
5.66758
5.53098
5.37377
5.23477
5.1135
4.96574
4.8247
4.67906
4.54156
4.41248
4.26755
4.13299
3.98378
3.84746
3.71452
3.56852
3.4122
3.28452
3.15144
2.9901
2.87505
2.73639
2.58642
2.44829
2.30218
2.15776
2.02069
1.89351
1.73677
1.59535
1.46401
1.3525
1.19181
1.05496
0.908436
0.769197
0.628272
0.489413
0.348536
0.210337
0.0697085
9.31583
9.6478
9.98472
10.2897
10.5472
10.764
11.054
11.3054
11.282
11.5848
11.6398
11.6276
11.6783
11.4622
11.3543
11.7137
11.2624
11.4709
11.2196
11.1333
11.1738
10.7463
10.9597
10.8399
10.6566
10.4414
10.3219
10.1169
10.0764
9.94514
9.81242
9.66023
9.52667
9.36785
9.22359
9.07997
8.94218
8.79138
8.64933
8.50498
8.36172
8.21754
8.08443
7.93723
7.79112
7.64853
7.49892
7.35135
7.22662
7.08286
6.93444
6.79454
6.64839
6.52079
6.37505
6.2119
6.09002
5.94642
5.79998
5.65887
5.52155
5.38926
5.24988
5.10986
4.96376
4.8301
4.67987
4.54045
4.41936
4.26385
4.13316
3.98181
3.85681
3.70395
3.57081
3.41358
3.29433
3.16012
3.01755
2.84057
2.71564
2.58267
2.44373
2.30154
2.1486
2.04063
1.89427
1.75978
1.62021
1.46045
1.31147
1.18475
1.03491
0.909511
0.768392
0.627844
0.487188
0.347917
0.209649
0.0698657
9.11597
9.51406
9.88108
10.2292
10.5275
10.937
11.1057
11.1797
11.3047
11.4009
11.4272
11.5868
11.5721
11.5665
11.7548
11.5152
11.4695
11.4014
11.3449
11.1897
11.1234
10.9905
10.9377
10.8079
10.5195
10.5058
10.2688
10.1942
10.081
9.92178
9.77801
9.64125
9.49798
9.36644
9.22236
9.0803
8.92732
8.78551
8.65112
8.49797
8.35122
8.23466
8.07539
7.91829
7.7826
7.6437
7.50559
7.36349
7.21171
7.07161
6.93424
6.78777
6.66445
6.52613
6.36899
6.22521
6.0903
5.95801
5.8065
5.66565
5.53881
5.38546
5.2327
5.12605
4.96571
4.82011
4.67608
4.54032
4.41482
4.26451
4.12492
3.98168
3.85282
3.70215
3.56846
3.40753
3.28159
3.1449
2.98545
2.87967
2.73949
2.59823
2.43106
2.30211
2.16007
2.04138
1.89667
1.75944
1.62895
1.48333
1.32299
1.17528
1.05003
0.909637
0.767073
0.627764
0.488907
0.348581
0.209987
0.0698445
8.87425
9.36262
9.78351
10.3415
10.4272
10.7819
11.1278
11.308
11.443
11.5933
11.5425
11.6394
11.7565
11.53
11.5573
11.6233
11.391
11.4087
11.2483
11.1738
11.1906
11.0281
10.8649
10.8696
10.5719
10.5284
10.226
10.1678
10.0779
9.92654
9.80031
9.63451
9.51138
9.37331
9.21285
9.07295
8.93634
8.78435
8.66718
8.50782
8.35845
8.2094
8.07142
7.91767
7.79344
7.63457
7.50562
7.33906
7.22054
7.05388
6.931
6.78837
6.65069
6.51514
6.3893
6.21992
6.09676
5.95133
5.8003
5.6538
5.52528
5.37537
5.24034
5.08413
4.96571
4.84461
4.67631
4.54
4.41507
4.25395
4.12362
3.98328
3.85939
3.69822
3.56206
3.43122
3.27454
3.13153
3.00549
2.8612
2.72151
2.58425
2.43904
2.28999
2.15809
2.03464
1.88403
1.7468
1.58731
1.48034
1.34578
1.19657
1.05034
0.907738
0.770085
0.628016
0.48969
0.349933
0.20944
0.0697716
8.60257
9.21086
9.69977
10.3054
10.5782
10.8498
11.0755
11.1742
11.4216
11.5484
11.5517
11.7751
11.741
11.6362
11.518
11.516
11.4953
11.4716
11.2349
11.2264
11.0234
10.8133
10.8408
10.8132
10.6171
10.3944
10.3485
10.171
10.0878
9.93534
9.77112
9.63345
9.51085
9.36956
9.2266
9.06057
8.9285
8.79286
8.62805
8.52071
8.35879
8.23365
8.06333
7.91736
7.77558
7.64042
7.49749
7.35086
7.1974
7.07285
6.90628
6.79864
6.64821
6.51191
6.38332
6.23595
6.07726
5.9528
5.79174
5.66192
5.53925
5.3759
5.24203
5.11782
4.95691
4.84461
4.68458
4.54492
4.39464
4.25736
4.12834
3.97883
3.83524
3.7147
3.57376
3.40861
3.28958
3.13841
3.00398
2.87793
2.72484
2.56851
2.45975
2.31024
2.161
2.03465
1.88403
1.74874
1.59549
1.44535
1.31709
1.18711
1.04968
0.908767
0.769787
0.629476
0.491384
0.349113
0.209782
0.0697103
8.28215
9.02864
9.65306
10.1623
10.5109
10.8089
11.3114
11.3443
11.4781
11.7361
11.6724
11.58
11.6561
11.7143
11.5897
11.5869
11.5768
11.2677
11.4163
11.2906
11.0665
10.9472
10.8612
10.697
10.6456
10.369
10.3545
10.149
10.0589
9.94403
9.76907
9.63514
9.5
9.37233
9.21008
9.07092
8.92595
8.77782
8.64009
8.48691
8.35528
8.206
8.06723
7.92619
7.77384
7.66376
7.48739
7.33641
7.21307
7.06969
6.94135
6.79122
6.64193
6.50598
6.37462
6.24166
6.0877
5.95582
5.79619
5.66249
5.52629
5.37642
5.25687
5.1307
4.97028
4.80875
4.67513
4.53985
4.40356
4.26557
4.12597
3.97838
3.84271
3.711
3.54931
3.42534
3.27984
3.14552
3.00319
2.8651
2.73159
2.5895
2.44249
2.31024
2.14811
2.03079
1.88093
1.74912
1.61485
1.46527
1.32688
1.18929
1.0568
0.908605
0.770228
0.628669
0.490211
0.350688
0.20892
0.0698306
7.96482
8.89671
9.60382
10.2852
10.6943
10.8392
11.1774
11.4115
11.6017
11.4881
11.6036
11.7186
11.9013
11.6763
11.5489
11.4589
11.4185
11.2995
11.1381
11.2916
11.0826
10.93
10.9621
10.8049
10.652
10.4517
10.4405
10.1591
10.0876
9.91601
9.76654
9.62994
9.49679
9.36188
9.20951
9.06952
8.92354
8.78294
8.62731
8.48932
8.35525
8.21022
8.07347
7.90125
7.77618
7.62448
7.49579
7.33445
7.21156
7.06259
6.9275
6.79614
6.65519
6.50135
6.35256
6.2148
6.07003
5.93169
5.78549
5.67922
5.53222
5.3849
5.24498
5.11342
4.9556
4.80873
4.68325
4.54338
4.41535
4.25941
4.12619
3.99736
3.84868
3.69626
3.56931
3.42655
3.2885
3.14707
2.99429
2.86606
2.74746
2.58006
2.44445
2.30993
2.15858
2.03638
1.88235
1.74767
1.60964
1.47761
1.33736
1.19246
1.03413
0.908928
0.770569
0.62764
0.488541
0.347936
0.210146
0.0699837
7.58218
8.75171
9.55765
10.1842
10.7663
10.9996
11.2859
11.5138
11.6755
11.6731
11.5975
11.5933
11.8131
11.6781
11.5565
11.7354
11.4669
11.5624
11.2685
11.1809
11.0094
11.0152
10.8624
10.7346
10.5696
10.5527
10.2725
10.1569
10.1009
9.89694
9.77449
9.6299
9.488
9.33251
9.20669
9.05384
8.93681
8.7695
8.63238
8.49657
8.35262
8.19399
8.06669
7.92965
7.79162
7.6383
7.49251
7.34624
7.22211
7.06506
6.92988
6.78379
6.62977
6.51096
6.3782
6.22604
6.08936
5.95358
5.80414
5.66265
5.52036
5.38063
5.25532
5.09344
4.96737
4.81912
4.68409
4.51838
4.39159
4.24994
4.11991
3.9796
3.81453
3.71435
3.55179
3.42524
3.28712
3.1432
3.01485
2.86669
2.70695
2.59156
2.4486
2.32649
2.18102
2.03767
1.88235
1.74392
1.60779
1.46315
1.33368
1.18834
1.0572
0.908663
0.768731
0.629987
0.487798
0.349121
0.209611
0.0698027
7.17569
8.67229
9.55682
10.2337
10.7188
11.1196
11.3508
11.3805
11.6451
11.6813
11.7504
11.6872
11.5879
11.6066
11.6712
11.5819
11.4032
11.4387
11.2358
11.1046
11.2392
10.9923
10.8394
10.7107
10.6378
10.4088
10.2529
10.1306
10.0532
9.91638
9.76257
9.64023
9.47077
9.33193
9.2183
9.07162
8.92887
8.76392
8.63475
8.48454
8.33303
8.19901
8.06088
7.91046
7.7826
7.62921
7.5124
7.34997
7.20016
7.07047
6.92021
6.792
6.64374
6.50398
6.37095
6.23462
6.09506
5.95042
5.80903
5.66066
5.51266
5.38225
5.24367
5.10927
4.97077
4.80519
4.66877
4.55112
4.40575
4.28703
4.14664
3.98439
3.83075
3.69341
3.54926
3.42132
3.27276
3.12856
2.99457
2.85491
2.72198
2.59851
2.42613
2.31232
2.17445
2.0362
1.88302
1.73358
1.59418
1.46765
1.32305
1.1971
1.04604
0.908189
0.767896
0.630358
0.488774
0.350282
0.210935
0.0700212
6.67334
8.61128
9.61567
10.4222
10.8127
11.2609
11.3246
11.7528
11.4445
11.4944
11.8205
11.7615
11.7666
11.5698
11.7118
11.3485
11.3112
11.3326
11.3346
11.0706
10.9904
10.7546
10.8278
10.6844
10.6257
10.4929
10.3935
10.1504
10.0174
9.89556
9.76835
9.63455
9.47261
9.35571
9.196
9.06495
8.91094
8.7626
8.61646
8.48607
8.35174
8.21469
8.05552
7.91827
7.78067
7.63325
7.49737
7.35433
7.19327
7.076
6.93363
6.79064
6.63402
6.51621
6.36899
6.22445
6.08195
5.94126
5.80374
5.65148
5.52362
5.38737
5.24055
5.10553
4.96248
4.8389
4.67793
4.55376
4.38241
4.26181
4.12009
3.97629
3.83897
3.70298
3.56121
3.4241
3.29746
3.14009
3.01409
2.85558
2.72487
2.59791
2.43237
2.29859
2.1854
2.03909
1.88878
1.73543
1.61195
1.45583
1.33998
1.18749
1.04952
0.908806
0.769831
0.628355
0.487242
0.349884
0.208735
0.0700539
5.923
8.64583
9.74382
10.6239
11.0495
11.2261
11.6196
11.7624
11.9247
11.8395
11.782
11.7329
11.7289
11.6701
11.6207
11.581
11.3911
11.2357
11.3248
11.2699
11.068
10.9841
11.0079
10.6124
10.5665
10.395
10.2867
10.1073
10.0391
9.90736
9.77015
9.61087
9.47388
9.34024
9.19034
9.0387
8.90508
8.75697
8.62504
8.47836
8.35221
8.21787
8.0612
7.93305
7.76004
7.61565
7.51062
7.35496
7.20609
7.05776
6.9159
6.80005
6.63645
6.50692
6.37806
6.2468
6.09351
5.94619
5.82101
5.66527
5.52488
5.40019
5.24636
5.11181
4.95397
4.81398
4.68317
4.55376
4.39817
4.25523
4.11025
3.98738
3.83898
3.71176
3.56723
3.4432
3.28299
3.14317
3.01418
2.87351
2.72593
2.59313
2.46152
2.29767
2.18795
2.03911
1.88642
1.75247
1.62547
1.48008
1.31628
1.17705
1.05568
0.908444
0.770969
0.629074
0.489446
0.3495
0.211257
0.069823
4.52261
8.84354
10.013
10.8504
11.2941
11.4609
11.5858
11.78
11.9026
11.9392
11.8197
11.7677
11.6153
11.7952
11.795
11.4846
11.4762
11.5309
11.327
11.1353
11.1673
11.0147
10.7548
10.8147
10.5289
10.4904
10.3428
10.1544
9.99189
9.88933
9.75149
9.63274
9.47796
9.32812
9.19512
9.06116
8.90272
8.76943
8.63774
8.47667
8.34287
8.21905
8.04982
7.9153
7.78454
7.64185
7.48327
7.34774
7.21783
7.06947
6.94108
6.77618
6.64106
6.51201
6.35246
6.22189
6.09104
5.95079
5.78416
5.65228
5.53297
5.38009
5.24249
5.10605
4.94456
4.81917
4.68315
4.55108
4.40154
4.26122
4.1404
3.98796
3.84624
3.70551
3.55157
3.44627
3.27732
3.13601
3.00006
2.87101
2.73882
2.58086
2.46729
2.30148
2.18422
2.02513
1.88838
1.74015
1.60578
1.46735
1.32432
1.19447
1.03394
0.909122
0.770043
0.628341
0.490161
0.350045
0.210392
0.0699408
3.97096
9.55545
10.3786
11.0456
11.4212
11.5907
11.7513
11.6729
11.9174
11.8823
12.0554
11.9186
11.9092
11.8222
11.7067
11.5563
11.579
11.5573
11.2756
11.0441
11.0857
11.0405
10.7461
10.8021
10.5697
10.5283
10.2325
10.1806
10.0035
9.87793
9.76631
9.62128
9.45777
9.3328
9.19214
9.05113
8.89385
8.75468
8.62355
8.48355
8.33243
8.18496
8.0685
7.92642
7.7641
7.6272
7.4661
7.34807
7.20536
7.07808
6.91568
6.77389
6.64733
6.50509
6.3715
6.22446
6.08244
5.9309
5.81794
5.66806
5.52322
5.37392
5.2278
5.09932
4.96811
4.81869
4.67244
4.53065
4.4054
4.27025
4.13594
3.97467
3.84764
3.70873
3.56861
3.41043
3.29864
3.13734
2.99997
2.86065
2.72958
2.58664
2.44141
2.31243
2.16749
2.01223
1.88858
1.75217
1.61184
1.46736
1.34852
1.19266
1.05781
0.90866
0.769887
0.628291
0.488906
0.350219
0.211035
0.0697363
)
;

boundaryField
{
    inlet
    {
        type            calculated;
        value           nonuniform List<scalar> 
40
(
127.584
93.0809
74.6163
64.7413
57.8821
53.2687
49.8161
47.4424
45.4842
43.7861
42.7017
41.8433
41.0463
40.5443
40.1175
39.7333
39.5741
39.2563
39.013
39.0999
38.9533
38.9174
39.24
39.399
39.876
40.1462
40.813
41.3222
41.8277
42.7669
43.9392
45.5365
47.2776
49.8554
53.0769
57.9722
64.6995
74.6472
93.0223
128.315
)
;
    }
    outlet
    {
        type            calculated;
        value           uniform 0;
    }
    frontAndBack
    {
        type            empty;
    }
    walls
    {
        type            calculated;
        value           nonuniform List<scalar> 
330
(
127.584
68.5131
53.4896
46.9953
43.7275
41.8355
40.4745
39.4649
38.8506
38.2675
37.7324
37.3124
36.8009
36.3217
35.7563
35.1972
34.6642
34.2829
33.9554
33.5155
32.8031
32.2328
31.8292
31.2702
30.8787
30.3472
29.5996
29.3461
28.6959
28.066
27.7687
27.1012
26.5438
26.1266
25.5961
25.1554
24.6115
24.1744
23.8173
23.428
22.6651
22.2637
21.8683
21.5627
21.0317
20.5298
20.4233
20.4526
19.9787
19.0836
10.9649
10.8136
10.6776
10.924
10.6531
10.713
10.7588
10.6548
10.6841
10.4966
10.4418
10.3566
10.1663
10.1251
9.99919
9.85397
9.68533
9.49695
9.31583
9.11597
8.87425
8.60257
8.28215
7.96482
7.58218
7.17569
6.67334
5.923
4.52261
3.97096
10.9649
10.951
10.9021
11.0425
11.1834
11.2911
11.6573
11.7347
11.634
11.8073
12.0134
12.2453
12.076
12.0653
11.9293
11.9684
11.8251
11.6495
11.6173
11.5539
11.4334
11.3475
11.168
10.8981
10.8949
10.7184
10.5017
10.3095
10.2923
10.0582
9.9183
9.74112
9.59016
9.44875
9.2709
9.12875
8.97986
8.81889
8.67882
8.53691
8.36437
8.23179
8.08045
7.95785
7.78825
7.63547
7.49865
7.36986
7.21999
7.08553
6.93511
6.79265
6.66333
6.51383
6.37509
6.19826
6.07303
5.95388
5.79959
5.65753
5.51997
5.38364
5.23683
5.10251
4.97729
4.82121
4.67729
4.55401
4.39338
4.26296
4.10881
3.95324
3.84214
3.69007
3.56824
3.41845
3.28665
3.12762
3.00683
2.86255
2.73523
2.56688
2.43145
2.3217
2.15584
2.03629
1.87315
1.74471
1.61221
1.45556
1.33154
1.20185
1.05177
0.908556
0.768572
0.626299
0.488295
0.348882
0.208858
0.0697664
128.315
68.6362
53.3041
47.0344
43.7843
41.8165
40.1883
39.4261
38.9199
38.0846
37.7535
37.2102
36.779
36.177
35.7963
35.0694
34.592
34.2121
33.607
33.4244
32.7366
32.2779
31.7573
31.3072
30.6334
30.3166
29.7856
29.0902
28.7592
28.0121
27.6374
27.1431
26.5503
26.0959
25.5175
25.0531
24.2518
24.0279
23.3885
22.9015
22.3347
21.7291
21.4221
20.7117
20.2538
19.5831
19.1763
18.6518
18.0907
17.5185
17.0924
16.4459
15.9587
15.3116
15.1981
14.2849
14.15
13.5864
13.4903
13.0473
12.9183
12.3111
12.2195
11.9934
11.7206
11.5201
11.509
11.2195
10.9693
10.9024
10.6906
10.7471
10.4344
10.3413
10.3521
10.1713
10.0249
9.88274
9.78446
9.65992
9.52459
9.40187
9.28681
9.16145
9.03637
8.90285
8.78395
8.65697
8.53822
8.40569
8.26382
8.12749
7.98024
7.84874
7.73268
7.5879
7.46671
7.30775
7.17977
7.04917
6.91398
6.76871
6.62385
6.49409
6.34422
6.21567
6.07513
5.93714
5.79754
5.65635
5.5197
5.37242
5.24443
5.08759
4.96725
4.84084
4.67106
4.54104
4.40879
4.27645
4.13278
3.97919
3.85983
3.71754
3.57224
3.42285
3.29285
3.14213
2.99243
2.87352
2.72316
2.58322
2.449
2.31219
2.16652
2.02465
1.88649
1.74264
1.59949
1.45935
1.3191
1.18852
1.04416
0.908613
0.769533
0.630378
0.492311
0.346755
0.210167
0.0699824
)
;
    }
}

