/*--------------------------------*- C++ -*----------------------------------*\
  =========                 |
  \\      /  F ield         | OpenFOAM: The Open Source CFD Toolbox
   \\    /   O peration     | Website:  https://openfoam.org
    \\  /    A nd           | Version:  6
     \\/     M anipulation  |
\*---------------------------------------------------------------------------*/
FoamFile
{
    version     2.0;
    format      ascii;
    class       volScalarField;
    location    "./ITHACAoutput/POD/1";
    object      P_rec;
}
// * * * * * * * * * * * * * * * * * * * * * * * * * * * * * * * * * * * * * //

dimensions      [0 2 -2 0 0 0 0];

internalField   nonuniform List<scalar> 
9000
(
118.891
63.8593
49.8677
43.8188
40.7763
39.0152
37.7487
36.8092
36.2376
35.6949
35.1967
34.8056
34.329
33.8824
33.3555
32.8344
32.3377
31.9822
31.6767
31.2667
30.6028
30.0713
29.6951
29.1742
28.8093
28.3141
27.6176
27.3813
26.7758
26.1889
25.9121
25.2904
24.7713
24.3829
23.8892
23.479
22.973
22.5665
22.2346
21.873
21.1636
20.7912
20.4245
20.1419
19.6498
19.1852
19.0895
19.1208
18.6856
17.8595
86.7498
60.7883
50.5376
44.8233
41.7109
39.691
38.3309
37.2868
36.4865
35.913
35.3713
34.7538
34.2837
33.7888
33.4819
32.9566
32.5193
31.9017
31.4954
30.9953
30.7231
29.9725
29.6068
29.1716
28.6888
28.1344
27.6676
27.3994
26.7543
26.3359
25.7799
25.349
24.8116
24.4287
23.969
23.5549
22.9922
22.7101
22.0126
21.7807
21.1236
20.8115
20.378
19.8288
19.7944
19.2433
19.0301
18.3146
18.0316
16.5632
69.5492
57.0676
50.3433
45.2894
42.3813
40.1556
38.5469
37.6549
36.7112
36.154
35.5297
34.6618
34.4542
33.8349
33.3661
32.8981
32.4531
32.1492
31.4689
31.0783
30.5673
30.111
29.6677
29.1976
28.5909
28.3519
27.6592
27.2146
26.739
26.1845
25.9409
25.334
24.992
24.5459
23.9321
23.5563
23.0411
22.5732
22.1288
21.6046
21.1706
20.8
20.2734
19.8621
19.4373
18.9802
18.4747
17.7882
17.2206
15.7273
60.3494
53.6264
49.2175
45.212
42.4454
40.3573
39.0243
38.0623
37.0092
36.2887
35.6179
35.0657
34.4497
33.8497
33.5831
33.06
32.4332
32.0707
31.5189
30.9301
30.5919
30.1248
29.7036
29.089
28.6482
28.2691
27.6949
27.4041
26.788
26.5107
25.961
25.4491
24.9571
24.47
23.9271
23.5423
23.0379
22.629
22.1788
21.685
21.1183
20.7592
20.3616
19.8569
19.4221
18.9807
18.3171
17.8136
16.8277
15.5384
53.9586
50.6752
47.4922
44.6357
42.1597
40.5
39.2971
38.0417
37.0834
36.4992
35.5163
34.9684
34.5546
33.8982
33.4515
33.0746
32.3976
32.1509
31.5811
31.2425
30.6324
30.2376
29.6944
29.1368
28.5396
28.3549
27.7856
27.2543
27.038
26.3173
25.806
25.3812
24.8566
24.5928
24.1218
23.3467
23.0193
22.5597
22.1015
21.6147
21.1438
20.713
20.1579
19.6023
19.1198
18.7017
18.1496
17.5401
16.6899
15.608
49.6594
47.8489
45.9217
43.7276
41.9699
40.5593
39.0816
38.0422
37.175
36.3091
35.8685
35.2864
34.495
34.0891
33.6993
33.0481
32.6156
32.1627
31.455
30.9936
30.5742
30.1778
29.6119
29.1811
28.7495
28.3786
27.7712
27.2835
26.9009
26.3628
25.8047
25.2943
25.0005
24.6589
23.8328
23.4321
23.1587
22.4206
22.2657
21.4656
21.1777
20.5898
20.1785
19.646
19.3267
18.6825
18.0603
17.4503
16.4724
15.483
46.441
45.607
44.5517
43.1537
41.6982
40.2361
38.9122
38.1076
37.182
36.4842
35.7297
35.0116
34.602
34.2166
33.4343
33.1011
32.6233
31.9407
31.3736
31.1003
30.514
30.1922
29.4788
29.1694
28.6908
28.1326
27.7555
27.0971
26.8006
26.3783
25.7657
25.4597
24.781
24.3918
23.8515
23.4005
22.8877
22.4321
21.9797
21.593
21.0542
20.6067
20.1737
19.7202
19.153
18.5686
17.9445
17.1094
16.4099
15.613
44.2276
43.8587
43.1879
42.0843
41.0896
39.8201
38.8101
37.8267
36.9671
36.4453
35.7617
35.2182
34.6348
33.9234
33.6326
33.078
32.7375
31.9711
31.2625
31.1122
30.467
30.1508
29.8361
29.1053
28.6165
28.1544
27.7361
27.3708
26.792
26.2553
25.7608
25.3899
24.7634
24.4231
23.9061
23.5703
23.0305
22.5136
22.0595
21.5935
21.0411
20.4987
20.0327
19.4982
18.9851
18.5254
18.0828
17.2182
16.5283
15.6102
42.4013
42.3936
42.0332
41.3469
40.263
39.4473
38.663
38.009
37.205
36.4862
35.8085
35.1874
34.5733
34.1174
33.6462
33.0683
32.5839
32.0794
31.5783
30.9851
30.711
30.2259
29.7459
29.0808
28.7161
28.0191
27.4804
27.1852
26.8078
26.3349
25.8644
25.1571
24.7129
24.2716
24.0338
23.3511
22.9754
22.4964
22.0734
21.4319
21.0789
20.5583
20.0153
19.5695
18.8572
18.5348
17.8153
17.2492
16.6171
15.7315
40.8171
41.1114
41.2276
40.6928
39.9698
39.2237
38.3028
37.577
37.0778
36.498
35.7322
35.2116
34.4328
34.2749
33.5264
33.17
32.762
32.0574
31.6043
31.0184
30.6269
30.1062
29.5155
29.2339
28.6634
28.4308
27.9023
27.1962
26.8939
26.3961
25.9176
25.3196
24.9404
24.4517
23.8301
23.4646
23.0263
22.7067
21.9312
21.4096
21.0486
20.5037
19.9206
19.5222
19.019
18.491
17.763
17.2167
16.4893
16.0743
39.8047
40.3439
40.2742
40.1156
39.24
38.8472
38.2197
37.5967
36.9098
36.3572
35.849
35.21
34.5489
34.071
33.3869
33.1796
32.5745
32.142
31.6732
31.0023
30.543
30.0892
29.6191
29.3438
28.7507
28.2816
27.6879
27.505
26.6465
26.2932
25.9121
25.4559
24.8502
24.3209
23.8347
23.4474
22.8899
22.5395
22.0897
21.3378
21.1402
20.3602
20.0481
19.4578
18.9608
18.4783
17.9799
17.2206
16.6107
16.0106
39.003
39.5443
39.6938
39.3464
39.1363
38.4981
37.8331
37.3438
36.7467
36.1271
35.681
35.124
34.6604
34.1583
33.6518
32.9867
32.6454
32.0719
31.676
31.1382
30.5628
30.0922
29.681
29.2004
28.7092
28.3329
27.7138
27.0564
26.8981
26.3777
25.9154
25.5057
24.7936
24.3396
23.8136
23.2879
22.8343
22.5125
21.9267
21.3754
20.9956
20.5516
19.9478
19.5729
18.9167
18.4031
17.8142
17.292
16.683
16.0935
38.2587
38.7386
39.11
38.8065
38.5178
38.2689
37.7273
37.2328
36.5651
36.2627
35.6868
35.0489
34.5231
34.1075
33.541
32.9769
32.7281
32.0022
31.5789
31.2151
30.61
30.0179
29.6103
29.2863
28.7826
28.2574
27.6014
27.3677
26.7673
26.1229
25.89
25.2476
24.8915
24.3604
23.8594
23.3488
23.0234
22.5229
21.9064
21.5841
21.0505
20.5626
20.0953
19.5384
18.9832
18.3704
17.8943
17.2525
16.7814
16.155
37.7893
38.3995
38.4732
38.7493
38.3747
37.9712
37.5522
36.8868
36.6111
36.0835
35.6812
35.1083
34.5878
34.1432
33.6567
33.094
32.5749
32.1659
31.6364
31.1448
30.65
29.9926
29.776
29.3237
28.7533
28.161
27.903
27.0985
26.7821
26.4457
25.8665
25.4818
24.9317
24.3754
23.8554
23.5244
23.0561
22.3619
21.9304
21.5055
21.0064
20.5767
19.9809
19.6695
19.0337
18.5875
17.9049
17.5128
16.8084
16.4357
37.3901
37.7742
38.1863
38.2296
38.0507
37.5644
37.6328
36.9935
36.5099
36.1609
35.6938
35.1047
34.4136
34.141
33.7333
32.9859
32.665
32.0059
31.6708
31.1051
30.7739
30.1238
29.7239
29.1919
28.5962
28.2755
27.516
27.1849
26.7057
26.3028
25.8937
25.2798
24.8486
24.3524
23.9652
23.48
22.9844
22.391
21.9154
21.3744
20.8596
20.4889
19.8931
19.4161
19.0308
18.5558
17.9169
17.4293
16.8743
16.3388
37.0309
37.5889
37.8027
37.8123
37.7907
37.6589
37.2425
36.8346
36.4427
36.1301
35.5322
34.9647
34.4921
34.2214
33.6351
33.1293
32.7043
31.9894
31.5623
31.252
30.5406
30.215
29.6916
29.1137
28.5828
28.1344
27.7648
27.329
26.7667
26.3974
25.929
25.331
24.7751
24.3317
23.8933
23.186
22.9802
22.2756
22.0481
21.5125
21.0389
20.3518
19.9473
19.5989
18.8328
18.4003
17.9979
17.524
16.898
16.5278
36.8816
37.1001
37.5315
37.5849
37.7293
37.5361
37.1625
36.8793
36.4564
36.0042
35.4802
35.0497
34.4572
33.8988
33.3934
33.0104
32.5986
32.1415
31.6697
31.2372
30.7405
30.1698
29.6607
29.1805
28.8563
28.1162
27.7982
27.3277
26.7802
26.2975
25.8266
25.4129
24.8448
24.4337
23.8238
23.514
22.8319
22.4263
21.8012
21.48
21.1153
20.4996
20.0086
19.4453
18.9064
18.5657
18.0595
17.3761
16.8211
16.4985
36.5847
37.1407
37.4046
37.4886
37.4341
37.231
37.0627
36.6601
36.545
36.1493
35.4667
35.0385
34.6015
34.2828
33.4004
32.8995
32.4372
32.1054
31.6422
31.2069
30.5842
30.2528
29.6183
29.0308
28.798
28.3511
27.8301
27.2631
26.6617
26.22
25.8888
25.2326
24.7761
24.5443
23.6645
23.4088
22.9714
22.4844
21.9113
21.3798
20.9157
20.4998
19.9903
19.4468
18.9141
18.5597
18.0163
17.5592
17.2122
16.611
36.3574
37.0129
37.3353
37.5046
37.2973
37.2061
36.8617
36.6005
36.2955
35.9472
35.486
35.1762
34.5597
34.0367
33.6831
33.0917
32.6073
32.1728
31.609
31.1615
30.6057
30.285
29.7193
29.0609
28.7262
28.2887
27.6994
27.1494
26.8924
26.1814
25.8751
25.2761
24.8573
24.3719
24.0707
23.426
22.9775
22.5865
21.9501
21.2301
21.1057
20.5026
20.0998
19.5871
19.0514
18.6261
18.2234
17.5392
17.0313
16.6139
36.4381
36.8214
37.2683
37.3499
37.4404
37.1477
37.0771
36.8804
36.4472
35.9535
35.5245
34.99
34.5653
33.9652
33.6015
33.0816
32.5824
31.9739
31.682
31.1435
30.5106
30.3043
29.6492
28.8788
28.822
28.1733
27.8873
27.3351
26.719
26.261
25.7658
25.3683
24.8523
24.385
23.9917
23.4563
22.73
22.4895
21.9854
21.4815
21.1516
20.4777
20.1014
19.4416
18.8801
18.5723
17.9918
17.6136
16.9439
16.7475
36.3016
36.938
37.3778
37.1965
37.3895
37.0745
36.937
36.5631
36.2693
35.8939
35.4752
35.0961
34.6881
34.0693
33.6389
33.0717
32.6474
32.1531
31.7283
31.1543
30.544
30.1778
29.5915
29.2783
28.7953
28.227
27.7547
27.285
26.7068
26.3055
25.796
25.2919
24.7907
24.387
24.0422
23.4167
22.9014
22.522
21.864
21.5834
21.1676
20.2754
19.9295
19.4779
18.9899
18.5761
18.1451
17.5554
17.143
16.7975
36.2685
36.9055
37.2202
37.4291
37.5776
37.2391
37.2173
36.793
36.1611
35.947
35.5907
35.0429
34.5609
33.9618
33.536
33.3047
32.469
32.0468
31.618
31.1093
30.6828
30.2511
29.7008
29.348
28.7434
28.0811
27.8124
27.1668
26.6188
26.3528
25.7048
25.2604
24.9841
24.2418
23.9271
23.3114
22.7599
22.3779
21.9671
21.4442
20.8286
20.3901
20.0092
19.4152
18.9006
18.5858
18.3165
17.6052
17.0789
16.9036
36.5695
37.2146
37.3368
37.4243
37.5379
37.3424
37.2829
36.78
36.2531
36.0126
35.5295
34.993
34.583
34.2266
33.6582
32.9596
32.4958
32.126
31.7145
31.1128
30.5939
30.1274
29.657
29.2028
28.5797
28.2779
27.6438
27.4457
26.8354
26.0892
25.7901
25.4308
24.8391
24.2773
23.8143
23.2691
22.721
22.3945
21.9822
21.4116
21.0279
20.6421
19.8411
19.6671
19.159
18.492
18.0876
17.6562
17.2479
16.6478
36.7185
37.1779
37.5303
37.6777
37.7273
37.6844
37.353
36.8754
36.3029
36.0781
35.6657
35.135
34.6089
34.1017
33.5214
33.0349
32.6881
32.1178
31.6065
31.1676
30.5574
30.1523
29.6017
29.2224
28.5487
28.3173
27.6438
27.238
26.9427
26.3364
25.7875
25.39
24.7377
24.318
23.9572
23.2557
22.8154
22.4692
21.9284
21.3762
20.9365
20.5513
19.9454
19.6101
19.1374
18.4958
18.0815
17.6721
17.2478
16.6933
37.1638
37.5615
37.842
37.8185
37.8855
37.73
37.3342
37.0414
36.3393
36.1651
35.564
35.1367
34.6822
34.0707
33.7264
33.154
32.6954
32.1875
31.5076
31.3561
30.7453
30.1865
29.5784
29.1823
28.7091
28.1972
27.6691
27.1601
26.7022
26.1652
25.7892
25.2236
24.8826
24.2624
23.8445
23.3716
22.9034
22.4558
21.9054
21.4162
20.8389
20.4688
20.0043
19.415
19.0963
18.5043
18.2588
17.6412
17.2664
16.6747
37.4168
37.7795
38.1973
38.1299
38.0168
37.8239
37.5014
37.0834
36.6139
36.0411
35.4482
35.1314
34.458
34.1208
33.6928
33.0418
32.4452
32.0042
31.622
31.015
30.6288
30.1896
29.5618
29.1374
28.7638
28.147
27.8179
27.1519
26.7426
26.1213
25.7995
25.312
25.0497
24.2237
23.8117
23.3882
22.814
22.4995
21.9583
21.5108
21.0223
20.6084
20.0107
19.4472
19.0916
18.5768
18.1769
17.5866
17.2454
16.8173
38.0396
38.1417
38.6488
38.5684
38.1435
38.0661
37.5563
37.1341
36.6786
36.2001
35.747
35.0985
34.5878
34.1921
33.6221
33.0357
32.8579
32.1041
31.655
31.05
30.7091
30.0954
29.7673
29.2528
28.874
28.2034
27.5877
27.2789
26.8752
26.2249
25.6857
25.2035
25.0015
24.4104
23.874
23.3909
22.9737
22.4087
21.9473
21.6192
20.801
20.4819
20.0608
19.4931
19.1418
18.6405
18.0679
17.5747
17.3059
16.7655
38.5156
38.7597
39.1583
39.0412
38.6167
38.2425
37.596
37.3191
36.9557
36.1165
35.6389
35.0978
34.6825
34.0973
33.4201
33.2023
32.5525
32.0365
31.7755
30.9999
30.7255
30.2138
29.6036
29.2584
28.6466
28.3799
27.79
27.2271
26.832
26.19
25.6662
25.2909
24.7144
24.3649
23.832
23.3195
22.8621
22.3935
21.9018
21.4241
21.0487
20.585
19.9762
19.6357
18.9971
18.6204
18.1227
17.7037
17.1727
16.8597
38.9886
39.5483
39.8156
39.4059
39.0547
38.7398
38.058
37.397
36.7232
36.2908
35.7853
35.0214
34.6364
34.1251
33.6258
33.1852
32.4656
32.1782
31.6788
31.1598
30.621
30.0825
29.6355
29.1509
28.7726
28.1514
27.7201
27.1844
26.7133
26.2769
25.9111
25.2835
24.9737
24.2794
23.8683
23.3593
22.9991
22.4708
21.8796
21.3359
20.9106
20.5266
19.9878
19.5753
19.0378
18.6231
18.0477
17.7234
17.375
16.7209
39.8655
40.2507
40.4373
39.8899
39.5828
38.9171
38.2965
37.5304
36.9488
36.2818
35.66
35.3236
34.6872
34.0077
33.4771
33.0681
32.5683
32.1498
31.5556
31.1418
30.5242
30.191
29.579
29.2009
28.5989
28.1324
27.669
27.3636
26.6018
26.3713
25.825
25.1891
24.8058
24.3738
23.8975
23.4761
22.9359
22.3983
21.779
21.372
21.0789
20.4045
19.843
19.5577
19.1326
18.5426
17.9864
17.7341
17.2336
16.806
40.9597
41.3351
41.2007
40.6916
39.8977
39.369
38.3998
37.716
36.9512
36.4947
35.7394
35.1664
34.6355
34.0046
33.6332
33.0284
32.4826
32.1817
31.4885
31.0526
30.6791
30.1431
29.8334
29.1372
28.7107
28.1781
27.6862
27.3246
26.7666
26.1445
25.7103
25.3016
24.6805
24.3486
23.9849
23.5366
22.7779
22.223
21.7369
21.5373
21.0255
20.4401
19.9257
19.365
19.0952
18.819
18.2704
17.6426
17.2065
16.695
42.45
42.4163
42.3158
41.4544
40.3053
39.5312
38.623
37.7691
37.0864
36.417
35.6414
35.1332
34.6356
34.0936
33.4735
33.0612
32.6485
31.9384
31.5817
31.2904
30.6596
30.2225
29.6319
29.1534
28.6575
28.2402
27.7606
27.2677
26.7751
26.2763
25.9461
25.2179
24.8324
24.3318
23.7448
23.3526
22.8551
22.4304
21.9795
21.3414
20.9999
20.5466
19.9292
19.4386
19.047
18.6934
18.0738
17.6309
17.2816
16.881
44.0741
43.7974
43.2593
42.2799
40.9765
39.9848
38.885
37.9923
36.9982
36.3114
35.7893
35.2727
34.615
34.0286
33.525
33.0686
32.5718
32.1058
31.5137
30.9765
30.8011
30.1463
29.6331
29.2468
28.6722
28.2568
27.6643
27.1036
26.8663
26.0561
25.8838
25.3608
24.7214
24.4358
23.9108
23.3135
23.0489
22.4059
21.8384
21.5132
20.8744
20.4133
19.9933
19.538
19.0762
18.6629
18.1714
17.5861
17.3386
16.6077
46.4776
45.845
44.4574
43.0666
41.5683
40.259
39.034
38.1028
37.0112
36.5104
35.7621
35.2715
34.6787
34.0586
33.7707
33.0707
32.5638
32.1814
31.5433
31.11
30.6843
30.0164
29.5112
29.276
28.6004
28.2081
27.845
27.2731
26.9904
26.0518
25.6997
25.2335
24.9259
24.2051
23.8294
23.4158
22.8908
22.3999
21.9269
21.3048
20.977
20.2991
19.8604
19.5699
19.0857
18.6715
18.0421
17.5799
17.1676
16.647
49.4808
47.8735
46.0649
43.9037
42.0636
40.2043
39.3061
38.0278
36.9416
36.3296
35.808
35.076
34.5055
33.9679
33.4464
33.004
32.3897
32.076
31.5446
31.1113
30.5218
30.0563
29.5383
29.2587
28.6595
28.1329
27.6569
27.144
26.7588
26.4012
25.8016
25.2839
24.9272
24.2243
23.7856
23.2732
23.0248
22.4115
21.8067
21.2394
20.887
20.5771
19.8087
19.4477
18.9615
18.5531
17.8642
17.654
17.0255
16.6833
54.0425
50.4489
47.5139
44.7751
42.2694
40.5675
39.117
37.9725
37.1316
36.4638
35.544
35.1734
34.4388
34.1149
33.5365
32.9139
32.4078
31.8152
31.719
31.0419
30.7111
30.1801
29.7215
29.2362
28.4874
28.2149
27.8533
27.2629
26.682
26.2003
25.9257
25.1143
24.7267
24.1253
23.9246
23.3066
23.0168
22.4129
21.9055
21.2993
20.9226
20.4417
19.9332
19.5314
18.9916
18.4867
18.0079
17.4071
17.0515
16.722
60.3105
53.6921
49.2587
45.2962
42.469
40.4099
39.0883
37.8799
37.0911
36.2113
35.6917
34.8607
34.6214
33.9523
33.3973
33.1344
32.4782
31.887
31.6771
31.0704
30.7636
30.0455
29.6344
29.2749
28.6211
28.3507
27.7221
27.172
26.8402
26.445
25.7267
25.4557
24.8424
24.2105
23.6772
23.3073
22.8321
22.4918
21.823
21.4193
20.8636
20.3135
20.0836
19.2755
18.8876
18.5599
18.027
17.4108
17.0293
16.6504
69.578
57.1315
50.2325
45.5825
42.2929
40.1319
38.6881
37.4467
36.8297
35.9851
35.3494
34.9424
34.3227
33.8303
33.4077
33.09
32.5805
32.1389
31.4349
31.0109
30.5371
30.1365
29.7528
29.1658
28.5696
28.2311
27.6924
27.1927
26.7734
26.2044
25.7954
25.2019
24.6182
24.3549
23.8931
23.4141
22.677
22.4118
21.8791
21.3913
20.8822
20.2452
19.8946
19.469
18.8277
18.5094
17.9181
17.4301
16.9381
16.6855
86.6953
60.6718
50.5068
45.0414
41.5657
39.7289
38.1235
37.4628
36.5363
36.0154
35.2838
34.9447
34.2753
33.6541
33.1522
32.848
32.4296
31.927
31.6059
30.9205
30.6494
30.1619
29.5542
29.1087
28.5481
28.089
27.7142
27.2545
26.7346
26.3078
25.7798
25.3647
24.966
24.2301
23.7996
23.3667
22.8258
22.3445
21.7005
21.3877
20.6775
20.2163
19.7358
19.3559
18.7223
18.4895
17.9155
17.6555
17.0256
16.4532
119.571
63.974
49.6949
43.8554
40.8293
38.9977
37.4822
36.7731
36.3023
35.5247
35.2165
34.7104
34.3087
33.7478
33.3929
32.7156
32.2706
31.9164
31.3525
31.182
30.541
30.1134
29.6282
29.2086
28.5808
28.2854
27.7904
27.1424
26.8336
26.1375
25.788
25.3271
24.7744
24.3506
23.8114
23.3781
22.631
22.4215
21.8252
21.3705
20.8415
20.2764
19.9893
19.3263
18.8985
18.2725
17.8922
17.4022
16.8781
16.3439
8.28223
10.1651
10.3212
10.6103
10.9841
10.9773
11.2276
11.2177
11.2527
11.1065
11.2795
11.2388
11.0314
10.9258
10.9548
10.9294
10.6802
10.5499
10.5493
10.3789
10.319
10.3143
10.1312
9.9711
9.80748
9.74376
9.61927
9.46488
9.32961
9.21066
9.06539
8.93221
8.81216
8.68495
8.56192
8.4338
8.28516
8.14981
8.03433
7.88799
7.77047
7.61737
7.49211
7.37484
7.24426
7.11782
6.97406
6.85422
6.73389
6.59002
6.44686
6.31984
6.19233
6.04964
5.94291
5.78482
5.64834
5.54148
5.42088
5.27765
5.14641
5.00711
4.89323
4.75937
4.62769
4.48316
4.36071
4.24048
4.10476
3.98351
3.85184
3.7153
3.58511
3.45483
3.31896
3.19374
3.06709
2.95292
2.79635
2.65826
2.53557
2.40028
2.28174
2.14431
2.01107
1.87705
1.74905
1.62169
1.50315
1.36262
1.22187
1.10137
0.962466
0.846127
0.716076
0.585413
0.455673
0.325483
0.195918
0.0651828
10.731
11.2717
10.9691
11.215
11.1322
11.3885
11.2972
11.2412
11.2969
11.3764
11.2603
11.1602
11.0615
11.0345
11.0438
10.6778
10.8285
10.7482
10.3819
10.4167
10.3701
10.1922
10.2327
10.1362
9.7423
9.67082
9.59552
9.47628
9.34559
9.20327
9.07148
8.93859
8.80795
8.69056
8.54657
8.42185
8.28016
8.15807
8.03327
7.89284
7.75809
7.63076
7.50233
7.36539
7.23696
7.10407
6.98212
6.84471
6.71553
6.58826
6.45454
6.33004
6.20822
6.07031
5.92121
5.79612
5.67247
5.52788
5.42056
5.2736
5.15287
5.01514
4.88704
4.77065
4.62215
4.48176
4.37167
4.22855
4.10474
3.96051
3.85066
3.72776
3.57386
3.44912
3.30496
3.19663
3.05168
2.9226
2.81287
2.67987
2.5388
2.40237
2.27874
2.14554
2.01109
1.88726
1.7432
1.62764
1.49719
1.36725
1.2492
1.11475
0.986975
0.845363
0.716885
0.586479
0.457798
0.326964
0.195972
0.0652122
12.1065
11.9006
11.5166
11.4334
11.6282
11.5392
11.6233
11.4169
11.2954
11.531
11.1387
11.2283
11.0993
11.1217
11.0639
10.8813
10.7791
10.7275
10.487
10.3245
10.3626
10.1568
10.0922
10.0346
9.83907
9.67117
9.56725
9.45409
9.31722
9.17422
9.07853
8.93751
8.8124
8.68814
8.55929
8.42066
8.26981
8.15515
8.02619
7.89366
7.7565
7.61548
7.50154
7.36858
7.24251
7.1037
6.97903
6.83333
6.71103
6.58505
6.44376
6.32801
6.20347
6.07011
5.9032
5.79771
5.65269
5.53197
5.40531
5.28116
5.14755
5.0205
4.89078
4.75442
4.62475
4.49905
4.3659
4.22142
4.10474
3.97361
3.84717
3.67473
3.57908
3.45079
3.32123
3.20813
3.04433
2.92528
2.79859
2.67714
2.53823
2.40212
2.27994
2.16256
2.0205
1.89342
1.74195
1.64261
1.49062
1.36726
1.24175
1.10568
0.962717
0.847035
0.714823
0.58639
0.455728
0.326401
0.196782
0.0652428
12.9106
12.6437
11.9908
11.8909
11.8284
11.6472
11.7033
11.5986
11.6463
11.3367
11.3376
11.3861
11.2231
11.3166
11.0693
10.9776
10.8125
10.7325
10.3854
10.4368
10.2452
10.1325
10.0032
10.0315
9.81655
9.74511
9.59559
9.41084
9.3103
9.20385
9.08466
8.9359
8.80939
8.67085
8.5379
8.4007
8.27858
8.17334
8.03121
7.90227
7.77425
7.62065
7.50372
7.36729
7.23405
7.11685
6.96829
6.84926
6.70181
6.56564
6.44558
6.32953
6.2096
6.04441
5.94653
5.78278
5.67259
5.53491
5.4111
5.27084
5.15589
5.02032
4.87752
4.77571
4.62703
4.48945
4.34901
4.22773
4.10603
3.96378
3.85377
3.73555
3.59731
3.45423
3.32937
3.18939
3.07138
2.9187
2.79162
2.66233
2.54917
2.41677
2.28821
2.17993
2.03264
1.89231
1.74964
1.623
1.50185
1.35804
1.22996
1.11446
0.9858
0.846602
0.717407
0.58572
0.457262
0.32583
0.195357
0.0651103
13.5497
12.9525
12.4494
12.1507
11.8931
11.9652
11.773
11.7164
11.7476
11.3387
11.391
11.4373
11.3612
10.9905
11.0106
10.8476
10.9132
10.6835
10.5686
10.4044
10.4501
10.142
9.94111
10.0528
9.78029
9.64298
9.63522
9.38716
9.34562
9.20252
9.06552
8.94572
8.79337
8.69227
8.55502
8.39472
8.27878
8.14435
8.0174
7.89472
7.75593
7.62796
7.50783
7.36931
7.24178
7.10392
6.96534
6.85071
6.70122
6.58576
6.45206
6.31654
6.19513
6.05366
5.92957
5.79395
5.67234
5.55396
5.41395
5.27589
5.152
5.01161
4.88697
4.74626
4.62794
4.49087
4.34897
4.22911
4.10601
3.96894
3.84017
3.7142
3.58044
3.46003
3.32447
3.1948
3.05565
2.94295
2.80658
2.67559
2.53946
2.41171
2.28685
2.16337
2.02542
1.88729
1.74994
1.63654
1.50179
1.36491
1.26842
1.11892
0.973424
0.848455
0.716451
0.58587
0.457292
0.327204
0.197371
0.0652031
14.1123
13.463
12.8321
12.4451
12.5271
12.01
12.2116
11.6795
11.7511
11.5923
11.4521
11.4533
11.2612
10.8575
10.9492
10.7133
10.7804
10.6989
10.7066
10.3923
10.2957
10.1304
10.0332
9.98164
9.90261
9.65545
9.64663
9.45777
9.31629
9.19331
9.03964
8.92404
8.80141
8.67829
8.52924
8.3891
8.27523
8.1569
8.03859
7.87082
7.74634
7.62009
7.50529
7.37487
7.23581
7.09786
6.98976
6.84179
6.70735
6.56708
6.4517
6.31217
6.2013
6.05643
5.9258
5.79064
5.66892
5.54529
5.40988
5.27691
5.13739
5.02745
4.88452
4.75655
4.6134
4.49982
4.35066
4.23472
4.10468
3.96456
3.84278
3.70385
3.58451
3.47209
3.3204
3.18637
3.06475
2.92977
2.81228
2.67549
2.54376
2.41086
2.28532
2.16197
2.02448
1.89951
1.75132
1.64013
1.50883
1.36728
1.23082
1.10302
0.985377
0.847514
0.715789
0.586962
0.456316
0.32703
0.19644
0.0652783
14.4923
13.7615
13.0315
12.7091
12.5773
12.1462
12.2497
11.8085
11.8783
11.8479
11.5931
11.4616
11.5273
11.3143
11.0687
11.0033
11.0583
10.5566
10.6002
10.4739
10.4413
10.2751
9.9881
9.88448
9.90545
9.61495
9.56295
9.41367
9.31719
9.20488
9.05463
8.91535
8.80616
8.67873
8.55259
8.39696
8.29018
8.13464
8.03184
7.88266
7.74529
7.59879
7.49377
7.36799
7.22584
7.08923
6.97875
6.83401
6.71634
6.59416
6.44211
6.32688
6.16492
6.0632
5.93684
5.80912
5.67053
5.53845
5.39248
5.28113
5.12911
5.01149
4.89058
4.76003
4.63245
4.47784
4.36119
4.23904
4.10597
3.97621
3.8426
3.71706
3.57082
3.4581
3.31462
3.18639
3.07107
2.9344
2.79697
2.66704
2.53672
2.42483
2.27487
2.17349
2.02679
1.88975
1.7559
1.63446
1.48916
1.3657
1.25187
1.12021
0.973041
0.846331
0.717049
0.585286
0.456177
0.325686
0.194627
0.065375
14.6687
14.1414
13.5015
13.0955
12.6132
12.6632
12.3267
11.9802
11.968
11.9348
11.739
11.5675
11.485
11.5343
11.0351
11.078
10.7247
10.7223
10.5809
10.5274
10.2582
10.3577
10.0653
9.97973
9.76243
9.67273
9.49798
9.48251
9.29897
9.18456
9.04948
8.90949
8.76789
8.66177
8.54317
8.41243
8.25927
8.13398
8.00206
7.86883
7.73009
7.61682
7.49584
7.36678
7.23607
7.09445
6.9613
6.81987
6.72538
6.58117
6.4451
6.30435
6.18923
6.06374
5.91886
5.80382
5.66261
5.52659
5.41106
5.2661
5.13653
5.01744
4.88479
4.75385
4.60285
4.51409
4.36088
4.23254
4.10097
3.9676
3.83487
3.72299
3.59642
3.44705
3.31003
3.19712
3.05244
2.92179
2.79548
2.66769
2.55053
2.40165
2.27488
2.16931
2.03582
1.89306
1.76049
1.63227
1.4819
1.37536
1.2334
1.09328
0.983819
0.845617
0.715478
0.585662
0.457686
0.325546
0.196373
0.0653496
14.9587
14.3965
13.6963
13.1688
13.0894
12.8143
12.2612
12.2993
12.0216
11.8861
11.9005
11.5805
11.5336
11.1656
11.2731
10.9762
10.8704
10.6501
10.6379
10.4125
10.5071
10.254
10.0387
9.95891
9.77131
9.76307
9.49534
9.43075
9.3126
9.17124
9.04894
8.91263
8.7874
8.66623
8.53204
8.39846
8.27022
8.15188
8.01746
7.87045
7.7421
7.61236
7.48984
7.35857
7.21462
7.08893
6.97642
6.83481
6.72298
6.58984
6.44636
6.31463
6.18231
6.05969
5.91958
5.79712
5.66335
5.53809
5.40327
5.25902
5.13474
5.01431
4.90504
4.75436
4.63553
4.4993
4.37041
4.23145
4.10463
3.97182
3.82914
3.71889
3.57044
3.44997
3.32085
3.18268
3.05538
2.92731
2.80239
2.67804
2.53422
2.41363
2.26769
2.15211
2.02953
1.88423
1.7666
1.64841
1.50158
1.36205
1.23847
1.12172
0.974795
0.846872
0.717109
0.586791
0.455353
0.325213
0.195825
0.065299
15.0498
14.5443
14.0552
13.5014
13.2158
12.7738
12.6298
12.3515
12.1616
11.9622
11.5926
11.7198
11.4358
11.4105
11.3105
11.08
11.0184
10.945
10.7355
10.5043
10.3951
10.311
10.0728
10.0086
9.79499
9.68573
9.62117
9.40602
9.32188
9.15737
9.03773
8.90682
8.79545
8.6495
8.53678
8.37065
8.27098
8.14731
8.0135
7.87367
7.7473
7.60831
7.48761
7.35254
7.21849
7.09317
6.94547
6.83541
6.70264
6.58309
6.45697
6.33911
6.19354
6.07709
5.93843
5.79403
5.6469
5.54487
5.40205
5.27745
5.14018
5.02471
4.88267
4.76664
4.60836
4.49215
4.37752
4.22919
4.10593
3.98106
3.84155
3.70857
3.56996
3.45744
3.31934
3.19149
3.05969
2.92327
2.7997
2.66159
2.52866
2.41366
2.27799
2.14094
2.02813
1.86544
1.76092
1.63394
1.5094
1.36881
1.23184
1.09599
0.982565
0.847824
0.716304
0.586708
0.454924
0.325221
0.196076
0.0651606
15.2245
14.6369
13.9859
13.644
13.3472
13.0095
12.5526
12.6103
12.1561
12.0609
11.8385
11.7551
11.5401
11.2905
11.2869
11.1324
10.8928
10.6138
10.6262
10.5999
10.4356
10.2584
10.0736
9.92389
9.87823
9.73223
9.5349
9.47446
9.29119
9.17529
9.03659
8.90977
8.77457
8.65404
8.52815
8.39752
8.26331
8.13057
8.00814
7.87806
7.74723
7.61728
7.48015
7.36162
7.22477
7.10442
6.95623
6.82492
6.69682
6.56749
6.43154
6.32117
6.17697
6.05645
5.93647
5.79753
5.66006
5.53725
5.40446
5.26638
5.14625
5.02241
4.88869
4.76363
4.62182
4.4941
4.38347
4.22917
4.09182
3.97164
3.84263
3.70883
3.58076
3.45681
3.2961
3.19758
3.06261
2.92968
2.80085
2.65897
2.54891
2.41436
2.27818
2.14141
2.02832
1.88086
1.76093
1.63625
1.50644
1.37189
1.23318
1.10679
0.978631
0.846899
0.715858
0.587733
0.457278
0.326119
0.194594
0.0651825
15.4582
14.7932
14.4328
13.8442
13.4884
13.0171
12.9337
12.4992
12.4313
12.163
12.0006
11.9609
11.7368
11.4417
11.1905
11.0614
10.8811
10.6929
10.752
10.5369
10.3987
10.21
10.0086
9.89437
9.75878
9.70816
9.51842
9.40574
9.29606
9.1555
9.0432
8.90997
8.77654
8.64038
8.51657
8.38722
8.26825
8.1414
7.97171
7.87699
7.72188
7.61805
7.48833
7.36359
7.22863
7.0921
6.95141
6.83676
6.70298
6.55792
6.4403
6.3238
6.18524
6.04569
5.92427
5.79097
5.65634
5.53606
5.4152
5.26659
5.15812
5.01037
4.87875
4.75162
4.63723
4.48907
4.37423
4.23639
4.10987
3.98154
3.84042
3.71924
3.58187
3.44901
3.30193
3.19311
3.06206
2.92758
2.80014
2.66929
2.53294
2.41256
2.28658
2.14273
2.0241
1.89167
1.7604
1.62576
1.51076
1.36971
1.24072
1.09021
0.983261
0.847335
0.716766
0.585372
0.455592
0.325481
0.195298
0.0652255
15.6748
14.9359
14.6025
14
13.6298
13.3013
12.9684
12.5836
12.5101
12.259
12.0982
11.8266
11.7366
11.492
11.1015
11.148
10.8849
10.8541
10.7381
10.4488
10.493
10.2555
10.0942
10.0398
9.90221
9.74273
9.55584
9.3978
9.29795
9.15195
9.02555
8.9028
8.75227
8.64719
8.50208
8.39052
8.26618
8.14225
8.00145
7.85729
7.73985
7.61478
7.48693
7.34071
7.23973
7.09791
6.95205
6.83781
6.69954
6.58856
6.43263
6.30586
6.17909
6.04042
5.93502
5.79904
5.65282
5.52861
5.39644
5.26859
5.14692
5.0319
4.8906
4.74235
4.61698
4.49358
4.35021
4.24199
4.10764
3.98299
3.84322
3.70705
3.5898
3.44243
3.30684
3.20037
3.07701
2.92493
2.80272
2.67942
2.55727
2.39623
2.27088
2.15542
2.03499
1.8882
1.7582
1.61929
1.48145
1.364
1.22749
1.11145
0.977526
0.84669
0.718724
0.584853
0.456938
0.326139
0.195823
0.0651818
15.6559
15.0785
14.4701
14.3143
13.6303
13.4839
13.0569
12.7291
12.6185
12.1919
12.0501
11.9903
11.6797
11.4415
11.346
11.1557
10.9234
10.9259
10.6388
10.438
10.4112
10.1241
10.2104
9.91967
9.90529
9.58202
9.51387
9.45697
9.27889
9.17414
9.04371
8.90804
8.78031
8.62821
8.50658
8.38052
8.24578
8.12754
7.98155
7.8636
7.74332
7.60323
7.48381
7.34811
7.21588
7.09855
6.96123
6.81503
6.70354
6.56674
6.4554
6.29163
6.19684
6.05164
5.93681
5.79876
5.66315
5.52829
5.40384
5.26709
5.14926
5.0236
4.90139
4.75468
4.61994
4.49723
4.35498
4.21906
4.09741
3.95754
3.84244
3.7169
3.57904
3.43707
3.31908
3.18248
3.04608
2.93032
2.78817
2.68677
2.54773
2.43081
2.26844
2.1487
2.029
1.88821
1.74985
1.62902
1.48669
1.36965
1.26519
1.09328
0.982881
0.846235
0.715731
0.586397
0.455024
0.326456
0.194305
0.0652186
15.5912
15.1871
14.6014
14.0985
13.6425
13.4625
13.1616
12.8433
12.51
12.3164
12.0294
11.9663
11.7645
11.5171
11.3381
11.2037
10.9996
10.947
10.5835
10.5022
10.2569
10.1791
10.2229
9.99625
9.88724
9.67394
9.60269
9.3774
9.28928
9.16972
9.01682
8.88617
8.75419
8.63683
8.50522
8.37449
8.25016
8.10361
7.9965
7.86246
7.73615
7.60801
7.4717
7.34209
7.22581
7.08333
6.95192
6.81236
6.69401
6.56781
6.43118
6.31986
6.18335
6.05582
5.93723
5.78804
5.66652
5.532
5.39252
5.27054
5.16688
5.00967
4.8905
4.75958
4.60692
4.49719
4.35764
4.23827
4.10554
3.96683
3.84393
3.72234
3.5677
3.47031
3.32669
3.20584
3.06404
2.93698
2.80479
2.65738
2.52762
2.40839
2.29584
2.14386
2.0265
1.88193
1.7389
1.62054
1.48091
1.36141
1.23545
1.11512
0.981098
0.846291
0.718044
0.58813
0.454586
0.326488
0.194869
0.0653116
15.8945
15.2845
15.0014
14.3406
14.1022
13.5391
13.2005
12.9696
12.6444
12.4753
11.974
12.0073
11.8368
11.5342
11.2559
11.2666
11.3083
10.8857
10.7405
10.3444
10.266
10.1876
10.0809
9.91012
9.82884
9.61614
9.51025
9.43448
9.29184
9.13902
9.02778
8.88808
8.76673
8.6308
8.4905
8.37173
8.24668
8.12705
7.97765
7.87254
7.73537
7.60427
7.46765
7.36092
7.21103
7.08307
6.95992
6.82832
6.6969
6.5697
6.44004
6.31421
6.19183
6.04811
5.90287
5.78004
5.65606
5.53239
5.39342
5.26714
5.15035
5.00826
4.86954
4.74349
4.62401
4.49783
4.35492
4.24684
4.10982
3.99915
3.84773
3.72236
3.57871
3.45076
3.32059
3.17824
3.06235
2.92913
2.80227
2.6767
2.52818
2.40851
2.27942
2.14151
2.0163
1.88645
1.73892
1.6162
1.50278
1.36938
1.24235
1.0998
0.981935
0.846687
0.717212
0.586868
0.455297
0.325026
0.193271
0.0652574
15.9134
15.4149
14.8379
14.5873
13.9147
13.6715
13.3257
12.9288
12.6557
12.4417
12.1525
12.0606
11.7588
11.5946
11.2151
11.1766
10.8998
10.7664
10.815
10.4661
10.2924
10.2
10.1046
9.81985
9.83538
9.64627
9.59637
9.42679
9.30152
9.15584
9.0111
8.88682
8.74409
8.62254
8.50793
8.36089
8.23357
8.10468
7.98757
7.85227
7.72836
7.59682
7.4653
7.3389
7.20461
7.07111
6.94784
6.81853
6.70798
6.56572
6.44872
6.32362
6.18942
6.05519
5.91507
5.78359
5.66236
5.53337
5.40896
5.27159
5.15287
4.99658
4.87728
4.74821
4.62052
4.48273
4.36893
4.23797
4.09981
3.96495
3.84979
3.71371
3.59008
3.44925
3.33004
3.19019
3.05532
2.91589
2.80043
2.67258
2.55154
2.39539
2.28094
2.14691
2.01659
1.89359
1.74647
1.63155
1.50614
1.37018
1.24059
1.11428
0.976957
0.846903
0.715237
0.585007
0.455611
0.326745
0.195103
0.0651111
15.8987
15.5677
15.0277
14.5111
14.055
13.6899
13.5097
13.2316
12.7345
12.3962
12.1878
12.0045
11.8932
11.5994
11.3033
11.1853
10.9992
10.7996
10.802
10.5767
10.3746
10.1427
10.0806
9.92405
9.73443
9.74181
9.57595
9.40256
9.27913
9.13517
8.99998
8.88207
8.74178
8.61974
8.48322
8.35766
8.25307
8.10779
7.98709
7.84488
7.73932
7.59284
7.46629
7.34938
7.21914
7.09455
6.95749
6.84161
6.69657
6.57281
6.45122
6.32678
6.17975
6.04123
5.91319
5.77207
5.64671
5.53295
5.39704
5.26359
5.16084
5.01057
4.89282
4.752
4.61029
4.4771
4.37668
4.22634
4.10812
3.96997
3.83627
3.71214
3.58128
3.45007
3.32565
3.18627
3.07819
2.94105
2.8057
2.67493
2.54774
2.41823
2.27594
2.15408
2.00956
1.89478
1.74966
1.63742
1.49561
1.35266
1.24186
1.09952
0.982448
0.846711
0.716832
0.585664
0.456155
0.324605
0.195181
0.0653074
15.9897
15.5672
15.1873
14.6158
14.0528
13.9399
13.4124
13.0509
12.8861
12.5414
12.3435
12.0662
11.925
11.6491
11.4957
11.1825
11.1632
10.8426
10.6063
10.5124
10.5413
10.311
10.1266
9.7811
9.81818
9.73156
9.53102
9.40735
9.2833
9.13593
8.99676
8.8847
8.74633
8.61343
8.5071
8.36326
8.23183
8.10348
7.98457
7.87059
7.73137
7.58948
7.46526
7.34742
7.22122
7.07959
6.95898
6.82701
6.69195
6.57646
6.45354
6.30581
6.19169
6.05753
5.90818
5.79775
5.6618
5.52448
5.4008
5.29439
5.13704
5.00897
4.88865
4.77142
4.629
4.49776
4.34893
4.23695
4.09576
3.96951
3.82667
3.70616
3.59242
3.45191
3.3336
3.18802
3.04332
2.94706
2.79484
2.67626
2.53933
2.40914
2.27372
2.1659
2.01326
1.90121
1.77142
1.63145
1.50809
1.39514
1.24445
1.1108
0.977077
0.847667
0.715542
0.585215
0.454704
0.327244
0.195765
0.0652925
16.3586
15.6244
15.0733
14.6042
14.2868
13.6752
13.4856
13.129
12.8582
12.5973
12.5096
12.0047
11.8866
11.6077
11.4101
11.1706
11.179
11.0158
10.767
10.4983
10.49
10.1929
10.1385
9.97807
9.85563
9.61158
9.45558
9.41574
9.25183
9.11435
9.00324
8.85102
8.74897
8.60392
8.49842
8.32646
8.22203
8.11044
7.9781
7.85469
7.7218
7.58568
7.47397
7.33423
7.2128
7.08233
6.95847
6.81113
6.68959
6.56072
6.43813
6.30619
6.18256
6.04572
5.91147
5.78755
5.65748
5.5296
5.39784
5.27146
5.1599
5.01127
4.85829
4.76118
4.61199
4.49774
4.36685
4.21773
4.1117
3.97353
3.85282
3.71666
3.5778
3.46445
3.31641
3.19598
3.0735
2.9139
2.79845
2.66955
2.53782
2.40679
2.29587
2.14996
2.02363
1.89942
1.76795
1.64262
1.49751
1.36989
1.22766
1.10772
0.98111
0.846281
0.716863
0.58678
0.456391
0.325152
0.195839
0.0650894
16.3974
15.7781
15.1613
14.6799
14.2537
13.8441
13.5032
13.1882
12.9067
12.4358
12.2761
12.2819
11.9476
11.487
11.4584
11.1813
10.9721
10.6807
10.6712
10.6116
10.3811
10.2225
10.0922
9.85003
9.7196
9.60195
9.48186
9.41187
9.24796
9.13465
9.00304
8.86872
8.73802
8.60983
8.4962
8.33896
8.22563
8.10947
7.99553
7.84108
7.70959
7.59607
7.4692
7.34581
7.21458
7.09702
6.95661
6.83046
6.70277
6.57671
6.43648
6.31256
6.18054
6.03999
5.93414
5.79696
5.67214
5.53327
5.38421
5.27578
5.1503
5.02109
4.89513
4.73561
4.6351
4.48829
4.35639
4.23909
4.0967
3.97588
3.83836
3.71761
3.57294
3.46178
3.33128
3.1927
3.06671
2.92877
2.79515
2.66186
2.53725
2.40826
2.27185
2.14082
2.03219
1.8928
1.7479
1.63751
1.48976
1.35255
1.23243
1.11247
0.976498
0.845435
0.716419
0.585237
0.455463
0.325935
0.1958
0.0651679
16.2315
15.7983
15.196
14.8396
14.2175
14.0037
13.6359
13.154
13.1148
12.5851
12.3336
12.2223
11.7597
11.576
11.4893
11.1782
11.0553
10.9731
10.7457
10.416
10.3847
10.1656
10.0743
9.99047
9.76763
9.53436
9.49539
9.40046
9.24255
9.13095
8.99593
8.85537
8.72675
8.61835
8.48307
8.33265
8.22231
8.08699
7.97972
7.84738
7.71239
7.58447
7.46859
7.34207
7.20995
7.0822
6.95553
6.82332
6.7004
6.57227
6.45549
6.30541
6.17853
6.0443
5.92771
5.79683
5.66806
5.52733
5.41577
5.25891
5.13758
5.02316
4.87831
4.7489
4.61223
4.49145
4.37013
4.22073
4.12141
3.97439
3.85775
3.7036
3.58249
3.44626
3.3386
3.18375
3.07634
2.92704
2.78707
2.67793
2.54811
2.39687
2.26681
2.1468
2.02816
1.89032
1.74792
1.61215
1.49373
1.37973
1.23749
1.11578
0.979591
0.846863
0.716078
0.58558
0.454768
0.326354
0.194407
0.0648828
16.3579
15.674
15.3067
14.9218
14.38
14.0103
13.7013
13.4503
13.0164
12.6667
12.2984
12.0954
11.877
11.5604
11.4026
11.2901
11.0539
10.8116
10.6401
10.4452
10.4374
10.2168
10.1677
9.83896
9.78542
9.63213
9.56453
9.3392
9.25206
9.1098
8.98433
8.85626
8.72236
8.59899
8.45811
8.33778
8.22053
8.10104
7.97538
7.83748
7.71566
7.5741
7.45665
7.33348
7.20017
7.08269
6.95836
6.82945
6.71573
6.57936
6.4474
6.30058
6.17789
6.04669
5.92887
5.77929
5.66099
5.53417
5.40684
5.26439
5.1316
5.00965
4.87148
4.76113
4.63702
4.4897
4.36771
4.25293
4.10484
3.98485
3.84751
3.71874
3.586
3.42297
3.32414
3.20703
3.06576
2.93006
2.8112
2.67349
2.52214
2.40684
2.28278
2.15836
2.01583
1.89402
1.74183
1.61707
1.49804
1.37531
1.24168
1.10412
0.97806
0.846649
0.717306
0.586492
0.456933
0.325318
0.194638
0.0651392
16.3355
15.73
15.2115
14.8794
14.3201
14.2432
13.6448
13.4005
12.9601
12.5979
12.6006
11.9862
12.0128
11.734
11.5347
11.2004
10.9173
10.9433
10.4773
10.4014
10.2354
10.1541
10.0665
9.88668
9.78093
9.581
9.52879
9.32484
9.22135
9.09683
8.98071
8.85092
8.72845
8.5941
8.48266
8.34514
8.23522
8.1033
7.96902
7.83672
7.70553
7.58474
7.46922
7.33472
7.22356
7.07273
6.94299
6.82282
6.69839
6.56686
6.45097
6.31905
6.17725
6.04832
5.93905
5.79668
5.68064
5.55144
5.39193
5.27221
5.1528
5.01329
4.89235
4.7467
4.63026
4.50996
4.3597
4.24685
4.1054
3.97338
3.83909
3.71557
3.57761
3.44571
3.32303
3.20056
3.0656
2.93008
2.82353
2.66741
2.54475
2.42034
2.28146
2.14653
2.01768
1.89113
1.75025
1.6397
1.50728
1.35944
1.24
1.10822
0.973144
0.846968
0.715361
0.587308
0.453433
0.325369
0.194012
0.0651893
16.3247
15.8887
15.196
15.002
14.5309
14.1582
13.5806
13.5003
12.9729
12.5238
12.3782
12.2502
11.9926
11.6714
11.4905
11.334
11.0259
10.8216
10.6463
10.5539
10.4447
10.3256
10.065
9.93463
9.71473
9.57661
9.52136
9.37018
9.23004
9.10776
8.98095
8.83748
8.73796
8.59205
8.46109
8.33404
8.2209
8.08051
7.96492
7.84114
7.71568
7.58337
7.46643
7.33409
7.19505
7.08293
6.9458
6.82037
6.70988
6.5758
6.43545
6.30126
6.18728
6.0568
5.91097
5.78868
5.64768
5.53233
5.38973
5.2776
5.14134
5.01241
4.87269
4.76077
4.63671
4.48585
4.3512
4.23173
4.10927
3.95289
3.84567
3.71862
3.5854
3.46727
3.30683
3.18498
3.06695
2.94355
2.78002
2.66472
2.54767
2.40528
2.2889
2.14535
2.02289
1.89114
1.76332
1.63293
1.49797
1.3482
1.24268
1.10766
0.977397
0.846379
0.716081
0.585569
0.457557
0.326392
0.194534
0.065218
16.4832
15.8126
15.4496
14.7586
14.6375
13.9661
13.6915
13.4001
12.7436
12.6956
12.4349
11.9596
11.8665
11.6291
11.5063
11.1657
11.0868
10.7841
10.6799
10.4649
10.3736
10.1366
10.0537
10.0744
9.86222
9.64847
9.52055
9.33329
9.21745
9.08758
8.98636
8.82349
8.71713
8.59824
8.45372
8.34979
8.20868
8.07753
7.95779
7.8189
7.72243
7.59502
7.45932
7.33295
7.1885
7.06574
6.94016
6.81512
6.69654
6.55934
6.41886
6.31238
6.17116
6.04796
5.91944
5.78917
5.65968
5.52275
5.39633
5.28006
5.14786
5.01768
4.89051
4.76121
4.62314
4.5064
4.37061
4.22956
4.11376
3.97493
3.84722
3.72038
3.58189
3.44795
3.33768
3.19661
3.05942
2.93464
2.78777
2.6793
2.53711
2.40568
2.29603
2.15787
2.02204
1.89116
1.76127
1.63926
1.4835
1.39298
1.22696
1.11093
0.972683
0.847449
0.716712
0.586245
0.455841
0.325371
0.196796
0.0650264
16.2611
15.9257
15.2664
14.9026
14.4469
14.0322
13.6158
13.3448
13.0545
12.7113
12.432
12.12
11.8781
11.7535
11.6462
11.078
10.9934
10.8953
10.7875
10.6106
10.3239
10.1101
10.0569
9.91258
9.83573
9.59165
9.45772
9.35467
9.23403
9.08649
8.95844
8.82568
8.70947
8.5975
8.47058
8.34073
8.20198
8.08928
7.96757
7.83103
7.69359
7.57542
7.46264
7.32361
7.21084
7.08388
6.93466
6.83006
6.67151
6.56146
6.42334
6.30433
6.16761
6.04696
5.927
5.79894
5.66647
5.5362
5.41089
5.28412
5.15402
4.99882
4.89446
4.74092
4.62974
4.48887
4.35115
4.23311
4.11968
3.9735
3.86234
3.72004
3.58564
3.45587
3.31382
3.18205
3.06858
2.93585
2.818
2.67686
2.532
2.41147
2.27119
2.15889
2.01635
1.88898
1.76176
1.61673
1.49943
1.35785
1.22927
1.09418
0.979022
0.84693
0.714249
0.586424
0.457405
0.325153
0.19465
0.0651079
16.3613
15.9144
15.4872
14.9707
14.5075
14.1185
13.7979
13.2901
13.1743
12.8059
12.3215
12.0617
11.9223
11.5683
11.3087
11.1654
10.9308
10.8263
10.5576
10.4602
10.1052
10.1621
9.96041
9.76914
9.66257
9.59768
9.47485
9.3391
9.19748
9.09959
8.96054
8.82274
8.71033
8.58108
8.43686
8.33682
8.19818
8.07303
7.94232
7.83435
7.71722
7.57904
7.45565
7.31584
7.21316
7.07152
6.9602
6.81081
6.68018
6.57914
6.43138
6.30285
6.17542
6.04142
5.91842
5.77849
5.65963
5.52293
5.40088
5.26351
5.15062
5.00343
4.89336
4.75949
4.61407
4.49103
4.35973
4.22616
4.09795
3.97684
3.86079
3.71662
3.58212
3.44297
3.32731
3.18353
3.05117
2.93239
2.79799
2.66096
2.54636
2.40263
2.27736
2.15137
2.00707
1.8772
1.74843
1.63411
1.5083
1.35644
1.24182
1.09893
0.979919
0.847304
0.716155
0.586566
0.457977
0.325932
0.195032
0.0651724
16.26
15.7336
15.0134
14.9377
14.4045
13.9999
13.6158
13.2764
13.0174
12.6195
12.32
11.9614
11.9576
11.5819
11.5006
11.1447
10.8997
10.7644
10.6372
10.5478
10.3136
10.1389
10.0574
9.85396
9.74138
9.56439
9.47044
9.30272
9.21777
9.0706
8.95866
8.82716
8.70122
8.57918
8.44338
8.33925
8.2247
8.08109
7.94569
7.84186
7.70145
7.56263
7.45696
7.32666
7.20924
7.071
6.96311
6.81921
6.70594
6.58173
6.44081
6.3039
6.16576
6.04638
5.92037
5.77813
5.66652
5.55535
5.40676
5.26756
5.14014
5.02633
4.87408
4.74752
4.63434
4.49356
4.36396
4.24504
4.10224
3.94843
3.82801
3.70868
3.58835
3.44362
3.31842
3.20869
3.06996
2.9408
2.79801
2.6746
2.53124
2.41179
2.27902
2.16114
2.00045
1.8777
1.77008
1.647
1.49893
1.38668
1.2496
1.10577
0.97623
0.846353
0.71752
0.584617
0.456467
0.325306
0.195689
0.0652296
16.4197
15.9002
15.3854
14.8177
14.4959
14.086
13.6674
13.1422
12.8948
12.588
12.3271
12.0239
11.6729
11.6828
11.2532
11.2508
10.8858
10.9093
10.6283
10.3979
10.3284
10.099
9.90707
9.82735
9.7583
9.51374
9.39776
9.32911
9.20264
9.0646
8.94972
8.81819
8.67785
8.56957
8.46751
8.33721
8.19117
8.08662
7.95823
7.83767
7.70842
7.57099
7.44353
7.31765
7.17669
7.06346
6.9409
6.829
6.69612
6.54701
6.43108
6.30959
6.19405
6.04755
5.93311
5.7921
5.64351
5.54981
5.41286
5.28019
5.15549
5.01615
4.87729
4.75189
4.6262
4.49461
4.37612
4.22739
4.10695
3.98221
3.86088
3.72161
3.59295
3.45123
3.32782
3.17545
3.05553
2.9296
2.79988
2.68301
2.53745
2.40878
2.27497
2.15295
1.99609
1.86817
1.75989
1.62713
1.48354
1.3597
1.24114
1.10635
0.978581
0.847789
0.716763
0.585556
0.45566
0.324861
0.196561
0.0650254
16.3376
15.9183
15.3966
14.8271
14.4309
13.9419
13.6913
13.3017
13.0231
12.366
12.16
11.9573
11.8638
11.6194
11.3904
11.0757
11.0131
10.9603
10.6082
10.448
10.2985
10.1907
9.88245
9.91745
9.77923
9.71538
9.45554
9.32205
9.17484
9.07867
8.94017
8.8114
8.68443
8.58951
8.44311
8.32276
8.18477
8.09307
7.9554
7.83606
7.69453
7.59223
7.45619
7.31558
7.20308
7.06877
6.95834
6.82584
6.67576
6.55303
6.44431
6.28956
6.18025
6.05538
5.91285
5.78257
5.67856
5.53027
5.40067
5.26785
5.12957
5.01141
4.87996
4.75789
4.62308
4.49643
4.35685
4.23186
4.11172
3.97876
3.85594
3.7163
3.59105
3.46902
3.3105
3.20488
3.07439
2.92222
2.79805
2.66929
2.55357
2.40654
2.28227
2.14076
2.01467
1.88088
1.76115
1.61438
1.50832
1.37173
1.23925
1.11099
0.977336
0.846266
0.71797
0.587559
0.455437
0.324635
0.194608
0.0649853
16.2092
15.8979
15.2188
14.9968
14.494
13.8502
13.6051
13.2516
12.7691
12.5572
12.4483
12.1088
11.9548
11.572
11.1794
11.1881
10.8679
10.6802
10.5329
10.4414
10.2936
10.168
9.83607
9.8274
9.7124
9.53184
9.4753
9.3403
9.16703
9.06667
8.95616
8.82171
8.6949
8.57198
8.42822
8.33134
8.19222
8.08265
7.93647
7.82872
7.70307
7.57222
7.45542
7.32631
7.20679
7.07576
6.95255
6.81191
6.69946
6.58121
6.43015
6.31028
6.16803
6.04408
5.92378
5.80302
5.67883
5.54327
5.41306
5.27765
5.14414
5.01956
4.88772
4.75179
4.62003
4.49479
4.36215
4.2268
4.10122
3.96923
3.83736
3.73312
3.58349
3.45168
3.32919
3.18029
3.05509
2.93399
2.8088
2.67999
2.54571
2.4204
2.28359
2.13532
2.01354
1.8769
1.75187
1.63415
1.4958
1.37889
1.24449
1.10637
0.978145
0.847755
0.716935
0.584328
0.454155
0.325902
0.195651
0.065113
16.3128
16.0206
15.0414
14.8797
14.4453
13.8476
13.5358
13.2494
12.855
12.4932
12.2338
11.9798
11.58
11.351
11.2622
11.2979
10.9417
10.7903
10.3973
10.3328
10.3964
10.0824
9.82302
9.77795
9.64233
9.55893
9.41215
9.28701
9.18085
9.05251
8.92984
8.80335
8.67503
8.55424
8.44349
8.30586
8.18974
8.07427
7.93521
7.83269
7.7043
7.58155
7.44834
7.31997
7.19181
7.06522
6.93771
6.81507
6.67614
6.58356
6.43178
6.31284
6.1764
6.04614
5.92478
5.79538
5.66181
5.52462
5.38964
5.27256
5.13991
4.99595
4.88502
4.74532
4.62315
4.49285
4.36106
4.21933
4.10915
3.96099
3.82067
3.72378
3.57797
3.4654
3.31947
3.1688
3.06048
2.93779
2.8124
2.68074
2.53828
2.4068
2.27797
2.13582
2.01356
1.88522
1.76365
1.62715
1.49597
1.34763
1.22904
1.11101
0.977747
0.846256
0.715676
0.586991
0.457183
0.325577
0.194186
0.065144
16.1871
15.6657
15.3138
14.7495
14.4614
13.9512
13.6219
13.1299
12.839
12.4114
12.2062
12.1657
11.5371
11.5953
11.2964
11.1171
10.9695
10.7829
10.592
10.3916
10.2326
10.1231
9.89275
9.7596
9.69241
9.55029
9.39775
9.25071
9.15408
9.04214
8.91534
8.78881
8.67608
8.5605
8.4281
8.32821
8.1859
8.07773
7.94876
7.82461
7.70881
7.58726
7.47209
7.30307
7.20329
7.06886
6.95366
6.81836
6.68156
6.57117
6.42392
6.31985
6.1673
6.03682
5.93452
5.80199
5.66485
5.53637
5.39134
5.26885
5.13434
5.02691
4.87794
4.75448
4.61473
4.50263
4.37328
4.24052
4.08381
3.96443
3.82888
3.71068
3.58667
3.44599
3.32322
3.19068
3.06292
2.92069
2.80275
2.66824
2.53598
2.40696
2.28242
2.14841
2.01804
1.90326
1.7564
1.60748
1.49773
1.3845
1.23789
1.09875
0.978601
0.846294
0.715598
0.585882
0.457479
0.325049
0.194567
0.0651056
16.1954
15.7546
15.2531
14.7379
14.3686
13.8947
13.3508
13.1032
12.8368
12.2865
12.1835
11.8848
11.5905
11.4355
11.1412
11.0925
10.8432
10.7233
10.4373
10.3651
10.1188
9.97325
9.92358
9.7039
9.65547
9.528
9.4186
9.2525
9.1377
9.03513
8.91068
8.79864
8.67814
8.55903
8.44152
8.32364
8.18086
8.0681
7.94559
7.81216
7.69309
7.57407
7.44981
7.33927
7.18858
7.06379
6.94086
6.82327
6.70132
6.54904
6.41881
6.30324
6.18146
6.04538
5.92734
5.78991
5.66337
5.52358
5.39183
5.27476
5.14445
5.02671
4.8798
4.73363
4.62931
4.48745
4.36924
4.23845
4.10429
3.96485
3.84105
3.71578
3.57611
3.44993
3.31915
3.19256
3.05819
2.95762
2.78715
2.65784
2.53957
2.40916
2.27358
2.13719
2.01554
1.90765
1.75771
1.63417
1.49461
1.34915
1.22906
1.09457
0.975167
0.845829
0.716487
0.584698
0.45644
0.325689
0.194956
0.0652136
16.3647
15.706
15.093
14.638
14.4066
13.7069
13.4988
13.0032
12.5765
12.4475
12.0434
11.8468
11.5262
11.2698
11.201
10.9589
10.9468
10.6528
10.5561
10.4148
10.2044
9.99045
9.87637
9.8176
9.57085
9.43214
9.36583
9.24991
9.14748
9.03037
8.91514
8.78732
8.66881
8.55799
8.42167
8.29726
8.19511
8.05439
7.93893
7.82472
7.69142
7.57519
7.45792
7.32731
7.20283
7.09378
6.93808
6.8091
6.6928
6.56555
6.41831
6.31158
6.18879
6.0552
5.92353
5.79498
5.6595
5.51523
5.39689
5.27967
5.13978
5.01313
4.88174
4.7325
4.6277
4.48216
4.36021
4.23331
4.10525
3.96898
3.84694
3.71971
3.60231
3.45353
3.3203
3.19565
3.05195
2.92022
2.78368
2.67058
2.53384
2.40788
2.27226
2.15546
2.00611
1.88589
1.76046
1.61975
1.50836
1.38451
1.24452
1.10478
0.979259
0.846765
0.716577
0.586707
0.456145
0.323834
0.195357
0.0650856
16.2119
15.7396
15.1021
14.6956
14.2392
13.7416
13.4945
13.0606
12.5578
12.3762
12.0907
11.852
11.6976
11.5136
11.2085
10.8715
10.6899
10.7181
10.4745
10.2646
10.0529
9.95521
9.92788
9.75294
9.60927
9.52202
9.38676
9.25215
9.13586
9.01998
8.88608
8.79682
8.6714
8.54472
8.45145
8.31815
8.19035
8.04837
7.94687
7.81837
7.69966
7.57074
7.44193
7.33362
7.20094
7.0698
6.95022
6.80691
6.68553
6.57843
6.41298
6.33538
6.17575
6.07165
5.91586
5.78619
5.677
5.53304
5.40575
5.29575
5.14974
5.03212
4.87964
4.75511
4.63303
4.48135
4.35897
4.22272
4.10158
3.95109
3.83738
3.71763
3.58024
3.42392
3.31941
3.18284
3.0633
2.92902
2.7944
2.64637
2.53961
2.41775
2.27277
2.15548
2.02939
1.87128
1.76163
1.63584
1.49731
1.34916
1.24642
1.12393
0.982615
0.846882
0.715937
0.585128
0.456922
0.324954
0.195634
0.0650606
16.2321
15.402
15.0901
14.4993
14.1846
13.8242
13.4146
12.8691
12.5114
12.304
11.8322
11.6499
11.6092
11.2238
11.1917
10.981
10.6208
10.5672
10.3496
10.2518
10.2218
10.061
9.89311
9.75711
9.53887
9.48066
9.33501
9.2367
9.11436
9.00959
8.89032
8.77404
8.65707
8.5515
8.43057
8.30497
8.1868
8.05805
7.93368
7.82235
7.71827
7.57465
7.46084
7.33057
7.19584
7.09052
6.92912
6.81654
6.70568
6.56298
6.44241
6.31181
6.1727
6.03938
5.90784
5.79589
5.66995
5.52532
5.39107
5.27017
5.14537
5.00971
4.87018
4.74816
4.61555
4.49232
4.35485
4.24435
4.10519
3.9845
3.85519
3.72683
3.57546
3.44474
3.31577
3.21006
3.06603
2.94286
2.80641
2.66895
2.53727
2.41929
2.28218
2.15835
2.02307
1.8932
1.76716
1.62891
1.50838
1.39013
1.2407
1.10339
0.976146
0.846571
0.717526
0.586057
0.456483
0.326043
0.19353
0.0651249
15.9463
15.2612
14.9389
14.4716
14.0608
13.4702
13.3022
12.869
12.4776
12.1431
11.8202
11.7401
11.3201
11.1829
10.9342
10.8694
10.8481
10.4179
10.4299
10.1441
10.0595
9.99202
9.77394
9.6787
9.63177
9.5116
9.33262
9.22213
9.11513
9.00468
8.8856
8.77423
8.65117
8.54092
8.41603
8.29814
8.18833
8.05782
7.9332
7.81526
7.69026
7.58948
7.45579
7.31923
7.18894
7.08187
6.94942
6.79804
6.69
6.57806
6.44756
6.31482
6.18445
6.04074
5.91849
5.79599
5.65423
5.52328
5.40221
5.28179
5.13367
5.00326
4.88352
4.75508
4.62511
4.48957
4.36406
4.23937
4.11044
3.98057
3.85048
3.70653
3.59314
3.44704
3.32513
3.18553
3.07857
2.91786
2.79178
2.65966
2.53611
2.39098
2.2882
2.16451
2.01507
1.8936
1.75709
1.63586
1.48942
1.36534
1.24698
1.11023
0.977796
0.845649
0.717565
0.586319
0.456367
0.325398
0.19617
0.0651466
15.9455
15.3417
14.8864
14.2823
14.1752
13.3235
13.197
12.6711
12.5809
12.1676
12.0468
11.4809
11.3952
11.1841
10.9297
10.7426
10.7318
10.4619
10.2286
10.1658
9.96834
10.0204
9.72882
9.64173
9.65144
9.48266
9.34588
9.21305
9.12115
9.00478
8.87834
8.76367
8.65615
8.53906
8.42223
8.29756
8.18651
8.06798
7.95711
7.83342
7.70106
7.57387
7.43652
7.31388
7.2056
7.0706
6.95758
6.80939
6.69008
6.56834
6.44232
6.30692
6.17191
6.05096
5.9113
5.7915
5.66053
5.53194
5.40186
5.27031
5.14297
5.00575
4.88647
4.74035
4.62821
4.51043
4.35226
4.2311
4.10788
3.98457
3.85071
3.7076
3.59639
3.46381
3.32844
3.18925
3.06812
2.92768
2.78821
2.67741
2.53731
2.40693
2.28187
2.15439
2.01867
1.88648
1.75775
1.62372
1.49033
1.35977
1.22908
1.10741
0.97291
0.846612
0.717023
0.587364
0.458718
0.323098
0.195828
0.0652121
10.2199
10.2074
10.1625
10.2936
10.425
10.5253
10.866
10.9375
10.8429
11.0032
11.1942
11.4091
11.2505
11.2397
11.112
11.1477
11.0136
10.8496
10.8193
10.7598
10.6475
10.5674
10.4003
10.1489
10.1461
9.98174
9.78012
9.60129
9.58554
9.36779
9.2377
9.07294
8.93257
8.8011
8.63567
8.50349
8.36501
8.21526
8.08498
7.95294
7.79238
7.66899
7.52814
7.41402
7.25614
7.11389
6.9865
6.86658
6.72702
6.60179
6.46169
6.32901
6.20854
6.06928
5.94003
5.7753
5.65863
5.54762
5.40387
5.2715
5.14334
5.01632
4.87954
4.75438
4.63769
4.49227
4.35817
4.24329
4.09363
3.9721
3.82848
3.68352
3.57999
3.4383
3.32478
3.1852
3.0624
2.91423
2.80167
2.66723
2.54858
2.39173
2.26555
2.16326
2.00874
1.89733
1.74534
1.62566
1.5022
1.35624
1.24066
1.11983
0.979993
0.846552
0.716121
0.583557
0.45497
0.325069
0.194603
0.064999
10.0789
10.0665
10.1186
10.2835
10.4164
10.7461
10.6921
10.7701
10.8181
10.7957
11.074
11.1092
11.232
11.2041
11.1471
11.1879
10.7044
10.9761
10.7517
10.7179
10.7441
10.5017
10.3594
10.136
10.2123
9.91002
9.83894
9.55921
9.56676
9.37497
9.20524
9.07868
8.92724
8.78722
8.63295
8.49206
8.36062
8.21753
8.10594
7.94552
7.80539
7.66588
7.53646
7.39229
7.26025
7.11852
6.99635
6.85643
6.7207
6.58693
6.46761
6.33089
6.20021
6.07233
5.93964
5.7957
5.68346
5.53148
5.4008
5.27431
5.14249
5.02266
4.87697
4.74675
4.64012
4.50962
4.37546
4.22587
4.11207
3.96884
3.84748
3.70346
3.58456
3.44654
3.31898
3.19431
3.05923
2.92965
2.77855
2.67704
2.52352
2.38751
2.2607
2.1517
2.00287
1.89704
1.76281
1.62435
1.48895
1.37385
1.22855
1.1137
0.982501
0.846679
0.716081
0.584884
0.454079
0.325083
0.194459
0.0649919
9.95218
10.0342
10.2138
10.2697
10.4315
10.4668
10.568
10.7728
10.686
10.8647
11.2536
11.154
11.0944
11.0003
11.086
10.9123
11.0233
10.9729
10.6553
10.7612
10.4586
10.4111
10.1896
10.3031
10.0482
9.83543
9.91696
9.66971
9.49732
9.38796
9.22652
9.07246
8.93087
8.77521
8.66066
8.50764
8.35816
8.21025
8.08116
7.94422
7.8096
7.67949
7.52311
7.40344
7.26856
7.13993
6.98762
6.86327
6.73878
6.5827
6.44354
6.33271
6.19884
6.0569
5.92924
5.79135
5.67402
5.53403
5.39477
5.27444
5.15305
5.01358
4.88897
4.74154
4.60858
4.49374
4.36588
4.2119
4.09984
4.00545
3.84046
3.72632
3.58717
3.45429
3.32614
3.16932
3.0605
2.93263
2.78705
2.65836
2.5423
2.40942
2.27618
2.15172
2.00824
1.86419
1.77249
1.63061
1.4948
1.35687
1.25222
1.09763
0.968129
0.845564
0.716116
0.586818
0.456269
0.326995
0.195145
0.0649011
10.1815
10.0548
10.0789
10.2692
10.349
10.6061
10.6421
10.6197
10.7614
10.9539
11.0366
11.2078
10.9609
10.9215
11.1895
10.9662
10.744
11.0118
10.837
10.6721
10.4406
10.4555
10.395
10.2265
10.1791
9.9634
9.74194
9.65074
9.46293
9.36985
9.23285
9.07688
8.93824
8.77495
8.63267
8.4845
8.35996
8.23973
8.07629
7.94014
7.78511
7.67123
7.53755
7.38988
7.26386
7.11748
7.00026
6.86536
6.72126
6.57498
6.46444
6.32343
6.18692
6.06748
5.9511
5.81711
5.66502
5.54684
5.42969
5.27554
5.15934
5.01542
4.88899
4.77848
4.61124
4.49291
4.36746
4.23717
4.08744
3.96917
3.84653
3.69609
3.61485
3.44997
3.31837
3.18789
3.07611
2.9286
2.80098
2.68553
2.53809
2.40795
2.27496
2.15173
2.04941
1.88534
1.73896
1.63313
1.50383
1.35677
1.22042
1.11493
0.978416
0.84776
0.714882
0.585136
0.454215
0.326706
0.195524
0.065059
9.92902
10.112
10.027
10.27
10.2559
10.5446
10.5455
10.605
10.9536
10.7626
10.9976
11.1147
11.0671
10.9545
10.7657
11.0743
11.0473
10.9846
10.9176
10.6998
10.5817
10.4662
10.2646
10.0702
9.9926
9.8823
9.69977
9.58794
9.42844
9.36686
9.20782
9.07001
8.91797
8.77983
8.64013
8.49021
8.34557
8.20415
8.08506
7.93626
7.81348
7.67402
7.53463
7.39656
7.26526
7.12551
6.99274
6.8578
6.72794
6.60827
6.47234
6.32355
6.18401
6.06104
5.90626
5.79716
5.66033
5.53977
5.39924
5.2687
5.14177
5.00971
4.88374
4.7503
4.64271
4.4943
4.3665
4.23704
4.09336
3.98448
3.83891
3.70796
3.58213
3.44806
3.31716
3.20961
3.05948
2.92784
2.79717
2.66595
2.53595
2.40422
2.2706
2.15174
2.03285
1.90575
1.76035
1.62323
1.49002
1.37272
1.23549
1.11168
0.984699
0.84523
0.71603
0.583679
0.456253
0.326464
0.194542
0.0650767
9.9845
10.0743
10.0858
10.1306
10.24
10.3594
10.506
10.5591
10.7045
10.9106
11.0076
10.9937
10.9593
10.9936
10.9856
10.9079
10.8363
10.9042
10.9356
10.609
10.4809
10.372
10.2099
10.2103
10.1488
9.88722
9.73045
9.58811
9.48877
9.35146
9.18703
9.04211
8.94112
8.76895
8.63382
8.48654
8.3538
8.22102
8.08353
7.9316
7.8216
7.66346
7.53284
7.39838
7.26763
7.12476
7.00494
6.86737
6.71693
6.59476
6.44995
6.33134
6.20529
6.06996
5.92389
5.80876
5.67529
5.54056
5.40875
5.28372
5.13012
5.02592
4.89303
4.74539
4.62983
4.49529
4.34359
4.2356
4.11199
3.97844
3.84749
3.71484
3.58006
3.4676
3.31816
3.19794
3.06265
2.92042
2.8017
2.67342
2.54341
2.41221
2.25939
2.14826
2.014
1.89506
1.77767
1.63899
1.50223
1.36464
1.2407
1.10237
0.967918
0.84682
0.716515
0.58474
0.454536
0.324722
0.195883
0.0648322
10.027
9.94112
10.0167
10.2685
10.2515
10.4727
10.4014
10.8001
10.7924
10.7419
10.846
10.9614
10.959
11.0222
10.8467
11.0371
10.8672
10.7366
10.6698
10.491
10.4657
10.3538
10.3794
10.1494
10.0377
9.86899
9.73681
9.54714
9.49632
9.32388
9.20056
9.06485
8.91667
8.77798
8.63767
8.50555
8.35369
8.21222
8.08039
7.95284
7.80631
7.67018
7.51378
7.38933
7.25748
7.12083
6.99745
6.85202
6.72209
6.59893
6.46137
6.33027
6.19523
6.0488
5.93491
5.80624
5.65421
5.544
5.39934
5.29022
5.15684
5.02007
4.89275
4.76259
4.6237
4.4888
4.37218
4.23602
4.11601
3.96798
3.84335
3.712
3.58352
3.45645
3.31326
3.18689
3.05544
2.9297
2.80008
2.66617
2.54423
2.40144
2.26703
2.14828
2.0152
1.86322
1.74696
1.61691
1.49752
1.37625
1.23454
1.09998
0.978186
0.845327
0.715199
0.587424
0.455204
0.32473
0.195528
0.0650493
9.92998
10.0016
9.97397
10.0715
10.1704
10.5224
10.6014
10.5838
10.7521
10.8059
10.8906
10.9683
10.9784
10.9028
10.9342
10.8939
10.9553
10.85
10.5856
10.7808
10.6173
10.1733
10.233
10.0706
10.0479
9.84682
9.70234
9.52093
9.44197
9.30907
9.20167
9.03213
8.91485
8.76443
8.62985
8.5094
8.36564
8.23134
8.0648
7.93841
7.79571
7.66562
7.53583
7.3996
7.25136
7.13037
6.9961
6.85773
6.72107
6.59409
6.45898
6.3367
6.1896
6.06514
5.93551
5.81431
5.66157
5.52254
5.39909
5.27231
5.15199
4.99575
4.88567
4.76438
4.62317
4.50515
4.35132
4.23074
4.09392
3.96467
3.84791
3.71286
3.6072
3.45773
3.32136
3.18615
3.06592
2.93467
2.80208
2.65976
2.53365
2.40002
2.27696
2.14828
2.01318
1.87712
1.75498
1.62441
1.49004
1.37072
1.2557
1.10179
0.978653
0.8466
0.716263
0.585639
0.456252
0.326548
0.194767
0.0651523
9.95713
10.0169
10.0335
10.1169
10.2093
10.2703
10.4602
10.6595
10.6231
10.7263
10.8413
10.9845
10.6091
10.7658
10.9789
10.8565
10.7032
10.8088
10.5256
10.5694
10.5105
10.4144
10.1902
10.0095
10.0772
9.85856
9.64039
9.66178
9.43359
9.31096
9.19118
9.03805
8.89909
8.77593
8.61748
8.49502
8.35217
8.21233
8.0796
7.94211
7.7914
7.67608
7.52365
7.38101
7.26728
7.11475
6.97793
6.86357
6.72543
6.58437
6.46528
6.32909
6.19401
6.05203
5.92843
5.80113
5.67963
5.5267
5.3982
5.27688
5.14457
5.00159
4.87413
4.76486
4.62537
4.49229
4.37989
4.23872
4.09989
3.9616
3.83602
3.72175
3.57586
3.44248
3.32139
3.19584
3.06622
2.93998
2.80169
2.66077
2.54698
2.41927
2.28111
2.1483
2.0132
1.89515
1.73496
1.62405
1.50055
1.36466
1.24073
1.11967
0.967707
0.846081
0.716747
0.585646
0.456259
0.325994
0.194847
0.064941
9.78231
9.89957
9.89338
10.0468
10.1812
10.2656
10.4374
10.6974
10.6405
10.5339
10.7188
10.9976
10.8587
10.8474
10.8445
10.8791
10.7268
10.6378
10.5613
10.5074
10.4461
10.2518
10.3204
10.147
9.90522
9.82126
9.71807
9.6164
9.39852
9.30278
9.19018
9.02278
8.91729
8.75301
8.62596
8.48565
8.34623
8.19753
8.06541
7.94468
7.78825
7.65865
7.52905
7.40337
7.25272
7.13389
6.99398
6.85674
6.69607
6.58935
6.4576
6.32662
6.18057
6.06565
5.93529
5.80892
5.67445
5.5466
5.40664
5.26803
5.14715
5.01966
4.89838
4.76011
4.63347
4.4998
4.36745
4.24282
4.10435
3.99905
3.84746
3.70674
3.5746
3.42243
3.31874
3.18329
3.05508
2.93367
2.80098
2.67017
2.53499
2.39933
2.27811
2.14951
2.01357
1.89634
1.7604
1.63247
1.50123
1.36427
1.22862
1.10714
0.982039
0.847372
0.716755
0.586959
0.455809
0.325845
0.194382
0.0649239
9.73124
9.84277
9.92619
10.0582
9.9944
10.4153
10.4412
10.4124
10.5373
10.815
10.7801
10.6743
10.8585
10.8005
10.8671
10.6833
10.6852
10.8555
10.66
10.389
10.4808
10.3825
10.1533
10.0617
9.90562
9.73211
9.75627
9.5412
9.42979
9.29789
9.1673
9.03081
8.88527
8.74984
8.63818
8.47993
8.35682
8.21019
8.07254
7.94943
7.80185
7.65776
7.54007
7.3875
7.26334
7.12886
6.99176
6.8581
6.70671
6.59619
6.46306
6.34351
6.18665
6.05517
5.94312
5.8047
5.67746
5.54457
5.40022
5.27413
5.14097
5.02956
4.87589
4.74051
4.62597
4.50438
4.36121
4.22344
4.09498
3.96804
3.84126
3.69903
3.56257
3.45948
3.33649
3.18053
3.06303
2.93369
2.80109
2.67004
2.54176
2.41154
2.3039
2.14628
2.01753
1.89433
1.77909
1.61744
1.48809
1.37637
1.26317
1.1029
0.978319
0.845997
0.716287
0.584802
0.455665
0.326652
0.194947
0.0650749
9.65188
9.71175
9.76387
9.95692
10.1027
10.2252
10.2924
10.4322
10.6097
10.5652
10.8587
10.8226
10.9365
10.907
10.92
10.7225
10.8401
10.6494
10.5576
10.483
10.3049
10.2072
10.2968
10.0382
10.0573
9.92027
9.64948
9.64351
9.44286
9.29492
9.16846
9.03629
8.89104
8.75286
8.61724
8.47594
8.35351
8.22015
8.05658
7.94081
7.82009
7.67138
7.51977
7.41266
7.26762
7.1151
6.98857
6.85014
6.74833
6.58921
6.47091
6.33846
6.20585
6.08951
5.92891
5.81137
5.66745
5.54148
5.4148
5.27859
5.14045
5.02157
4.88525
4.7504
4.62998
4.49401
4.37412
4.2396
4.09515
3.96492
3.83357
3.69978
3.58734
3.46408
3.327
3.18892
3.05416
2.9312
2.80664
2.66074
2.53503
2.41203
2.27977
2.14598
2.03467
1.8891
1.75352
1.62388
1.49753
1.36989
1.23854
1.10847
0.978407
0.84655
0.715785
0.587541
0.455671
0.326592
0.193705
0.0650597
9.47464
9.62287
9.69682
9.88326
10.0281
10.2033
10.3841
10.4582
10.4841
10.5836
10.6023
10.81
10.6763
10.7509
10.7665
10.6113
10.7454
10.456
10.611
10.4869
10.4551
10.2081
10.1847
10.0562
9.97631
9.7564
9.69913
9.53618
9.47003
9.3022
9.17053
9.00649
8.89379
8.77019
8.59529
8.47828
8.3374
8.21004
8.05783
7.92977
7.77599
7.65948
7.53587
7.388
7.25246
7.12366
6.99459
6.86473
6.71742
6.60388
6.45987
6.3237
6.19516
6.07212
5.93734
5.80655
5.68205
5.54039
5.40891
5.26592
5.16579
5.01357
4.8823
4.75888
4.63205
4.49256
4.37195
4.22382
4.09206
3.99126
3.84775
3.71765
3.57143
3.44973
3.34248
3.19583
3.07443
2.93392
2.8007
2.66295
2.54199
2.40784
2.26971
2.15558
2.02889
1.87648
1.75772
1.63545
1.49414
1.37449
1.22232
1.11447
0.980721
0.847316
0.716893
0.587777
0.457091
0.327528
0.197292
0.0649505
9.43638
9.56575
9.64313
9.81161
10.1133
10.3135
10.4989
10.5387
10.6203
10.6504
10.6561
10.8141
10.8384
10.5803
10.8708
10.7345
10.7686
10.5433
10.4686
10.4817
10.3912
10.1621
10.1008
10.0292
9.98622
9.86334
9.63232
9.57455
9.39655
9.27677
9.15723
9.00835
8.86542
8.74014
8.60505
8.45636
8.34347
8.19427
8.06436
7.93357
7.79972
7.65645
7.52513
7.39252
7.24073
7.12572
6.97997
6.84154
6.7269
6.5968
6.46727
6.33685
6.21209
6.06551
5.92017
5.80327
5.67709
5.55941
5.39402
5.27914
5.15043
5.01802
4.88662
4.7443
4.63258
4.51507
4.34999
4.23396
4.10301
3.98094
3.84386
3.70966
3.59433
3.45214
3.32393
3.20808
3.06109
2.92734
2.81125
2.67061
2.53764
2.40183
2.28769
2.15643
2.03257
1.87156
1.75772
1.64291
1.49905
1.3651
1.25812
1.0984
0.966758
0.846512
0.715954
0.587473
0.454664
0.326668
0.197795
0.0649806
9.31924
9.46191
9.61105
9.8106
9.94033
10.2142
10.2874
10.4675
10.5902
10.5931
10.8394
10.7669
10.9232
10.7373
10.6097
10.7089
10.5816
10.5709
10.5229
10.4375
10.2416
10.2509
10.2019
9.99056
9.81485
9.69324
9.69505
9.54243
9.43231
9.2835
9.1382
9.01614
8.8891
8.75327
8.58626
8.46629
8.32336
8.20608
8.05785
7.92559
7.81792
7.6726
7.53831
7.38831
7.25116
7.14298
6.97975
6.86266
6.72141
6.59366
6.44983
6.3262
6.17868
6.06757
5.94873
5.79928
5.66161
5.51937
5.40613
5.27637
5.13312
5.01468
4.88313
4.76305
4.63027
4.4844
4.3625
4.2329
4.09978
3.97928
3.84607
3.71476
3.5803
3.43961
3.30352
3.19811
3.03709
2.92815
2.8171
2.67172
2.54314
2.40834
2.28914
2.15643
2.02643
1.87718
1.75774
1.62976
1.50052
1.36162
1.24937
1.10978
0.978129
0.846724
0.715185
0.58537
0.456189
0.325823
0.194888
0.0650146
9.18427
9.34285
9.54131
9.81139
9.99219
10.0985
10.1933
10.339
10.66
10.4955
10.7586
10.7796
10.6975
10.8551
10.6052
10.7899
10.6341
10.5772
10.4974
10.5344
10.4178
10.3175
10.1093
10.0417
9.98955
9.76587
9.64989
9.55361
9.47051
9.29914
9.13732
9.00669
8.86852
8.71912
8.59945
8.4661
8.33953
8.19502
8.05646
7.92409
7.79172
7.66663
7.53682
7.37707
7.24335
7.12623
6.97932
6.85968
6.72255
6.58272
6.47173
6.32455
6.20133
6.08087
5.92518
5.80302
5.66158
5.54425
5.40821
5.26357
5.1421
5.01153
4.87664
4.7538
4.61083
4.49781
4.37371
4.22522
4.08316
3.9754
3.8438
3.69964
3.58642
3.4562
3.32644
3.19524
3.05494
2.92732
2.77782
2.66147
2.55713
2.41828
2.28752
2.15041
2.01541
1.89236
1.75776
1.62194
1.50237
1.38207
1.22283
1.11891
0.978986
0.84526
0.717394
0.586117
0.456686
0.326456
0.197005
0.0651213
9.02753
9.24513
9.44911
9.72871
9.94454
10.0618
10.1275
10.4376
10.5315
10.6616
10.7672
10.8278
10.7748
10.7848
10.5945
10.8267
10.636
10.5167
10.4141
10.3602
10.2709
10.2213
10.0507
10.0892
9.81531
9.7202
9.74835
9.51549
9.42051
9.29616
9.12381
8.99576
8.87708
8.71826
8.5925
8.47404
8.33077
8.18758
8.04987
7.94462
7.79126
7.65801
7.531
7.39821
7.25608
7.13532
6.98381
6.85845
6.72483
6.5955
6.44656
6.33326
6.19029
6.06075
5.91254
5.80732
5.67432
5.52223
5.41843
5.26715
5.15159
5.02513
4.872
4.74068
4.63141
4.49932
4.36207
4.23474
4.1043
3.97444
3.84889
3.71393
3.57719
3.45471
3.32449
3.18266
3.06018
2.92442
2.80525
2.67333
2.52909
2.42273
2.27227
2.14718
2.01541
1.88988
1.75147
1.60848
1.48159
1.36818
1.25135
1.09212
0.978193
0.846406
0.714687
0.585905
0.454856
0.323601
0.195144
0.0651079
8.85254
9.13779
9.36227
9.65377
9.94267
10.1947
10.2313
10.5684
10.4699
10.7353
10.6908
10.7139
10.8174
10.8619
10.9092
10.7396
10.5549
10.7435
10.6335
10.3828
10.4782
10.337
10.1384
10.0049
9.89267
9.80843
9.57057
9.49994
9.39659
9.27585
9.12417
9.00715
8.86202
8.73944
8.59729
8.45755
8.32508
8.19528
8.06878
7.91139
7.79455
7.65238
7.50619
7.40076
7.23838
7.11809
6.99698
6.86001
6.70581
6.5991
6.45775
6.34329
6.19409
6.06671
5.94567
5.79733
5.67318
5.55507
5.39576
5.2808
5.15354
5.00707
4.87756
4.76456
4.6269
4.49548
4.35978
4.23166
4.11139
3.97637
3.85097
3.71194
3.58494
3.46106
3.32502
3.17938
3.06041
2.93641
2.78607
2.67887
2.54966
2.40994
2.28123
2.14509
2.01052
1.88281
1.7643
1.61826
1.48649
1.36411
1.2602
1.11048
0.982969
0.846447
0.716709
0.5854
0.456018
0.324754
0.195989
0.0649461
8.68441
8.99529
9.30997
9.59433
9.83386
10.0353
10.3046
10.5378
10.5151
10.7961
10.8463
10.8341
10.8805
10.6785
10.5775
10.9117
10.4909
10.6848
10.4504
10.3699
10.4074
10.0091
10.2078
10.0964
9.92566
9.72527
9.61409
9.42326
9.3856
9.26356
9.14004
8.99842
8.87418
8.72638
8.59215
8.4585
8.33028
8.18993
8.05773
7.92336
7.79001
7.6558
7.53188
7.39484
7.25878
7.12601
6.9867
6.84927
6.7331
6.59921
6.46098
6.33066
6.19452
6.07567
5.9399
5.78792
5.67437
5.54058
5.40415
5.27269
5.14475
5.02148
4.89163
4.76117
4.62505
4.50051
4.36054
4.23064
4.11779
3.97291
3.85113
3.71011
3.59363
3.4512
3.32715
3.18066
3.06953
2.9445
2.81165
2.64675
2.53034
2.40644
2.27698
2.14449
2.00199
1.90138
1.765
1.63969
1.50965
1.36079
1.22198
1.10391
0.964294
0.847448
0.715959
0.585003
0.453946
0.324178
0.195349
0.0650926
8.49897
8.87152
9.21427
9.53865
9.81622
10.1969
10.3532
10.4211
10.5365
10.625
10.6485
10.7963
10.7817
10.7759
10.9505
10.7268
10.6839
10.6201
10.5673
10.4224
10.3605
10.2368
10.1876
10.0667
9.79812
9.78536
9.56471
9.49535
9.39002
9.24188
9.10809
8.98084
8.84753
8.72514
8.59107
8.45886
8.31649
8.18451
8.05944
7.91688
7.78027
7.67177
7.52349
7.37721
7.25087
7.12154
6.99292
6.86058
6.71923
6.58874
6.4608
6.32436
6.20948
6.08064
5.93426
5.80031
5.67464
5.55138
5.41023
5.27901
5.16083
5.01796
4.87563
4.77625
4.62687
4.49121
4.35701
4.23051
4.11356
3.97353
3.84346
3.71
3.58992
3.44953
3.32497
3.17503
3.05768
2.93031
2.78174
2.68316
2.55255
2.42093
2.26517
2.14502
2.01268
1.90208
1.76723
1.63938
1.51778
1.3821
1.23272
1.09509
0.978383
0.847566
0.714731
0.584928
0.455547
0.324796
0.195663
0.065073
8.27471
8.73144
9.12431
9.64414
9.72351
10.0531
10.3742
10.5409
10.6657
10.8045
10.7562
10.8455
10.9537
10.742
10.7668
10.8277
10.6109
10.6271
10.4774
10.4078
10.4233
10.2719
10.1198
10.1242
9.847
9.80658
9.52503
9.47084
9.38723
9.24642
9.12895
8.97466
8.8601
8.73162
8.58228
8.45208
8.32495
8.18349
8.07443
7.92609
7.78704
7.64829
7.51982
7.37666
7.26099
7.11305
6.99296
6.83784
6.72747
6.57224
6.45779
6.32492
6.19668
6.07041
5.95317
5.7954
5.68065
5.54516
5.40446
5.26796
5.14823
5.00855
4.88274
4.73721
4.62687
4.51402
4.35722
4.23022
4.11381
3.96369
3.84225
3.71148
3.59604
3.44587
3.31901
3.19709
3.05111
2.91786
2.80041
2.66597
2.53581
2.40792
2.27261
2.13374
2.01083
1.89579
1.75545
1.6276
1.47901
1.37932
1.25394
1.11492
0.978668
0.845796
0.717537
0.585164
0.456276
0.326057
0.195155
0.0650052
8.02273
8.59123
9.04742
9.61151
9.865
10.117
10.3262
10.4168
10.646
10.7631
10.7649
10.972
10.9394
10.841
10.7303
10.7279
10.7081
10.6858
10.465
10.457
10.2677
10.072
10.0976
10.0719
9.88922
9.68186
9.63926
9.47399
9.39667
9.25469
9.10188
8.97376
8.85969
8.7282
8.59517
8.44064
8.31771
8.19148
8.03805
7.93814
7.78739
7.6709
7.51231
7.3764
7.24438
7.11851
6.98541
6.84885
6.70592
6.58993
6.43477
6.3345
6.19437
6.06741
5.94761
5.81033
5.66248
5.54654
5.39649
5.27553
5.16123
5.00904
4.88432
4.76858
4.61866
4.51402
4.36493
4.23479
4.09477
3.96687
3.84664
3.70734
3.57356
3.46122
3.3299
3.17603
3.06512
2.92426
2.799
2.68154
2.53891
2.39325
2.29191
2.1526
2.01354
1.89581
1.75546
1.62941
1.48663
1.34673
1.22722
1.10611
0.97805
0.846755
0.717259
0.586523
0.457854
0.325292
0.195473
0.0649484
7.72557
8.42287
9.0052
9.47933
9.80323
10.0797
10.5465
10.5758
10.6991
10.9381
10.8776
10.7906
10.8605
10.914
10.7972
10.7941
10.7843
10.4961
10.6341
10.5169
10.308
10.1969
10.1167
9.9638
9.916
9.65831
9.64496
9.45367
9.36986
9.26292
9.10007
8.97544
8.84968
8.73088
8.57985
8.45033
8.31541
8.17753
8.04931
7.90671
7.78418
7.6452
7.51598
7.38464
7.24278
7.14027
6.97603
6.83541
6.72053
6.58698
6.46743
6.3276
6.18853
6.06188
5.9395
5.81564
5.67222
5.54934
5.40063
5.27606
5.14917
5.00953
4.89814
4.78057
4.63111
4.48062
4.35612
4.23006
4.10308
3.97451
3.84443
3.70692
3.58049
3.45777
3.30713
3.19161
3.05604
2.93089
2.79827
2.6696
2.54519
2.4128
2.27583
2.1526
2.00153
1.89221
1.75258
1.62977
1.50465
1.36529
1.23633
1.10814
0.984681
0.846605
0.717669
0.585771
0.456761
0.326758
0.194671
0.0650607
7.4316
8.30159
8.9608
9.59508
9.97513
10.1087
10.4223
10.6389
10.8146
10.7075
10.8139
10.9199
11.0891
10.8788
10.7596
10.6751
10.6371
10.5259
10.3752
10.518
10.3233
10.1809
10.2108
10.0645
9.92208
9.7356
9.72517
9.46321
9.39666
9.23697
9.09784
8.97072
8.8468
8.72125
8.57942
8.44912
8.31324
8.18236
8.03746
7.90901
7.7842
7.64916
7.52184
7.36145
7.245
7.10372
6.98387
6.83359
6.71915
6.58039
6.45456
6.33218
6.20088
6.05759
5.91897
5.79063
5.65576
5.52687
5.39066
5.29164
5.15469
5.01743
4.88706
4.76448
4.61745
4.48061
4.36367
4.23336
4.11406
3.96876
3.84463
3.72459
3.58606
3.44404
3.32576
3.19273
3.06411
2.93233
2.78997
2.67049
2.55999
2.404
2.27765
2.1523
2.01129
1.89742
1.7539
1.62842
1.4998
1.37677
1.24609
1.11108
0.963567
0.846905
0.717986
0.584812
0.455206
0.324195
0.195811
0.0652035
7.0771
8.16844
8.91948
9.50234
10.0432
10.259
10.5241
10.7348
10.8839
10.8803
10.8087
10.8035
11.0073
10.8807
10.7668
10.9328
10.6823
10.7709
10.4969
10.4151
10.2552
10.2605
10.1181
9.99913
9.84543
9.82978
9.56892
9.4613
9.40926
9.21929
9.10537
8.97079
8.83871
8.69399
8.57688
8.43461
8.32567
8.16991
8.04226
7.91582
7.78179
7.63409
7.51555
7.38794
7.2594
7.11661
6.98083
6.8446
6.72898
6.5827
6.45678
6.3207
6.17722
6.06653
5.94286
5.8011
5.67377
5.54726
5.40803
5.27621
5.14363
5.01345
4.8967
4.74586
4.6284
4.49028
4.36446
4.21006
4.09193
3.95995
3.83878
3.70805
3.55425
3.4609
3.30943
3.19151
3.06282
2.92872
2.80912
2.67107
2.52224
2.41472
2.28151
2.16772
2.03219
1.89862
1.7539
1.62492
1.49807
1.3633
1.24267
1.10726
0.985059
0.846658
0.716276
0.586998
0.454514
0.3253
0.195312
0.0650353
6.70083
8.09673
8.92061
9.55001
10.0003
10.3718
10.5853
10.6113
10.856
10.8882
10.9514
10.8912
10.7978
10.8144
10.8739
10.79
10.6231
10.6559
10.4666
10.3442
10.4694
10.2394
10.097
9.97703
9.90926
9.69594
9.55072
9.43698
9.36491
9.23756
9.0944
8.98053
8.82279
8.69356
8.58779
8.45125
8.31836
8.16478
8.04453
7.90468
7.7636
7.63881
7.51019
7.3701
7.25103
7.10817
6.99938
6.84809
6.70856
6.58775
6.44779
6.32836
6.19024
6.06004
5.93611
5.80909
5.67907
5.54432
5.41259
5.27436
5.13646
5.01495
4.88584
4.76061
4.63158
4.47731
4.35019
4.24056
4.10512
3.99448
3.86368
3.71251
3.56936
3.44139
3.30707
3.18786
3.04945
2.91509
2.79023
2.66011
2.53624
2.42119
2.26058
2.15453
2.02607
1.89725
1.75452
1.61529
1.4854
1.36751
1.23277
1.11541
0.974665
0.846217
0.715498
0.587344
0.455423
0.32638
0.196546
0.0652391
6.23575
8.04258
8.97758
9.72726
10.089
10.5045
10.5617
10.9587
10.6697
10.7146
11.017
10.9609
10.9646
10.7804
10.9119
10.573
10.5377
10.5574
10.5589
10.3129
10.238
10.0183
10.0863
9.95275
9.89813
9.77441
9.68193
9.4556
9.33175
9.21831
9.09992
8.97538
8.82461
8.7158
8.56712
8.44512
8.30174
8.16363
8.02757
7.90616
7.78109
7.65345
7.50524
7.37742
7.24926
7.11197
6.98541
6.85218
6.70216
6.59291
6.4603
6.3271
6.1812
6.07143
5.93428
5.79963
5.66687
5.5358
5.40766
5.26581
5.14668
5.01974
4.88292
4.75713
4.62385
4.50869
4.35872
4.24301
4.08338
3.971
3.83895
3.70497
3.57701
3.4503
3.3182
3.19046
3.07244
2.92582
2.80841
2.66071
2.53893
2.42063
2.2664
2.14174
2.03627
1.89994
1.75989
1.61701
1.50195
1.3565
1.24854
1.10645
0.977903
0.846791
0.7173
0.585478
0.453996
0.32601
0.194497
0.0652699
5.53996
8.07796
9.09935
9.91704
10.311
10.4731
10.8373
10.9682
11.1175
11.0366
10.9816
10.9346
10.9298
10.8741
10.8273
10.7898
10.6125
10.4673
10.55
10.4988
10.3104
10.2321
10.2543
9.88592
9.84323
9.6834
9.58262
9.41563
9.35208
9.22949
9.10174
8.95345
8.82593
8.7015
8.56196
8.42078
8.29637
8.15846
8.03562
7.89904
7.78157
7.65647
7.51056
7.39122
7.23009
7.0956
6.99777
6.85279
6.71412
6.57595
6.4438
6.33586
6.18347
6.0628
5.94274
5.82045
5.67763
5.5404
5.42375
5.27865
5.14785
5.03167
4.88834
4.76297
4.61592
4.48549
4.3636
4.24301
4.09805
3.96486
3.82978
3.7153
3.57702
3.45848
3.32381
3.20824
3.05897
2.92869
2.8085
2.67743
2.53992
2.41617
2.29355
2.14089
2.03864
1.89996
1.75769
1.63288
1.51454
1.37907
1.22646
1.09673
0.983642
0.846453
0.71836
0.586148
0.456049
0.325652
0.196846
0.0650552
4.23871
8.26607
9.3528
10.13
10.5403
10.6929
10.8067
10.9854
11.0976
11.13
11.0171
10.9674
10.8244
10.991
10.9901
10.7004
10.692
10.7426
10.5524
10.3736
10.4032
10.261
10.0188
10.0745
9.80836
9.77254
9.635
9.4596
9.3083
9.21286
9.08451
8.97396
8.82985
8.69034
8.56652
8.44178
8.29426
8.17014
8.04752
7.89754
7.77293
7.65763
7.50001
7.37473
7.25293
7.12004
6.97233
6.84608
6.72507
6.58687
6.46727
6.31365
6.18777
6.06754
5.91891
5.79725
5.67534
5.54468
5.38943
5.26656
5.15538
5.01295
4.88474
4.75763
4.60716
4.49032
4.36358
4.24052
4.1012
3.97045
3.85787
3.71583
3.58378
3.45265
3.30923
3.2111
3.05369
2.92203
2.79535
2.67509
2.55192
2.40475
2.29891
2.14444
2.03516
1.88693
1.75952
1.62141
1.4962
1.36722
1.23395
1.11296
0.963388
0.847086
0.717496
0.585465
0.456714
0.32616
0.19604
0.0651653
3.73117
8.93441
9.69631
10.3139
10.6602
10.8149
10.9617
10.8864
11.1119
11.0774
11.2371
11.1083
11.0985
11.0165
10.9081
10.7674
10.788
10.7674
10.5047
10.289
10.3274
10.2853
10.011
10.0631
9.84657
9.808
9.53255
9.48421
9.31933
9.2024
9.09846
8.96342
8.81118
8.69483
8.56385
8.43255
8.28609
8.1565
8.03439
7.90402
7.76327
7.62594
7.51745
7.38514
7.23394
7.10643
6.95637
6.84642
6.71349
6.5949
6.44362
6.31154
6.19362
6.06111
5.93665
5.79966
5.66734
5.52616
5.4209
5.28126
5.1463
5.00721
4.87106
4.75134
4.62909
4.48987
4.35361
4.2215
4.10478
3.97886
3.85371
3.70345
3.58509
3.45565
3.3251
3.17772
3.07355
2.92326
2.79527
2.66545
2.54332
2.41013
2.27482
2.15464
2.01959
1.87493
1.75971
1.6326
1.50185
1.36723
1.25649
1.11128
0.985622
0.846655
0.71735
0.585419
0.455545
0.326322
0.196637
0.0649752
)
;

boundaryField
{
    inlet
    {
        type            calculated;
        value           nonuniform List<scalar> 
40
(
118.891
86.7498
69.5492
60.3494
53.9586
49.6594
46.441
44.2276
42.4013
40.8171
39.8047
39.003
38.2587
37.7893
37.3901
37.0309
36.8816
36.5847
36.3574
36.4381
36.3016
36.2685
36.5695
36.7185
37.1638
37.4168
38.0396
38.5156
38.9886
39.8655
40.9597
42.45
44.0741
46.4776
49.4808
54.0425
60.3105
69.578
86.6953
119.571
)
;
    }
    outlet
    {
        type            calculated;
        value           uniform 0;
    }
    frontAndBack
    {
        type            empty;
    }
    walls
    {
        type            calculated;
        value           nonuniform List<scalar> 
330
(
118.891
63.8593
49.8677
43.8188
40.7763
39.0152
37.7487
36.8092
36.2376
35.6949
35.1967
34.8056
34.329
33.8824
33.3555
32.8344
32.3377
31.9822
31.6767
31.2667
30.6028
30.0713
29.6951
29.1742
28.8093
28.3141
27.6176
27.3813
26.7758
26.1889
25.9121
25.2904
24.7713
24.3829
23.8892
23.479
22.973
22.5665
22.2346
21.873
21.1636
20.7912
20.4245
20.1419
19.6498
19.1852
19.0895
19.1208
18.6856
17.8595
10.2199
10.0789
9.95218
10.1815
9.92902
9.9845
10.027
9.92998
9.95713
9.78231
9.73124
9.65188
9.47464
9.43638
9.31924
9.18427
9.02753
8.85254
8.68441
8.49897
8.27471
8.02273
7.72557
7.4316
7.0771
6.70083
6.23575
5.53996
4.23871
3.73117
10.2199
10.2074
10.1625
10.2936
10.425
10.5253
10.866
10.9375
10.8429
11.0032
11.1942
11.4091
11.2505
11.2397
11.112
11.1477
11.0136
10.8496
10.8193
10.7598
10.6475
10.5674
10.4003
10.1489
10.1461
9.98174
9.78012
9.60129
9.58554
9.36779
9.2377
9.07294
8.93257
8.8011
8.63567
8.50349
8.36501
8.21526
8.08498
7.95294
7.79238
7.66899
7.52814
7.41402
7.25614
7.11389
6.9865
6.86658
6.72702
6.60179
6.46169
6.32901
6.20854
6.06928
5.94003
5.7753
5.65863
5.54762
5.40387
5.2715
5.14334
5.01632
4.87954
4.75438
4.63769
4.49227
4.35817
4.24329
4.09363
3.9721
3.82848
3.68352
3.57999
3.4383
3.32478
3.1852
3.0624
2.91423
2.80167
2.66723
2.54858
2.39173
2.26555
2.16326
2.00874
1.89733
1.74534
1.62566
1.5022
1.35624
1.24066
1.11983
0.979993
0.846552
0.716121
0.583557
0.45497
0.325069
0.194603
0.064999
119.571
63.974
49.6949
43.8554
40.8293
38.9977
37.4822
36.7731
36.3023
35.5247
35.2165
34.7104
34.3087
33.7478
33.3929
32.7156
32.2706
31.9164
31.3525
31.182
30.541
30.1134
29.6282
29.2086
28.5808
28.2854
27.7904
27.1424
26.8336
26.1375
25.788
25.3271
24.7744
24.3506
23.8114
23.3781
22.631
22.4215
21.8252
21.3705
20.8415
20.2764
19.9893
19.3263
18.8985
18.2725
17.8922
17.4022
16.8781
16.3439
15.9455
15.3417
14.8864
14.2823
14.1752
13.3235
13.197
12.6711
12.5809
12.1676
12.0468
11.4809
11.3952
11.1841
10.9297
10.7426
10.7318
10.4619
10.2286
10.1658
9.96834
10.0204
9.72882
9.64173
9.65144
9.48266
9.34588
9.21305
9.12115
9.00478
8.87834
8.76367
8.65615
8.53906
8.42223
8.29756
8.18651
8.06798
7.95711
7.83342
7.70106
7.57387
7.43652
7.31388
7.2056
7.0706
6.95758
6.80939
6.69008
6.56834
6.44232
6.30692
6.17191
6.05096
5.9113
5.7915
5.66053
5.53194
5.40186
5.27031
5.14297
5.00575
4.88647
4.74035
4.62821
4.51043
4.35226
4.2311
4.10788
3.98457
3.85071
3.7076
3.59639
3.46381
3.32844
3.18925
3.06812
2.92768
2.78821
2.67741
2.53731
2.40693
2.28187
2.15439
2.01867
1.88648
1.75775
1.62372
1.49033
1.35977
1.22908
1.10741
0.97291
0.846612
0.717023
0.587364
0.458718
0.323098
0.195828
0.0652121
)
;
    }
}

