/*--------------------------------*- C++ -*----------------------------------*\
  =========                 |
  \\      /  F ield         | OpenFOAM: The Open Source CFD Toolbox
   \\    /   O peration     | Website:  https://openfoam.org
    \\  /    A nd           | Version:  6
     \\/     M anipulation  |
\*---------------------------------------------------------------------------*/
FoamFile
{
    version     2.0;
    format      ascii;
    class       volScalarField;
    location    "0";
    object      p_rgh;
}
// * * * * * * * * * * * * * * * * * * * * * * * * * * * * * * * * * * * * * //

dimensions      [0 2 -2 0 0 0 0];

internalField   nonuniform List<scalar> 
10000
(
472.263
213.609
115.928
75.2286
54.9879
41.6577
32.1028
25.4717
21.2503
18.5417
16.4718
14.7998
13.5522
12.8561
12.6523
16.4684
9.76619
2.33609
6.90304
7.5568
5.06188
3.08903
1.5961
0.30248
0.477053
1.05419
1.52855
3.12382
4.75176
5.97074
8.26852
11.0604
13.461
16.529
20.67
24.2856
27.1985
30.989
35.6128
39.7399
43.6195
48.7288
55.2637
61.653
66.9483
72.1222
78.0842
84.0798
88.8889
92.4147
95.7211
99.4804
102.958
105.121
106.038
106.709
107.901
109.389
110.185
109.696
108.433
107.438
107.14
107.217
106.947
105.757
103.946
102.295
101.399
101.281
101.467
101.352
100.579
99.2198
97.6142
95.9382
93.847
90.559
85.4115
78.3226
69.7688
60.5163
51.2884
42.4696
34.0896
26.1565
18.8284
12.3146
6.72347
2.03023
-1.94878
-5.54511
-9.17211
-13.1988
-17.8561
-23.0093
-27.7226
-30.8454
-31.4964
-29.8473
215.67
141.645
94.7222
68.6588
53.3036
42.7374
34.6979
28.5092
23.9732
20.8362
18.5744
16.7445
15.0221
13.0332
10.7082
3.46953
6.49345
17.0258
15.4836
8.16702
3.79403
1.58401
0.441362
-0.56668
-0.515514
0.504428
1.22006
2.48259
4.45317
6.22376
8.29198
11.0284
14.126
17.4685
21.154
24.8372
28.4215
32.2634
36.2472
40.1937
44.6834
50.1923
56.2894
62.1429
67.5866
73.1852
79.0619
84.4244
88.7185
92.3418
95.9854
99.6608
102.607
104.272
105.085
105.987
107.385
108.788
109.326
108.586
106.767
105.562
106.251
106.859
105.986
104.369
102.587
101.213
100.673
100.758
100.916
100.667
99.8576
98.6767
97.3756
95.9395
93.9161
90.523
85.1414
77.8095
69.1529
59.9449
50.792
41.9969
33.5869
25.5994
18.2712
11.8852
6.51822
2.04647
-1.75862
-5.21142
-8.74959
-12.5332
-17.1931
-22.8032
-27.9619
-31.4465
-31.8328
-28.1677
121.644
98.8286
77.2007
61.3731
50.6033
42.7735
36.8655
32.2493
28.3769
25.2128
22.6467
20.4511
18.5946
16.6821
15.3063
13.1813
17.2501
-5.85823
-4.66457
18.9568
6.33628
2.90881
0.920233
-0.243229
-0.413884
0.0457672
0.976567
2.48109
3.87971
5.47697
8.27099
11.2813
13.8411
17.2377
21.7023
25.5584
28.5296
32.0716
36.5957
41.086
45.3552
50.4066
56.5957
62.9362
68.5886
73.7665
78.9913
84.1869
88.7504
92.4832
95.8168
98.9355
101.469
103.133
104.128
104.948
105.931
106.829
107.284
106.976
106.329
104.71
102.521
103.723
104.925
102.821
100.734
99.5717
99.2062
99.4271
99.6318
99.3776
98.6365
97.6718
96.6458
95.3528
93.2729
89.755
84.2947
76.9338
68.3308
59.292
50.3269
41.616
33.2248
25.3153
18.1919
12.0648
6.90376
2.57487
-1.07034
-4.29637
-7.29993
-11.7305
-17.0404
-22.3484
-27.1495
-30.1213
-29.6718
-24.0495
85.3079
77.7554
66.9281
56.9954
49.3529
43.6559
39.5204
36.397
33.5637
30.8028
28.1836
25.5298
23.161
20.804
18.8813
17.4618
15.2447
39.4116
21.0877
-13.118
-2.95136
-2.14589
-1.66867
-1.85386
-1.03431
-0.171983
0.279206
1.69351
3.56435
5.11139
7.29618
10.277
13.4167
17.079
21.2112
24.6803
27.8199
31.8656
36.5384
40.7592
44.8959
50.3055
57.0614
63.4949
68.672
73.4505
78.6795
84.0671
88.6578
92.0512
94.8727
97.7125
100.271
101.944
102.715
103.152
103.746
104.405
104.622
104.448
104.394
104.42
102.638
98.4161
99.6148
101.913
99.1103
97.4049
97.176
97.3581
97.6325
97.6439
97.1586
96.2905
95.281
94.0342
91.9761
88.4013
82.9208
75.7115
67.402
58.651
49.8457
41.2094
32.9973
25.4366
18.6812
12.7771
7.72012
3.56403
0.222528
-2.69447
-5.11801
-10.2237
-15.7512
-21.1705
-25.6309
-27.7822
-25.9173
-18.256
69.473
66.9583
61.2248
54.8734
49.6355
45.7727
42.8988
40.6832
38.5383
36.0106
33.1915
29.9956
26.7666
23.5442
19.9554
15.8897
10.0634
-0.634634
-7.01407
7.76146
19.7704
4.34046
1.62694
-0.113919
-0.739768
-0.476811
0.0586569
1.31058
2.56431
3.80502
6.187
9.35719
12.2782
15.5516
19.6163
23.3443
26.6131
30.5529
35.1107
39.4627
44.0515
49.8612
56.6726
62.9387
67.9332
72.6964
78.0925
83.4967
87.7652
90.7842
93.4464
96.2743
98.793
100.273
100.638
100.629
101.052
101.862
102.269
101.812
100.846
100.974
101.96
99.3702
93.573
95.713
98.6764
95.2891
94.3656
94.8372
95.3689
95.6169
95.2944
94.5081
93.5235
92.2624
90.1585
86.5962
81.3185
74.4646
66.4609
57.8746
49.224
40.8852
33.0815
25.8912
19.3818
13.6637
8.78241
4.72828
1.21932
-2.30566
-6.91053
-9.66475
-14.4594
-19.5114
-23.6306
-24.9727
-21.3971
-11.5391
60.167
60.2899
57.4203
53.5348
50.3946
48.2381
46.54
44.9649
43.0613
40.361
36.972
33.145
29.0325
25.3227
21.8054
18.1987
15.89
14.0861
20.0961
15.1605
-1.70722
0.280325
-1.33687
-1.82744
-1.55961
-1.18205
-1.06167
-0.138346
1.054
2.35446
4.58092
7.34806
9.99964
13.2823
17.3997
21.0584
24.0756
27.9266
32.7817
37.5352
42.3892
48.3411
55.1773
61.4636
66.6026
71.4586
76.7771
82.037
86.16
89.043
91.6614
94.5337
96.9273
97.9987
97.9574
97.8196
98.3113
99.2136
99.6934
99.2304
98.0641
96.7498
97.4879
99.8675
95.0888
88.4522
92.191
94.724
91.8605
92.2372
93.006
93.3743
93.2087
92.5296
91.4837
90.1045
88.0533
84.757
79.8123
73.2243
65.4128
57.0478
48.7277
40.7866
33.3467
26.453
20.2309
14.8326
10.2185
6.23952
2.64703
-0.490934
-5.05249
-8.73106
-12.9118
-17.6317
-21.3909
-21.8061
-16.3702
-4.30737
53.5386
55.252
54.5549
52.6508
51.1965
50.5705
50.0849
49.0025
46.9818
43.6993
39.2612
34.3936
29.074
23.9203
19.6829
15.3713
11.5993
7.85503
5.25236
0.605142
-9.74852
2.20333
-3.17107
-3.36294
-3.29248
-3.12895
-3.1435
-2.22937
-1.18956
-0.204011
1.80825
4.38833
6.92499
10.1291
14.0046
17.4068
20.3517
24.3334
29.48
34.5462
39.5158
45.5692
52.6832
59.2091
64.4046
69.2488
74.5476
79.729
83.848
86.8786
89.5373
92.1904
94.3245
95.2629
95.1256
94.895
95.4409
96.5535
97.1384
96.4956
95.0876
93.8752
93.2172
95.0596
98.5439
88.389
83.2376
91.0403
90.6919
89.0273
90.3933
91.1797
91.0842
90.2946
89.1596
87.8963
86.1355
83.1169
78.3465
71.9535
64.4786
56.5128
48.4962
40.753
33.5701
27.1057
21.3473
16.2044
11.5832
7.46159
3.86463
1.16054
-1.56306
-6.49644
-11.2554
-15.8964
-19.1122
-18.3563
-11.0734
2.97522
48.4505
51.0609
52.227
52.2203
52.3672
53.0805
53.576
52.7328
50.1452
45.9167
40.0902
33.5814
27.075
20.6523
15.1744
10.4322
6.64673
2.88769
0.409252
-11.9296
4.8277
13.5122
-3.51492
-5.15226
-5.82942
-5.81271
-5.91448
-5.2012
-4.45684
-3.84179
-1.97629
0.501971
2.79441
5.71933
9.35706
12.5641
15.5431
19.7462
25.0286
30.2399
35.4457
41.7308
49.0754
55.8899
61.2296
65.9657
71.2541
76.7119
81.0854
84.1064
86.6642
89.2854
91.3645
92.1804
92.0402
92.0322
92.8333
93.9947
94.4539
93.7269
92.3632
91.2658
90.837
90.7678
93.0587
98.2864
82.3918
75.6098
88.6462
87.829
87.8756
88.9485
88.7885
87.9266
86.9466
85.9741
84.4456
81.5819
77.0339
71.0133
63.9539
56.2674
48.3739
40.7796
33.9532
28.0068
22.6179
17.443
12.4971
7.96037
3.82095
0.435947
-2.36245
-6.72611
-11.0949
-15.0683
-17.2129
-15.023
-5.9967
9.78345
44.602
47.6683
50.1429
52.0361
53.9345
55.8367
56.8505
55.9134
52.2391
46.3874
38.9444
30.5777
22.3482
14.7903
8.49416
3.26913
-0.442036
-3.35932
-4.97483
-10.6475
15.362
-10.323
-26.536
-14.9549
-11.9577
-10.5026
-10.132
-9.45153
-8.8275
-8.39764
-6.76517
-4.49817
-2.50286
0.0915996
3.59633
6.75204
9.65395
13.9446
19.4378
24.7776
30.1298
36.788
44.4651
51.3429
56.716
61.6874
67.2726
72.9262
77.4685
80.6753
83.3256
85.8808
87.9024
88.8855
89.089
89.3366
90.2175
91.4366
92.0209
91.3779
89.9573
88.7297
88.2391
88.0958
87.7958
87.9495
90.9045
79.3562
74.873
87.1129
85.8372
86.3926
86.5017
85.8412
85.0701
84.2435
82.8573
80.2841
76.1937
70.6085
63.7746
56.1468
48.3899
41.1521
34.7786
29.153
23.8446
18.55
13.4626
8.85601
5.26383
0.165715
-3.3253
-7.15867
-11.1761
-14.4541
-15.5529
-12.0634
-1.47529
15.9197
41.5588
45.047
48.3799
51.9213
55.4429
58.309
59.2051
57.4554
52.4612
44.5919
34.8739
24.534
14.6599
5.96071
-0.93053
-6.34416
-9.80056
-11.774
-12.8562
-12.1915
-3.86728
-44.1156
-35.881
-17.5125
-14.7857
-13.9614
-14.2538
-14.1241
-13.8922
-13.7061
-12.4496
-10.5405
-8.74426
-6.33307
-3.07989
-0.025671
2.89862
7.11485
12.6108
18.2485
23.9275
30.7258
38.5231
45.6737
51.334
56.5116
62.34
68.379
73.2825
76.6017
79.2401
81.9646
84.3642
85.706
86.1272
86.5398
87.6721
89.1902
89.9377
89.2677
87.7762
86.5433
85.9715
85.4974
83.9676
82.8297
84.0173
78.4437
77.0711
84.1056
86.1259
83.8871
84.3255
83.9464
83.2856
82.6097
81.5557
79.4694
75.8359
70.5299
63.8119
56.2981
48.8178
42.0016
35.959
30.4027
25.0081
19.6321
14.4609
9.57958
6.00617
1.395
-3.30242
-7.49576
-11.291
-14.0023
-14.279
-9.65089
2.48673
21.5839
38.6078
42.8891
46.9712
51.7647
56.3175
59.563
59.9171
56.5242
49.4472
39.2872
27.2066
14.8638
3.5048
-6.09421
-13.2138
-18.2989
-20.9515
-21.6228
-21.6952
-11.867
-41.5614
-44.3181
-10.5979
-12.6499
-14.7868
-16.5389
-18.3923
-19.0889
-19.4523
-19.6882
-18.7017
-17.1036
-15.6765
-13.41
-10.2552
-7.49731
-4.79008
-0.474093
5.20183
10.8665
16.5978
23.6539
31.7648
39.0921
44.8939
50.4497
56.8128
63.254
68.3383
71.7882
74.7142
77.8795
80.6909
82.3395
83.0745
83.8645
85.3384
87.0638
87.9219
87.3744
86.0317
84.8548
84.1739
83.6017
82.5505
80.883
81.4267
89.144
76.8702
67.688
82.3948
82.7906
82.2759
82.0483
81.5715
81.234
80.674
79.0516
75.719
70.6212
64.1668
56.9898
49.8215
43.2444
37.3582
31.8897
26.5754
21.3189
16.2549
11.465
9.54894
2.55675
-3.28066
-7.68751
-11.2908
-13.6132
-13.2244
-7.45964
6.32893
27.2349
35.4244
40.7085
45.4636
50.9998
56.0145
58.8351
57.9193
52.3408
42.5565
29.7483
15.3982
1.28977
-11.1797
-21.1884
-28.0735
-32.5898
-34.7046
-35.6119
-37.6574
-34.9876
-57.3494
-2.61455
27.1786
-7.86542
-15.5457
-20.294
-23.4727
-24.7463
-25.3244
-25.853
-25.2475
-23.8167
-22.543
-20.6978
-17.981
-15.3881
-12.7024
-8.49944
-2.91249
2.83849
8.78352
15.9731
24.153
31.6675
37.8372
43.8548
50.6079
57.3512
62.7789
66.6456
69.9718
73.4918
76.6988
78.8467
80.0834
81.2366
82.9412
84.8916
86.036
85.7368
84.4535
83.1351
82.2684
81.5998
80.5295
78.6861
76.0128
75.9471
79.6989
75.7561
72.88
82.0787
79.8619
79.7033
79.903
80.1122
80.0136
78.7465
75.7228
70.9915
64.9901
58.2325
51.3012
44.8123
39.0495
33.7807
28.5433
22.9567
16.805
9.55764
3.09562
1.40695
-3.88331
-7.975
-11.3018
-13.2676
-12.1282
-5.03073
10.5292
33.2367
31.924
37.9636
43.3781
49.1472
53.9441
55.6456
52.6628
44.4349
31.635
16.0504
-0.424376
-15.8694
-28.7978
-38.4419
-44.2385
-47.253
-47.6409
-46.9325
-47.1336
-44.1832
-62.9974
7.9921
12.4598
-31.5113
-27.191
-28.8692
-30.109
-30.6632
-31.2141
-31.7046
-31.1959
-30.1856
-29.3698
-27.8472
-25.4131
-23.2099
-20.8607
-16.7759
-11.1218
-5.34164
0.555013
7.73569
16.1025
23.9392
30.4081
36.6779
43.771
50.9932
56.9135
61.1879
64.8934
68.8695
72.6207
75.3087
76.9502
78.3902
80.4047
82.733
84.1987
84.0274
82.6788
81.2313
80.3065
79.641
78.4808
76.4267
73.9442
72.5861
76.5757
74.6218
72.1901
79.0455
79.5355
77.9052
78.5661
79.1801
79.3904
78.4841
75.9557
71.7869
66.2696
59.8428
53.1258
46.8473
41.4373
36.6334
31.7704
26.3611
20.3659
14.3669
1.64577
-0.762362
-3.77451
-7.47652
-10.7082
-12.4144
-10.4854
-1.98599
15.2734
39.6095
28.2462
34.5399
40.3706
45.9943
49.8791
49.7397
44.087
32.8602
17.0436
-1.10201
-19.3291
-35.4978
-48.0612
-56.4553
-60.2947
-60.8693
-58.5099
-54.9522
-51.8723
-48.0795
-54.5377
-12.6271
-32.7254
-53.2458
-35.2415
-35.3054
-35.2294
-35.0967
-35.572
-36.4231
-36.4284
-35.8637
-35.4542
-34.4736
-32.6133
-30.8267
-28.6602
-24.687
-19.2108
-13.632
-7.77114
-0.476838
8.03241
15.9589
22.5959
29.1979
36.7452
44.4379
50.746
55.4024
59.6197
64.1894
68.4534
71.5312
73.5156
75.3551
77.8155
80.4838
82.0824
81.9131
80.5949
79.2306
78.3402
77.6227
76.3623
74.2514
71.9821
70.5355
72.3784
79.5771
77.1732
67.1889
75.9433
76.556
77.1281
78.1529
78.7667
78.3766
76.4913
72.9301
67.8351
61.6885
55.2833
49.4345
44.5133
40.1452
35.5248
30.0778
23.9591
16.4529
13.527
5.42814
-0.201361
-5.12965
-8.92833
-10.623
-8.03984
1.68967
20.3974
46.1241
24.3129
30.4983
36.3086
41.3801
43.7758
41.236
32.6293
18.3085
-0.23969
-20.4575
-39.7457
-55.7997
-67.0721
-73.2835
-74.2934
-71.7071
-66.0731
-59.2148
-52.2081
-45.4957
-38.9411
-33.3507
-60.6323
-59.7124
-39.0004
-37.6584
-37.1448
-37.2249
-38.2199
-39.6561
-40.3202
-40.4942
-40.8376
-40.5538
-39.2307
-37.814
-35.9542
-32.2605
-26.9709
-21.4985
-15.7225
-8.52673
-0.0699774
7.92809
14.8193
21.7584
29.6185
37.6454
44.3673
49.5313
54.2991
59.3605
64.0283
67.5007
69.9253
72.2036
75.0033
77.8568
79.5246
79.4202
78.2298
76.9966
76.1365
75.3566
74.064
71.9922
69.7166
68.188
67.713
69.5049
72.3732
73.2264
72.8301
76.2204
75.9743
77.1102
78.2584
78.4982
77.2245
74.174
69.4927
63.7603
57.8786
52.6622
48.3391
44.4468
40.2355
35.3528
30.5999
21.9293
15.4431
8.76486
2.80747
-2.5782
-6.61296
-8.1727
-5.01572
5.69769
25.5864
52.5389
20.0826
25.9274
31.2496
35.3346
35.8705
30.6954
19.0558
1.79001
-18.9645
-40.4503
-59.8126
-74.7021
-83.6153
-86.6572
-84.0697
-77.8855
-68.5675
-58.7481
-49.0191
-39.6038
-26.8878
-33.7745
-57.3133
-53.2779
-37.7633
-34.9044
-35.2586
-36.6034
-38.7745
-41.3259
-43.104
-44.3012
-45.4536
-45.8281
-45.1049
-44.1759
-42.6719
-39.2152
-34.1019
-28.8042
-23.282
-16.2882
-7.88998
0.182211
7.21749
14.3196
22.4108
30.8132
38.0196
43.6535
48.8106
54.2412
59.3648
63.3634
66.2476
68.8099
71.7404
74.7042
76.5454
76.6295
75.56
74.3861
73.5871
72.9209
71.8015
69.9079
67.7458
66.3417
66.1692
67.7594
73.0579
78.5774
70.7865
72.6932
75.0119
76.2394
77.9353
78.7599
77.9883
75.3821
71.1919
66.0505
60.8406
56.2987
52.5395
49.0705
45.216
41.0476
37.6633
32.8062
23.0064
14.5829
7.35497
1.12597
-3.37268
-5.01189
-1.55083
9.85003
30.7184
58.7957
15.6286
20.9303
25.4114
28.0877
26.5004
18.6899
4.24691
-15.4493
-37.698
-59.4314
-77.5716
-89.9986
-95.5358
-94.5554
-87.3703
-77.3294
-64.3842
-51.9955
-40.8721
-31.961
-22.2502
-25.6049
-30.8384
-27.2752
-25.6743
-26.8436
-30.2342
-33.8539
-37.8637
-41.9984
-45.1178
-47.4121
-49.3944
-50.4578
-50.3483
-49.8587
-48.6336
-45.4174
-40.5993
-35.5781
-30.3382
-23.5547
-15.2998
-7.29402
-0.235219
6.99625
15.3508
24.0947
31.6464
37.6003
43.0891
48.9368
54.577
59.0727
62.3006
65.0327
68.0509
71.133
73.1628
73.4482
72.5086
71.4284
70.8203
70.4582
69.618
67.8947
65.815
64.4997
64.5973
65.8602
66.9531
71.6959
76.809
70.2121
72.6541
75.7322
77.7378
78.9152
78.5893
76.4951
72.9267
68.5165
64.0436
60.1712
57.0259
54.0581
50.495
46.6295
38.3215
33.1627
26.771
19.2798
11.963
5.3942
0.51561
-1.35045
2.1741
14.0749
35.8481
64.9966
11.0598
15.5929
19.0485
20.1175
16.3477
6.0193
-10.7574
-32.0974
-54.7906
-75.5347
-91.2522
-99.922
-100.705
-95.0141
-82.6288
-68.5503
-51.6023
-37.2396
-25.63
-17.4073
-8.01524
-13.1419
-8.68357
-4.66951
-13.2527
-17.5344
-24.0244
-30.2028
-36.3733
-42.2289
-46.6946
-50.0562
-52.8563
-54.592
-54.9852
-54.8271
-53.85
-50.9455
-46.5035
-41.7972
-36.8177
-30.2869
-22.3018
-14.4795
-7.44009
-0.0868434
8.46081
17.3864
25.1236
31.3454
37.2154
43.5224
49.6165
54.4629
57.932
60.8592
64.047
67.2562
69.3913
69.8263
69.1084
68.2985
68.003
67.9699
67.4046
65.8812
64.0082
62.9841
63.4925
65.1874
66.5862
69.5413
79.4118
76.0956
71.0763
74.4929
77.6604
78.9742
78.9688
77.4835
74.6231
70.963
67.2458
64.0948
61.6592
59.3156
56.1982
51.5572
42.2919
38.5333
33.0603
25.5947
17.8646
10.7255
5.21752
2.85105
6.20884
18.487
41.0931
71.2252
6.58079
10.1691
12.5476
11.929
5.99225
-6.59428
-24.9173
-46.8823
-68.9452
-87.3807
-99.2286
-103.124
-98.1321
-86.9357
-68.5809
-51.1717
-29.6742
-13.7769
-2.63064
5.05292
15.7367
2.15734
8.01289
13.5254
-2.05363
-8.86798
-18.0598
-26.5242
-34.847
-42.4131
-48.2254
-52.5503
-55.9374
-58.2107
-59.0175
-59.1615
-58.4603
-55.8877
-51.8082
-47.4638
-42.8052
-36.6051
-28.9423
-21.3134
-14.3245
-6.95628
1.61624
10.5836
18.4563
24.9545
31.1965
37.8982
44.3515
49.4804
53.1714
56.3133
59.7083
63.064
65.3073
65.9249
65.5298
65.1092
65.1653
65.4275
65.1434
63.9368
62.45
61.8471
62.7324
64.6501
66.7999
68.5959
72.8649
84.3033
75.7826
72.134
76.6835
79.1592
79.257
78.2648
76.1416
73.2593
70.3579
68.1048
66.7583
65.8111
64.0897
56.0763
54.2931
47.7825
40.966
32.9615
24.6519
16.7897
10.4742
7.43213
10.5163
23.1138
46.4826
77.4574
2.42274
4.85999
6.01255
3.74164
-4.0234
-18.3485
-37.6006
-59.0795
-79.0665
-94.1207
-100.952
-98.8934
-87.3633
-70.8073
-45.8872
-26.8987
0.416283
16.2792
25.2859
31.8879
42.4371
18.9285
23.8711
29.6962
9.37364
-0.190698
-12.133
-22.9262
-33.7336
-43.111
-50.2243
-55.2003
-58.7282
-61.4097
-62.5735
-62.9622
-62.5437
-60.3298
-56.6158
-52.7143
-48.4564
-42.5855
-35.2284
-27.8168
-20.9685
-13.7252
-5.25095
3.69972
11.6985
18.4361
24.9508
31.9327
38.6899
44.1325
48.0985
51.4425
55.0028
58.5432
61.023
61.9355
61.895
61.8612
62.2639
62.8277
62.8875
62.1153
61.0988
60.9262
62.1787
64.4074
66.9831
68.6274
69.1309
79.3331
84.0659
73.4245
72.4066
77.78
79.6511
78.9921
77.2525
75.0772
73.1251
72.098
72.6025
73.3512
67.4926
66.3013
61.947
56.0561
49.1145
40.8368
31.9579
23.277
16.0134
12.2043
14.9899
27.8304
51.8311
83.4837
-1.27932
-0.0911201
-0.158874
-4.00304
-13.315
-28.6115
-47.9368
-68.1759
-84.9727
-95.5025
-96.4154
-87.8867
-69.6132
-48.0735
-14.9641
3.86637
45.719
54.9331
54.2313
56.985
61.9969
39.6878
42.0755
40.5354
15.7305
3.26996
-8.36949
-19.6162
-32.7355
-43.5778
-51.9117
-57.3717
-60.7354
-64.1008
-65.7884
-66.3068
-66.1645
-64.4342
-61.1112
-57.6709
-53.8448
-48.2579
-41.2177
-34.1114
-27.5103
-20.4876
-12.1565
-3.26622
4.78603
11.6696
18.3762
25.587
32.6151
38.3631
42.6227
46.1953
49.9507
53.7448
56.5751
57.87
58.1834
58.4943
59.253
60.1726
60.6248
60.3172
59.7803
60.0246
61.6245
64.2262
67.2117
68.8841
68.9589
73.8566
88.8098
84.062
72.0189
72.7042
77.9715
79.5067
78.6448
77.2097
76.1933
76.0334
77.1636
77.5031
72.0069
71.0088
69.1335
64.2738
57.4194
48.8696
39.3592
29.7971
21.5473
16.9559
19.4389
32.4586
56.9279
89.0866
-4.55218
-4.57096
-5.79591
-10.906
-21.3517
-37.1568
-55.6871
-73.8721
-86.7794
-92.1309
-86.6677
-71.3038
-43.747
-14.7838
32.2184
22.9198
49.0763
102.805
78.0846
70.2437
79.0763
64.0427
64.5606
60.053
34.8122
29.569
1.32645
-17.1339
-36.5028
-49.8399
-58.2284
-61.3273
-62.3234
-66.1898
-68.5399
-69.0246
-69.3205
-68.4038
-65.4672
-62.4464
-59.0956
-53.7465
-47.0903
-40.3625
-34.017
-27.2567
-19.1012
-10.3464
-2.35557
4.57095
11.4151
18.8364
26.0989
32.0983
36.642
40.5235
44.5947
48.7328
51.9626
53.6603
54.3213
54.9606
56.0919
57.4006
58.2235
58.3096
58.2133
58.8883
60.8775
63.8969
67.1301
69.1815
70.9131
72.8777
80.9078
93.075
82.0085
70.6927
71.6525
75.5213
77.4281
77.6149
77.3654
77.8571
77.7883
73.88
82.3487
81.6153
78.3797
73.3672
66.2496
57.168
46.8345
36.2445
26.9421
21.5414
23.6819
36.8192
61.6405
94.1785
-7.65608
-8.61881
-10.8032
-16.9376
-27.9979
-43.813
-60.9727
-76.5276
-85.0343
-85.4934
-73.719
-47.2307
-8.53664
-14.487
26.5735
0.825938
21.6916
112.889
189.975
189.3
147.866
95.2401
64.0114
36.5796
-2.90148
-9.46963
10.7766
-5.55192
-26.6828
-35.8259
-46.8156
-58.5356
-61.2418
-69.6104
-72.8006
-71.8053
-72.1894
-72.4482
-69.6618
-67.0421
-64.3531
-59.1399
-52.9917
-46.6969
-40.5118
-34.0619
-26.1331
-17.5973
-9.7401
-2.82364
4.07972
11.6281
19.0674
25.306
30.1588
34.4214
38.9083
43.4424
47.0533
49.1456
50.1816
51.1568
52.6363
54.312
55.469
55.8694
56.147
57.2846
59.7812
63.334
66.9271
70.1261
71.5134
69.9122
76.3381
89.8133
92.6205
77.5616
67.6006
68.0891
70.4736
71.5649
72.0328
72.8621
70.5078
81.7018
86.9814
88.5053
86.7337
82.2238
75.0115
65.4205
54.2447
42.6119
32.2438
25.9849
27.6948
40.8426
65.8996
98.697
-10.5162
-12.271
-15.149
-22.0039
-33.3085
-48.6665
-64.0833
-76.9371
-81.3896
-78.7687
-58.2817
-22.1863
-62.254
-67.738
-16.7546
196.384
295.145
239.818
198.926
119.052
60.4826
9.44689
-5.38027
-10.2385
-24.854
-18.8746
-2.75713
-35.3286
-74.1615
-110.929
-117.06
-65.4361
-53.7066
-58.5707
-71.7511
-71.0785
-74.5757
-77.6876
-74.0919
-71.6371
-69.866
-64.3419
-58.9252
-53.1944
-46.9907
-40.9572
-33.2792
-25.0508
-17.4013
-10.5136
-3.62286
3.95762
11.5001
17.9789
23.1941
27.8737
32.7856
37.7109
41.6759
44.146
45.5792
46.9079
48.6871
50.6545
52.1054
52.7993
53.4281
55.042
58.0963
62.214
66.365
70.8009
70.9256
68.7984
72.3629
80.4972
96.0928
91.378
74.7129
64.9071
63.6353
65.1842
65.9357
67.4466
84.5085
89.3304
94.4678
97.2373
96.0412
91.5604
83.9961
73.77
61.7089
49.0237
37.5778
30.3972
31.5566
44.5843
69.7576
102.686
-13.1659
-15.5741
-18.9345
-26.1107
-37.3053
-51.894
-65.3181
-75.687
-76.4108
-67.336
-30.8375
-65.545
-184.174
30.8361
303.729
392.006
268.932
129.394
43.1087
-2.13617
-6.69037
-13.8584
-3.28088
6.43126
-3.24988
-9.34185
-20.8204
-49.6576
-73.8586
-71.3487
-50.9106
-20.1485
-63.1819
-133.031
-104.753
-71.8916
-69.1971
-80.9623
-76.0118
-75.6544
-76.0924
-69.1155
-64.9758
-60.0009
-53.3455
-47.962
-40.4676
-32.6271
-25.3103
-18.4843
-11.6989
-4.1286
3.48455
10.1697
15.7244
20.7883
26.0813
31.363
35.6638
38.4938
40.3159
41.9949
44.0253
46.1916
47.8776
48.8751
49.8896
51.9842
55.5998
60.2569
65.7443
69.6484
67.42
67.9889
70.7205
76.3706
89.6016
98.3622
88.5676
74.5566
67.0388
64.6871
68.7479
87.2862
100.034
104.33
106.24
107.43
105.873
101.128
93.1194
82.2266
69.2874
55.5359
42.965
34.7931
35.3202
48.1468
73.3199
106.254
-15.8943
-18.6546
-22.2254
-29.3657
-40.0871
-53.6539
-65.2435
-73.7671
-67.8417
-49.2113
-73.4945
-225.522
40.7376
379.588
414.003
185.226
7.50765
-32.9336
-3.36423
40.0097
50.9952
38.4345
37.4597
31.7975
12.8726
0.469301
-12.7824
-27.9657
-38.413
-41.9952
-48.8209
-56.0752
-86.3627
-96.2583
-44.4296
-41.457
-117.398
-116.048
-80.0513
-76.5204
-81.1934
-70.9242
-71.2115
-67.4025
-59.236
-55.0885
-47.585
-40.2598
-33.453
-26.6423
-20.0899
-12.5638
-4.91459
1.89093
7.68284
13.0235
18.6091
24.1878
28.7944
31.9587
34.1326
36.1372
38.41
40.7463
42.626
43.9329
45.3576
47.9101
52.0599
57.3107
65.3428
64.6814
61.3523
64.3022
68.3438
72.3377
81.7402
93.5743
93.5609
85.6709
79.3809
80.2757
91.8023
107.315
107.239
110.968
115.183
116.824
115.438
110.608
102.246
90.7504
76.9601
62.1253
48.3707
39.1388
38.9657
51.5531
76.7206
109.607
-18.9148
-21.6649
-25.128
-31.9083
-41.8701
-54.3294
-65.0674
-70.7637
-54.5104
-100.857
-243.488
-37.8844
473.159
380.926
63.4896
-37.7426
24.5538
67.5421
72.1662
73.1407
54.3506
40.2717
37.3127
25.8338
9.53285
-2.70856
-15.9102
-29.237
-40.4976
-48.9332
-55.9277
-59.4083
-67.242
-69.6367
-67.4306
-82.8712
-113.835
-69.7132
-45.2497
-117.207
-105.736
-68.1557
-79.2957
-74.4727
-62.8746
-62.2988
-54.492
-48.044
-41.953
-34.8364
-28.7171
-21.2927
-13.6762
-6.88565
-0.987884
4.47681
10.2323
16.0172
20.855
24.3103
26.7921
29.0824
31.5896
34.1257
36.2286
37.8475
39.6682
42.6651
47.2601
54.6812
59.7649
54.8623
57.4748
60.2331
64.1873
66.8318
73.7298
81.4183
86.219
86.2741
86.7707
92.3999
104.016
116.354
118.336
120.492
124.208
126.045
124.826
119.94
111.262
99.1888
84.5609
68.6536
53.7238
43.4333
42.5403
54.8401
80.0176
112.903
-22.2998
-24.7173
-27.7541
-33.8514
-42.8773
-54.595
-65.5532
-63.2041
-76.3834
-263.739
-163.062
496.312
367.162
-9.84758
-21.6318
60.4684
80.4167
79.3533
63.1002
61.7066
49.0827
35.5389
31.1277
23.0623
11.5842
0.173895
-12.2618
-24.1999
-34.8073
-43.855
-51.854
-58.2612
-66.0307
-72.5241
-76.2033
-80.6495
-88.9703
-80.3828
-88.0967
-115.847
-67.4754
-52.9303
-118.045
-86.6494
-63.1977
-69.7363
-59.5289
-55.6928
-50.9055
-42.7638
-37.5391
-30.2386
-22.7347
-16.1766
-10.3125
-4.90534
0.875765
6.74806
11.6938
15.3728
18.1127
20.652
23.3994
26.1736
28.5305
30.4524
32.6532
36.0826
42.1122
49.8504
46.0128
42.2405
50.9644
55.6695
55.172
60.2672
63.8148
64.0572
68.2591
74.5853
81.4007
88.8511
102.441
115.398
121.343
126.551
131.77
134.605
133.885
129.059
120.098
107.417
91.9131
74.9201
58.8563
47.6133
46.0925
58.1684
83.3545
116.265
-26.0778
-27.8729
-30.1326
-35.0821
-42.7718
-53.9182
-60.9972
-50.1035
-200.047
-277.338
353.636
384.741
-40.7534
-5.35746
57.0839
75.3031
64.3401
66.2288
62.1579
63.8268
51.8497
37.8247
32.958
25.2226
14.7821
3.48702
-8.64244
-20.1613
-30.674
-40.1338
-48.4474
-55.5332
-62.9824
-69.9881
-75.514
-80.9083
-87.9272
-88.6244
-89.4019
-95.3632
-84.4629
-91.6296
-106.461
-53.2559
-73.4877
-92.9662
-64.2896
-65.971
-60.3791
-48.9848
-46.4321
-39.3656
-32.0388
-26.0072
-20.247
-15.1167
-9.47977
-3.63854
1.24434
5.04794
7.98374
10.7373
13.74
16.781
19.3917
21.5882
24.0563
28.7682
36.0014
31.5577
25.412
37.2853
43.8936
52.9543
46.0001
52.1981
47.5615
40.9886
46.0781
56.0663
66.013
76.6229
93.2259
111.783
122.409
131.303
138.68
142.795
142.723
138.023
128.776
115.439
98.9853
80.8644
63.6782
51.6081
49.6511
61.6341
86.8627
119.777
-30.357
-31.2105
-32.4686
-35.9445
-42.417
-52.1356
-44.7634
-93.2731
-324.621
123.34
421.281
-50.108
-21.1297
44.7551
45.7671
53.2362
57.8844
62.6575
61.6893
56.1209
49.1774
50.4703
42.3573
30.1743
19.4991
8.11156
-3.87031
-15.2667
-25.7889
-35.5231
-44.1991
-51.932
-59.7009
-67.0945
-73.4536
-79.3682
-85.6479
-88.8111
-90.3949
-94.3586
-92.406
-91.0283
-92.7229
-82.1517
-94.2219
-79.8509
-45.7695
-87.1558
-74.8109
-54.5935
-56.6704
-47.8352
-40.5183
-36.0909
-30.6297
-26.1159
-20.7832
-15.0254
-10.4255
-6.59697
-3.55306
-0.664723
2.58133
5.86901
8.59304
10.8272
15.0134
19.2177
12.7033
5.71916
20.3617
32.3707
38.0734
34.2822
40.9051
36.0651
19.7606
16.6506
27.9303
41.8387
52
63.9063
81.059
103.562
121.172
134.955
145.082
150.721
151.415
146.881
137.316
123.275
105.827
86.57
68.2976
55.4607
53.2391
65.2625
90.5685
123.383
-35.2017
-34.7504
-34.926
-37.0426
-44.0967
-51.6433
-41.3282
-234.957
-169.148
458.195
-1.55906
-65.9819
17.6898
17.9351
30.2851
44.787
54.3188
61.0499
62.1487
48.5116
41.3307
49.0662
43.143
33.1089
23.7922
12.9748
1.37911
-9.85596
-20.375
-30.2067
-39.0493
-47.1532
-55.2334
-62.9782
-69.9353
-76.4605
-82.7519
-86.9629
-89.5141
-92.8247
-93.6295
-92.9789
-93.7453
-88.9367
-88.4082
-83.5961
-81.8372
-89.763
-55.6275
-57.5685
-75.3425
-60.0396
-51.4718
-46.7084
-40.3266
-36.9765
-32.6216
-27.1439
-23.2369
-19.3992
-16.2743
-13.398
-9.99045
-6.65692
-4.3272
0.606509
-0.304789
-9.66935
-15.6797
1.96419
17.3216
23.7451
30.5812
31.6732
27.7488
5.61215
-5.64445
5.47698
26.7524
42.965
50.5643
58.5332
70.9012
97.3394
120.229
138.137
151.045
158.402
159.968
155.614
145.684
130.875
112.378
91.9868
72.7074
59.2139
56.8181
68.9699
94.2943
127.141
-40.5108
-38.3753
-36.9971
-37.3279
-43.3459
-40.4391
-95.2903
-309.543
267.73
153.049
-120.195
-21.8451
-14.1014
2.53007
22.0725
39.3713
53.3375
63.2124
57.8135
47.3614
57.1537
54.0725
47.3305
38.4963
29.123
18.6545
7.39481
-3.61492
-14.0531
-23.8873
-32.8108
-41.1307
-49.4466
-57.4928
-64.9086
-71.9394
-78.4996
-83.4508
-86.9484
-90.4245
-92.5265
-93.0381
-93.643
-91.7789
-91.2083
-89.6849
-85.3573
-83.916
-79.9134
-83.0658
-67.3976
-48.5107
-63.733
-63.3392
-53.9127
-51.9752
-44.3983
-38.264
-35.9868
-32.5019
-29.7198
-27.4418
-24.2655
-20.2054
-14.9966
-22.1513
-33.3803
-33.9139
-13.576
3.91237
10.6845
19.9336
18.5541
18.5635
-4.85295
-21.8847
-8.76065
21.9488
47.7395
62.901
66.3951
64.1301
67.022
95.9828
121.069
141.581
156.796
165.826
168.3
164.141
153.823
138.191
118.59
97.0594
76.822
62.7663
60.2829
72.7552
100.032
128.896
-46.2818
-42.3304
-39.3259
-39.2112
-43.551
-36.5691
-197.522
-24.8543
244.607
-138.298
-53.099
-46.7971
-27.7063
-5.87525
15.912
36.0228
54.5872
62.3603
38.6075
47.3575
63.9217
57.325
51.1236
43.5473
34.7398
24.8573
14.093
3.47115
-6.70775
-16.413
-25.3377
-33.772
-42.2438
-50.5356
-58.3544
-65.8427
-72.7648
-78.3235
-82.6308
-86.6173
-89.7204
-91.4533
-92.6501
-92.6131
-92.9384
-92.6895
-90.1231
-88.5928
-85.2023
-82.0457
-80.1026
-80.9947
-70.5172
-53.795
-51.0712
-69.0903
-63.7304
-52.7289
-53.2175
-46.225
-42.4063
-41.6159
-36.0348
-36.9236
-48.2562
-56.8083
-46.3801
-23.5371
-6.13452
0.0541
8.27955
6.00083
9.08762
-13.3334
-33.4381
-17.5765
22.1021
57.1448
79.4206
90.7165
92.9769
83.0747
72.321
94.0391
121.505
145.315
162.369
172.827
176.136
172.167
161.448
144.988
124.298
101.667
80.558
66.0044
63.433
75.9013
103.761
132.302
-52.1725
-46.1798
-41.1384
-40.0642
-38.9951
-76.3061
-252.21
209.12
8.22271
-106.553
-63.3227
-58.1744
-35.4964
-12.3966
11.2746
33.809
52.4853
40.8283
33.8542
64.3872
62.1991
58.844
55.182
48.875
40.8947
31.7444
21.6022
11.4849
1.7054
-7.73359
-16.5657
-25.043
-33.6147
-42.1046
-50.2831
-58.202
-65.5099
-71.5882
-76.5878
-81.2181
-85.2333
-88.1218
-90.2827
-91.7521
-93.2251
-94.0012
-92.958
-91.9468
-90.2498
-88.541
-86.6268
-82.8703
-79.6667
-82.6955
-73.7616
-61.0139
-60.5709
-56.1675
-69.7938
-66.4676
-57.9269
-58.7211
-64.564
-71.7862
-71.302
-49.5371
-24.941
-12.1258
-7.3009
-0.626102
-5.25031
1.47363
-18.9931
-41.4298
-22.1913
26.3583
65.4875
87.9018
101.754
112.156
117.556
110.076
93.8115
94.5293
124.408
150.667
168.047
179.319
183.21
179.371
168.26
150.996
129.257
105.574
83.672
68.6688
65.7237
77.4759
97.442
144.084
-58.202
-50.0803
-43.3755
-40.295
-29.5162
-124.336
5.59337
55.2746
-141.764
-75.9331
-80.5803
-65.0426
-42.1348
-17.5273
7.67188
31.3163
42.9333
18.7399
49.8621
72.4225
66.1597
64.1781
60.4122
54.6888
47.5762
39.2743
29.9184
20.4491
11.1834
2.13347
-6.51265
-14.9771
-23.6145
-32.2743
-40.7624
-49.0662
-56.7327
-63.251
-68.8294
-74.1142
-79.0106
-83.0055
-86.2594
-89.053
-91.7127
-93.6074
-93.9883
-93.8909
-93.461
-93.0158
-92.2438
-89.9841
-87.1182
-84.529
-83.0046
-86.9059
-81.5384
-66.1278
-62.7276
-62.2634
-72.9985
-92.2884
-95.6301
-76.4795
-43.5249
-21.9389
-15.679
-8.95854
-7.73651
-16.8428
-4.31537
-21.0869
-44.3461
-21.8347
29.3174
63.0742
80.1664
93.118
106.343
119.391
132.006
134.598
113.625
92.4659
138.829
159.828
174.099
185.163
189.235
185.447
173.984
156.007
133.316
108.678
86.0759
70.8961
67.9957
82.6908
97.8185
145.997
-64.1897
-53.8785
-46.1809
-41.983
-41.7484
-146.443
136.846
-77.4083
-118.957
-101.628
-89.4658
-70.6564
-47.1303
-21.2141
6.11845
29.7719
26.6227
20.1193
60.9227
65.0847
66.8212
67.4158
65.2105
60.6257
54.6006
47.32
38.9245
30.2527
21.6394
13.1138
4.75061
-3.64495
-12.322
-21.1327
-29.8757
-38.4866
-46.4555
-53.3549
-59.4492
-65.3511
-71.0523
-76.0479
-80.365
-84.333
-88.1035
-91.1022
-92.7944
-93.8498
-94.6816
-95.4012
-95.5392
-94.4035
-92.8522
-91.4086
-89.9254
-88.6536
-89.2485
-89.2109
-92.4926
-90.1907
-86.8238
-72.2893
-42.2426
-22.6084
-11.8458
-13.8558
-6.03914
-17.2397
-30.0894
-6.92489
-19.466
-41.3376
-20.4038
26.9368
53.8884
67.311
80.448
94.9466
108.527
121.024
134.621
148.862
137.262
101.906
141.971
163.561
178.302
189.666
193.886
190.125
178.381
159.803
136.327
110.917
87.8896
73.1738
71.4537
95.7405
101.501
141.493
-70.074
-57.4617
-48.8576
-44.8039
-58.355
3.50527
7.19584
-102.877
-118.708
-105.647
-92.4308
-73.9426
-50.4054
-23.4396
8.54133
39.505
20.1407
37.4311
71.1398
66.6904
69.8922
71.1238
70.1774
66.8461
61.9825
55.825
48.5209
40.7546
32.8933
24.9878
17.0053
8.77315
0.126513
-8.78075
-17.715
-26.5335
-34.7303
-41.9685
-48.5519
-55.0383
-61.4362
-67.2776
-72.513
-77.4495
-82.1587
-86.1443
-89.0092
-91.2435
-93.2818
-95.1729
-96.4242
-96.2937
-95.6859
-94.468
-92.1465
-95.0837
-104.17
-107.156
-112.785
-91.2239
-48.3414
-10.1066
10.6593
15.2949
21.1245
19.9639
-10.1697
-28.2063
-0.691367
-9.79046
-38.5476
-21.287
20.4134
37.9613
49.2493
62.4627
76.4306
90.7206
105.119
121.705
136.142
155.09
156.467
114.26
142.035
165.328
181.337
192.88
197.175
193.388
181.365
162.237
138.075
111.996
88.6487
74.1139
72.4124
76.8477
132.049
149.432
-75.8323
-60.6769
-50.7107
-51.5696
-115.459
145.86
-133.301
-53.2191
-112.759
-104.656
-93.4276
-76.1773
-53.7954
-29.0658
-4.4761
6.6174
-13.9885
39.3369
61.9677
67.4101
72.6433
74.7453
75.0082
72.9975
69.4129
64.5091
58.4211
51.6841
44.6593
37.43
29.9153
21.9692
13.464
4.55727
-4.47493
-13.3907
-21.7346
-29.2683
-36.2951
-43.3024
-50.2595
-56.7586
-62.7189
-68.3794
-73.7967
-78.586
-82.4513
-85.8128
-88.975
-91.7571
-94.0721
-93.6568
-93.8803
-98.8452
-107.251
-108.898
-103.957
-81.3611
-46.9736
-20.3413
0.126001
15.6218
29.2363
40.9239
35.1746
8.88121
7.8259
46.1068
29.6394
-12.5671
-11.546
13.3611
23.2709
28.7981
34.9933
46.3678
61.0601
78.2597
97.3055
115.393
133.027
152.696
172.124
145.322
167.321
175.505
186.186
195.854
199.511
195.411
183.01
163.3
138.45
111.663
87.8668
72.5012
70.7204
50.2781
162.677
161.061
-81.329
-63.1928
-49.8406
-50.4653
-102.201
141.608
-148.269
-49.7552
-101.798
-102.951
-93.0076
-76.8588
-55.0019
-30.4977
-6.97468
8.65868
6.84317
53.861
56.1085
66.4657
74.3104
78.0797
79.6004
78.9108
76.6597
73.0679
68.2379
62.6298
56.5546
50.0825
43.1171
35.5709
27.3401
18.5698
9.55116
0.638722
-7.77408
-15.5364
-22.9142
-30.3147
-37.67
-44.6197
-51.0855
-57.2523
-63.1675
-68.544
-73.121
-77.1832
-81.0878
-83.2181
-88.6624
-96.7496
-101.104
-99.7227
-87.1049
-60.3369
-27.5501
-3.11634
12.7347
21.0276
25.6966
31.3359
37.8591
30.0217
14.6219
27.1368
76.6429
82.0561
45.9089
33.4148
43.9255
35.1456
19.6513
11.6997
17.2552
29.8777
47.1386
68.3707
87.2763
107.185
130.042
148.461
180.311
170.758
183.818
182.86
190.445
198.178
200.838
196.138
183.274
162.963
137.475
110.109
86.2861
71.2479
85.3995
52.3791
145.51
161.919
-86.7773
-65.6481
-48.7156
-45.6361
-59.78
63.4017
-92.5044
-58.8971
-87.8192
-101.101
-91.711
-76.5035
-54.8659
-29.4289
-2.86677
25.4699
26.7331
58.6941
58.3333
68.4429
75.6296
80.6598
83.5371
84.2357
83.3775
81.1346
77.5643
73.1067
68.0568
62.4371
56.1249
49.1001
41.2936
32.8239
23.9649
15.1671
6.79644
-1.07538
-8.6792
-16.3172
-23.9043
-31.1322
-37.9172
-44.372
-50.4768
-55.9915
-60.9267
-64.9862
-72.7345
-81.9843
-85.0365
-77.9127
-57.5018
-28.3444
-2.17887
14.9028
25.9862
32.3554
37.5387
42.1564
43.7932
37.2624
14.617
11.5661
43.6523
97.1931
96.2837
67.5953
72.3661
95.5624
79.9912
49.1594
28.7838
10.0401
2.82619
11.423
31.0203
54.182
78.5737
98.0863
121.623
145.333
180.848
179.163
160.053
176.013
190.481
198.691
200.846
195.501
182.086
161.194
135.12
107.207
82.8992
62.3858
66.6628
115.222
116.973
155.827
-92.3285
-68.3213
-49.2657
-43.7797
-10.4786
1.44538
-47.8945
-61.2152
-67.455
-100.985
-90.4965
-75.4657
-53.7971
-27.4445
-0.953659
2.23762
26.5331
54.4153
60.6261
69.4983
76.43
82.4151
86.5359
88.6117
89.143
88.2729
85.9882
82.6812
78.6684
73.9511
68.3742
61.9739
54.7414
46.7327
38.2114
29.6879
21.5205
13.7085
6.04465
-1.66088
-9.32988
-16.7056
-23.6177
-30.0797
-36.1597
-41.6647
-49.6581
-56.9507
-55.7485
-42.4774
-18.8016
4.89485
20.8246
32.4608
38.6399
44.6247
48.206
50.6595
50.9417
46.0715
32.1508
15.0722
10.4925
46.2693
97.3002
96.7801
70.1865
71.3837
100.584
110.012
105.951
69.5925
36.7511
18.3281
1.84794
-3.39029
13.0044
38.8167
65.7638
91.3485
112.567
139.124
172.42
188.075
128.045
165.575
188.213
197.49
199.471
193.503
179.48
158.04
131.486
103.259
79.5139
58.5231
11.3387
176.119
119.623
156.921
-97.9978
-71.0371
-51.4033
-45.7055
-12.9181
33.2401
-30.9674
-58.4107
-42.9101
-101.584
-89.9939
-74.0004
-52.5119
-26.8145
-3.94136
-42.7344
8.06967
35.2382
56.4087
67.3935
76.0024
83.0819
88.4003
91.7828
93.607
94.0452
93.0325
90.8671
87.8842
84.094
79.3169
73.6266
67.089
59.684
51.6652
43.5848
35.7961
28.2399
20.7082
13.1044
5.51648
-1.82363
-8.74255
-15.4969
-22.7358
-29.3012
-23.7842
-4.66264
18.1107
32.749
41.8953
46.0517
50.6069
53.6137
55.6074
55.1621
54.9569
52.3267
41.9917
21.5778
9.37888
16.0463
57.3136
81.1614
83.1638
58.016
61.6259
82.3321
102.488
110.714
113.018
90.1388
45.9302
23.9745
7.36865
-6.50109
-0.867927
23.464
52.3354
80.0042
102.807
131.438
156.203
184.128
118.731
173.09
189.1
195.74
196.798
190.071
175.398
153.478
126.633
98.7284
77.6006
58.1974
-27.7523
192.724
135.906
165.346
-103.476
-73.046
-53.315
-56.9729
-49.8394
103.666
-12.485
-39.3039
-31.0033
-88.7991
-89.9609
-71.9485
-51.2954
-30.5952
-16.3769
-41.116
-0.449166
21.8635
45.4028
62.2874
73.5102
82.0472
88.6656
93.3907
96.4968
98.164
98.3359
97.2397
95.2388
92.3677
88.4237
83.5074
77.7363
71.0543
63.6923
56.2244
48.9768
41.8496
34.6326
27.3055
20.0002
12.736
5.2987
-1.9326
0.377956
20.5598
42.6854
54.0012
58.3468
60.6782
61.8047
61.5294
58.5919
57.5407
57.9496
53.7912
41.9147
17.9112
-0.413688
-4.66284
10.7249
54.1746
71.6227
61.263
35.4373
43.045
55.1387
78.804
98.6241
109.642
112.042
95.6414
54.1078
29.2526
9.44019
-3.61678
-6.02903
11.8996
39.9954
68.6129
94.0772
117.82
136.414
168.798
114.92
186.631
188.581
192.055
192.257
185.038
169.892
147.661
120.764
93.0237
64.3257
26.7712
30.0161
159.229
141.317
172.541
-108.369
-73.2379
-49.6758
-51.3323
-89.805
149.337
12.3655
-8.68377
-36.0722
-60.9541
-90.4876
-69.4253
-48.6546
-30.0182
-11.9385
-31.1539
-1.42287
14.6867
36.7352
55.5558
68.9552
79.0854
87.0605
93.1295
97.5168
100.376
101.667
101.557
100.461
98.4566
95.3278
91.1928
86.2017
80.3055
73.7038
66.969
60.4098
53.8666
47.1349
40.2765
33.2327
25.7018
19.4255
30.3681
54.6796
67.7045
72.4389
74.4265
72.6056
67.6249
62.9128
62.9836
60.644
50.6989
33.2187
8.17219
-14.8446
-28.2443
-35.4848
-4.60981
31.4935
47.8431
36.2486
11.0499
14.7284
30.1221
50.6406
74.7125
94.1406
104.978
106.132
87.9782
56.2519
32.6036
12.531
-0.655069
-5.52548
5.97083
30.6367
57.9027
82.8896
103.606
118.427
148.399
102.77
157.124
172.788
182.584
184.528
177.969
162.911
140.67
114.136
88.5483
56.5397
-47.7286
138.346
115.199
140.55
176.098
-112.595
-71.7328
-40.9179
-27.5246
-122.152
161.916
39.7667
20.7489
-35.9464
-35.0668
-83.9887
-67.0442
-45.0648
-28.2201
-9.09369
-35.4013
-7.45738
10.5054
32.504
48.9287
63.1382
74.4423
83.626
90.9247
96.5066
100.498
102.856
103.665
103.39
102.179
99.8142
96.4504
92.2429
87.127
81.3047
75.3532
69.5377
63.6674
57.5537
51.1419
44.0759
38.2498
52.273
74.1974
82.0654
83.9905
80.1772
74.7802
72.2179
69.0685
59.1057
43.6205
22.6661
-6.70613
-36.048
-57.9771
-73.8174
-65.2374
-32.8801
-7.61643
9.15527
-0.0455634
-18.6395
-12.8978
1.28513
21.5067
47.0486
70.8468
87.176
95.7936
92.0086
73.749
53.8741
32.8868
16.1905
2.11106
-1.19586
6.63331
25.1359
48.6732
70.8096
86.8588
104.768
126.268
105.907
144.392
159.043
171.643
174.954
169.38
154.914
133.275
107.048
75.8032
55.4031
-103.818
221.894
84.3641
132.02
175.593
-116.478
-69.5262
-31.283
-4.09617
-138.568
169.079
61.8917
41.4657
-26.1369
-18.619
-68.5687
-63.8456
-39.6084
-24.1053
-3.50322
-30.9092
-7.20385
10.8263
27.0698
41.9733
56.2306
68.2822
78.4958
86.8965
93.5367
98.5549
101.891
103.534
103.983
103.463
101.783
99.1612
95.7503
91.4216
86.3606
81.2079
76.1475
71.0084
65.444
59.1117
53.1385
64.7087
85.4775
91.2838
88.6475
83.6461
79.6592
73.6526
60.5792
40.0634
10.9341
-26.1999
-60.5311
-89.6545
-113.169
-119.773
-104.922
-78.2178
-49.9654
-41.0251
-45.9785
-49.7282
-37.1344
-21.3596
-7.54513
21.4443
44.3997
62.8885
76.6675
79.0674
71.2
62.3786
47.811
31.1173
18.7375
7.26444
5.78705
10.8982
23.2553
41.8578
60.2139
74.3352
92.4096
113.615
117.696
139.786
148.175
160.752
164.499
159.783
146.215
125.931
100.933
72.9403
11.4105
-112.75
258.876
78.7734
126.867
173.731
-120.404
-67.4085
-23.0671
8.48964
-137.805
183.357
79.1457
54.2292
-10.7601
-8.33318
-54.3328
-54.8595
-31.7784
-18.7366
-0.239731
-29.6981
-10.7992
8.24968
21.1493
34.5455
48.3128
60.712
71.7532
81.1644
88.7803
94.7176
98.9423
101.34
102.427
102.521
101.482
99.5844
96.9148
93.3032
88.9206
84.4239
79.8868
75.3512
70.1297
65.7493
70.0703
92.5
100.259
95.7773
88.3331
79.7283
65.4506
40.5083
5.34449
-39.37
-83.6556
-123.571
-155.963
-173.593
-175.572
-152.537
-116.045
-92.0495
-88.5572
-88.9713
-72.9629
-54.1038
-36.2838
-27.1982
-3.64494
18.4842
37.711
50.2017
56.8657
59.855
57.5715
51.4129
42.0988
32.1213
20.832
15.5445
13.0301
15.4684
23.7551
37.4821
52.4069
67.1208
83.029
105.279
123.925
134.97
138.477
150.189
153.918
150.193
138.434
120.627
83.6959
68.057
-74.279
-65.5055
256.796
92.2844
128.862
173.424
-124.579
-65.315
-13.581
15.9952
-130.361
204.329
92.1646
59.2491
9.42109
-2.7364
-43.233
-39.7668
-21.096
-12.0467
2.00512
-26.3051
-14.8764
2.94433
14.1823
26.4085
39.6764
52.2342
63.9108
74.1428
82.5352
89.1385
93.9862
96.893
98.3484
98.8454
98.5204
97.7192
95.9595
93.1911
89.7608
86.2919
82.6585
78.8099
73.5651
70.5658
92.0246
106.071
102.197
92.4822
78.6053
49.4345
5.25416
-48.5328
-105.108
-151.969
-189.831
-217.046
-229.402
-216.576
-177.728
-143.969
-130.846
-123.736
-115.545
-90.2337
-66.0628
-44.9499
-39.8403
-27.005
-8.10039
8.49362
23.8324
35.8412
44.2259
47.3253
47.6979
45.5894
38.2817
32.7045
27.0803
21.0997
18.6179
18.969
25.1055
34.8026
46.6923
60.8638
75.939
93.988
128.331
127.71
129.173
140.056
143.632
140.946
132.284
117.516
80.6318
42.7437
-165.834
11.0052
223.758
104.069
134.104
174.805
-129.252
-63.637
-3.3454
18.529
-117.526
231.841
100.854
56.9856
33.9908
-2.7527
-31.6233
-20.3752
-7.14974
-3.68702
5.98304
-29.4319
-20.5452
-3.49859
5.82788
17.0813
30.1057
43.0225
55.559
66.772
76.0642
83.4136
89.0384
92.6671
94.3705
94.8309
94.7594
94.7874
93.5784
91.1626
88.0976
85.3987
83.1648
79.9116
74.8672
84.5849
104.881
101.019
87.261
64.3489
23.8237
-31.6652
-102.503
-163.491
-208.72
-243.073
-264.282
-261.078
-225.837
-192.074
-170.677
-151.317
-133.967
-120.159
-97.2896
-71.3106
-54.2372
-52.8385
-48.9975
-29.787
-12.9831
2.08906
15.9625
27.1288
34.9561
40.01
41.9452
41.3762
38.0645
33.426
28.5444
24.2432
22.2064
23.2132
26.6241
33.2981
42.3996
54.8047
69.1944
82.8994
128.746
121.543
120.479
130.438
134.41
132.873
123.865
99.1328
83.7279
10.9288
-234.6
87.9418
168.187
117.107
141.662
177.544
-134.699
-63.1508
5.12473
21.1104
-98.462
256.465
106.405
53.6271
58.0494
-5.6732
-12.7804
1.37999
7.1284
5.0246
9.97194
-36.3841
-29.0281
-10.9876
-2.49391
9.38713
23.143
36.7348
49.5996
60.7555
69.8898
76.9433
82.4359
86.0046
87.1829
87.2822
87.3204
87.6533
86.7395
84.2814
80.8697
78.0531
76.4352
74.3186
74.5057
100.354
103.21
85.9869
54.4902
2.82148
-67.6399
-147.402
-211.814
-258.572
-282.522
-280.431
-251.828
-210.486
-181.49
-164.748
-151.728
-139.932
-124.226
-98.343
-64.8884
-52.2803
-55.2064
-58.3195
-43.4246
-27.4117
-12.5223
0.890813
13.2091
23.4339
31.0091
35.4822
37.7293
38.0831
36.2957
33.8311
31.1286
28.5387
26.9579
26.9546
28.73
32.8749
39.4893
49.877
63.6897
73.9481
121.961
122.173
114.935
122.592
126.967
124.392
109.396
101.083
63.9399
-30.4856
-273.878
137.704
109.53
131.498
150.946
181.697
-140.912
-64.0552
11.7868
17.7503
-64.8342
261.059
119.472
63.4773
64.2698
0.877217
13.8333
20.3042
20.1192
13.3666
13.6878
-45.5716
-39.1422
-17.7573
-8.07991
5.44088
17.746
28.7235
41.1028
52.2513
61.1681
67.5312
71.6328
73.2527
73.646
74.5167
76.5083
78.2528
78.1487
76.5496
75.2502
73.5879
72.1153
70.1103
86.0721
103.952
85.9081
46.2202
-17.467
-92.9208
-180.764
-244.045
-279.639
-290.58
-275.759
-231.409
-190.928
-163.262
-144.149
-128.593
-118.413
-103.524
-79.4755
-50.9438
-37.3461
-42.6525
-55.8438
-50.0139
-34.5406
-22.4158
-10.1838
1.53399
11.6754
20.845
28.3967
33.9914
37.5102
38.9579
38.76
37.2614
35.4176
33.4978
31.9444
31.2823
31.6514
33.7398
38.3879
46.9567
59.785
65.7041
116.126
121.43
113.51
117.326
117.01
109.058
103.14
96.1024
43.9694
-78.2922
-298.288
166.102
58.553
144.969
159.862
186.776
-147.733
-66.3403
15.5548
10.2575
-4.51141
225.935
144.681
92.9413
43.5251
29.1622
37.4218
36.4879
32.0664
21.535
17.639
-52.795
-49.1809
-23.5817
-12.0744
-1.18971
7.83696
20.5394
33.723
45.139
51.968
56.7659
59.1442
58.2519
59.423
61.953
64.7509
66.9892
68.2309
68.4119
69.3521
69.4175
68.0301
67.5812
92.7551
80.7359
35.0191
-35.0995
-122.593
-214.742
-268.028
-280.584
-271.24
-231.204
-181.069
-147.681
-122.625
-102.32
-89.2305
-74.2169
-60.6843
-39.7438
-19.2783
-10.4508
-25.0433
-45.4693
-51.8705
-39.9777
-28.8762
-17.7561
-6.88485
3.50244
13.1561
21.6844
28.7327
33.9917
37.4032
39.0989
39.3595
38.6542
37.602
36.3907
35.1271
34.1101
33.3498
33.39
36.6955
44.1909
56.4165
59.4822
117.406
119.159
111.09
110.747
101.791
99.6357
105.712
84.238
23.8669
-126.603
-309.389
180.607
17.1727
148.426
165.151
191.627
-155.201
-69.8811
15.6049
20.8607
77.5856
173.375
137.736
117.775
43.2624
59.1282
55.8932
50.7538
43.2815
29.9398
20.9537
-53.9758
-55.3263
-28.8619
-15.7371
-9.29102
0.238728
14.3465
26.7802
33.386
39.9561
44.6954
46.5519
42.6533
42.7374
44.8824
44.8861
47.4299
48.696
49.2366
52.9535
55.2091
52.3513
76.6222
79.3078
29.8309
-45.2201
-142.368
-233.353
-273.776
-267.53
-227.15
-167.033
-116.872
-82.7173
-58.6318
-41.0925
-27.7593
-18.6283
-7.22947
7.81594
16.6918
17.694
-2.58067
-30.8357
-46.4744
-40.2071
-31.4836
-22.5659
-13.4238
-4.4116
4.37687
12.7951
20.5446
27.1858
32.2681
35.6431
37.4599
38.005
37.7787
37.2824
36.6836
36.1099
35.4288
34.6762
34.5696
36.0013
41.9026
53.2032
55.9974
129.004
120.771
108.689
104.068
92.793
96.8824
95.9937
71.9025
3.95004
-161.22
-317.622
184.437
-14.017
138.148
164.823
195.237
-163.16
-73.8552
10.7288
16.2421
181.751
138.53
123.942
103.419
78.6944
76.967
71.3198
63.1889
53.9484
39.7442
27.5069
-49.4557
-55.4395
-31.1454
-18.659
-16.6308
-7.48544
6.2894
14.0886
23.7226
36.2668
30.8503
22.6796
14.0744
9.61925
12.1555
14.8443
25.6048
31.2512
40.3094
49.1864
55.4662
60.9875
74.6992
22.8649
-62.9068
-164.106
-247.926
-260.11
-219.865
-153.352
-85.075
-41.2847
-11.8467
10.1141
25.0757
35.1691
44.4759
54.0197
55.6026
51.4655
38.4279
14.8911
-19.9191
-41.6957
-40.9007
-33.9744
-27.0226
-19.4406
-11.7527
-4.10417
3.52752
11.0492
18.1374
24.3117
29.1152
32.3511
34.179
34.9516
35.1745
35.2192
35.1968
35.1749
34.9889
34.5829
34.6879
35.8649
41.493
51.77
58.6202
160.515
121.296
105.92
102.492
85.6215
83.7826
84.5447
60.2757
-12.3154
-177.653
-330.166
177.973
-38.0784
119.186
159.324
197.174
-171.516
-76.8559
7.69682
-1.84614
230.856
135.717
149.682
93.0722
101.514
93.9006
84.4357
73.8533
63.8325
51.3491
41.4991
-28.1289
-47.8668
-28.7523
-21.1484
-22.8013
-16.9338
-4.60294
2.1345
18.8925
22.7859
2.8297
-12.0259
-20.4736
-20.9169
-10.9118
-0.78201
14.2459
26.9139
39.2439
46.4376
47.147
54.7514
8.46838
-82.8736
-181.508
-245.18
-222.455
-159.648
-78.4295
-13.1445
31.0166
62.1649
80.8611
92.2396
100.976
105.356
99.7768
88.0952
69.4303
46.1758
17.3116
-19.8952
-41.5409
-43.0488
-38.0327
-32.6723
-26.4077
-19.8025
-13.1798
-6.57746
0.128697
6.93222
13.4564
19.1923
23.7344
26.887
28.7952
29.868
30.6196
31.3218
32.0086
32.6913
33.1416
33.191
33.4931
34.6547
40.7798
48.5006
59.0562
196.85
119.37
93.5237
94.5253
82.5057
67.6065
71.1038
49.0244
-23.7658
-177.251
-347.264
158.527
-51.0646
94.5539
149.768
197.624
-180.105
-78.6536
10.4383
-24.7636
235.047
157.694
156.185
127.959
119.116
108.024
95.1468
82.3833
71.8172
62.8021
61.3162
22.4354
-33.992
-29.9062
-26.9864
-30.9154
-29.0384
-17.2517
-8.73156
6.4933
2.62363
-24.5175
-41.639
-47.9183
-41.0822
-28.7289
-9.27205
12.6309
27.4411
34.4554
36.9184
22.9153
-11.7154
-105.54
-196.612
-234.837
-178.102
-96.004
-8.35387
55.3546
98.4695
124.533
142.768
149.721
146.26
134.093
115.834
90.2258
60.1782
29.0971
-2.55714
-34.6537
-48.5966
-48.7741
-45.13
-41.07
-35.7794
-29.8617
-23.8187
-17.8606
-11.9827
-5.97631
0.246781
6.30095
11.6551
15.9902
19.178
21.3155
22.8181
24.1966
25.6736
27.2255
28.8182
30.1345
30.8852
31.5024
32.8757
40.4819
39.8777
44.6826
224.651
110.627
77.8726
72.2299
76.8414
56.1857
53.6034
37.3221
-31.7272
-165.524
-364.838
120.546
-45.6912
69.1157
138.258
197.196
-189.618
-80.4116
28.0159
7.49714
213.877
178.333
138.546
142.621
132.496
119.062
103.661
88.6341
76.6652
69.8572
75.6151
71.6638
-25.3715
-36.1843
-38.0841
-43.5249
-40.7214
-31.1798
-22.4587
-9.96691
-14.7903
-44.2817
-63.3245
-69.1828
-59.2619
-36.8867
-12.5896
9.80049
18.8212
27.9403
-10.5679
-44.5262
-131.827
-209.284
-214.785
-134.61
-35.0268
55.7379
113.274
151.226
173.879
179.846
169.28
150.005
122.946
89.6666
54.0459
19.4242
-9.70689
-38.2543
-56.6984
-60.5693
-58.4208
-55.4782
-52.2675
-47.8716
-42.5202
-36.7404
-30.9727
-25.4175
-20.0334
-14.5726
-8.88
-3.24711
1.81374
6.02652
9.34023
11.8434
13.9252
16.0631
18.4357
21.0088
23.6876
26.0923
27.7774
28.7021
29.5268
35.3129
18.327
12.663
222.722
88.0846
58.3673
50.0904
53.7755
53.4868
32.8969
23.2988
-36.3802
-149.753
-377.201
71.4467
-34.8148
51.74
128.145
196.934
-200.687
-85.7071
11.7979
107.796
152.474
166.828
156.868
155.466
144.122
128.493
110.78
93.0874
78.2356
70.275
77.5796
104.693
-34.2018
-50.4504
-49.9983
-53.7322
-52.104
-46.3715
-37.1482
-29.0314
-27.458
-55.894
-78.8862
-86.6165
-69.5347
-46.0188
-20.4263
0.524695
12.4695
-41.8444
-84.8982
-162.284
-219.253
-186.417
-90.1922
19.7925
101.562
155.87
183.415
184.261
169.991
144.278
107.116
65.6481
26.0621
-9.40133
-34.987
-56.1196
-71.1505
-74.1332
-72.8264
-69.6103
-67.9487
-65.1965
-61.6337
-57.0622
-51.6912
-45.998
-40.434
-35.1996
-30.2223
-25.2272
-20.03
-14.8084
-9.97475
-5.7789
-2.25884
0.673119
3.4015
6.37473
9.73357
13.4591
17.4053
21.0979
23.9732
25.4021
25.1833
25.9998
-7.6864
-7.59256
177.61
51.2478
34.9811
30.3025
30.394
41.0294
19.8852
5.65266
-38.2373
-127.671
-380.924
25.8198
-35.359
39.3543
120.312
197.511
-212.831
-92.8006
-22.6471
147.174
156.671
168.63
172.459
166.395
153.441
136.376
116.926
96.6831
77.7882
64.3154
63.7091
99.3798
-66.6926
-82.6978
-70.1649
-60.6877
-61.6449
-58.5892
-52.6647
-47.9668
-43.5456
-58.7192
-85.1799
-96.2897
-82.5978
-59.0699
-31.654
-9.83152
-74.7576
-133.178
-189.274
-225.653
-160.997
-50.2228
63.7863
136.53
175.483
176.131
156.356
119.185
73.5792
27.7905
-13.2968
-46.1541
-64.635
-77.2599
-85.8991
-86.0478
-85.7098
-83.4759
-82.6612
-80.6195
-78.2696
-75.4092
-71.787
-67.2401
-62.0019
-56.5197
-51.2313
-46.3778
-41.8714
-37.3741
-32.6692
-27.8622
-23.2443
-19.0102
-15.2247
-11.8351
-8.44834
-4.63487
-0.267184
4.68019
10.0438
15.2483
19.7103
22.2086
20.792
10.8619
-41.1801
-24.9177
99.889
6.38343
11.709
13.417
13.4425
13.2622
19.5722
-12.4735
-40.3473
-98.2684
-362.442
-20.1095
-51.6131
27.2055
113.956
198.808
-225.295
-99.2045
-47.8356
165.244
175.804
170.258
180.733
174.913
161.127
143.163
122.649
100.565
77.5997
55.8092
39.2587
56.4301
-103.506
-120.386
-87.8589
-71.306
-70.8477
-68.9593
-66.1587
-62.4336
-62.7449
-62.8783
-79.9009
-97.7825
-99.0889
-72.4776
-63.7314
-119.615
-183.641
-207.968
-223.167
-138.613
-16.0084
91.8325
152.185
161.483
138.844
91.6552
37.8348
-12.4563
-52.9902
-77.343
-85.4911
-93.3683
-97.5573
-95.191
-93.3686
-93.4898
-94.2119
-93.5357
-92.1006
-90.0094
-87.6363
-84.8982
-81.4545
-77.1837
-72.3234
-67.2707
-62.4393
-58.1151
-54.2144
-50.3218
-46.1582
-41.7927
-37.443
-33.2139
-29.1898
-25.367
-21.3375
-16.6804
-11.3087
-5.14883
1.70285
8.70245
15.3891
20.7153
23.0605
10.7514
-49.6116
-8.99863
18.1952
-30.6347
-0.178479
4.77833
3.24532
-0.61646
-3.82788
-15.6679
-44.695
-73.9068
-328.824
-72.0171
-62.9416
17.7638
109.545
200.864
-236.075
-95.3525
-12.9162
126.706
168.969
184.772
188.674
181.479
167.078
148.747
128.071
105.574
80.4524
51.6367
17.3846
6.30664
-125.362
-145.564
-105.116
-84.9265
-74.6207
-76.5391
-75.3342
-74.4669
-75.1338
-78.8993
-80.5481
-88.546
-99.9065
-124.475
-182.315
-242.845
-226.946
-211.028
-105.899
10.3016
107.27
142.901
121.832
71.2808
11.7146
-42.0268
-83.9262
-95.3821
-96.9613
-99.7004
-101.358
-98.5516
-99.1426
-100.078
-100.396
-100.896
-101.185
-100.564
-99.045
-97.0649
-94.9554
-92.5768
-89.5975
-85.9187
-81.7376
-77.3884
-73.248
-69.6363
-66.5006
-63.3718
-59.8693
-56.0243
-52.0299
-47.9174
-43.7556
-39.5746
-34.9602
-29.4722
-23.1063
-15.7918
-7.46422
1.48061
10.7918
20.7278
33.0879
22.0871
-15.8012
104.502
7.28194
0.551589
10.3236
5.87888
-1.48561
-9.53443
-17.3305
-20.3825
-58.7062
-71.3766
-287.528
-97.7653
-75.5092
11.6557
107.645
203.874
-246.795
-90.7104
18.0433
119.545
146.378
185.656
192.966
185.769
171.114
152.794
132.738
111.588
87.9101
57.5648
7.82722
-22.3444
-134.519
-153.165
-118.845
-101.488
-87.7014
-81.0051
-80.8722
-80.6461
-81.78
-84.6147
-90.8155
-103.434
-151.77
-226.72
-295.706
-260.519
-212.18
-80.0904
40.186
115.376
112.733
66.2804
1.65751
-57.3325
-97.2877
-102.541
-99.1155
-100.74
-98.4428
-96.9709
-99.579
-101.103
-102.519
-103.37
-103.943
-104.55
-104.81
-104.247
-102.886
-101.225
-99.5963
-97.8271
-95.5835
-92.7723
-89.5465
-86.1734
-82.9793
-80.2877
-78.0822
-75.8798
-73.2026
-70.0372
-66.5316
-62.6603
-58.4721
-54.0191
-48.9076
-42.6697
-35.3615
-26.9478
-17.2763
-6.72266
4.33342
16.312
30.7359
11.0704
18.2153
289.08
93.8768
47.1431
25.1259
9.68373
-3.4907
-15.4007
-26.2421
-38.9124
-53.303
-95.4853
-257.474
-106.261
-68.2878
12.5973
109.059
207.956
-263.101
-122.609
33.4143
110.68
162.862
190.955
196.368
188.348
173.235
154.88
135.597
116.665
97.5776
74.8279
34.7048
-3.6128
-61.6347
-141.486
-143.389
-122.192
-111.365
-100.692
-93.7184
-91.5802
-95.4249
-107.22
-135.214
-183.749
-247.402
-310.894
-276.493
-208.953
-72.777
41.6237
100.621
76.1923
14.786
-53.291
-96.5917
-104.45
-96.0732
-94.313
-91.6745
-92.6908
-94.1682
-95.8295
-98.388
-100.523
-102.019
-102.84
-103.565
-104.389
-104.864
-104.546
-103.538
-102.381
-101.425
-100.469
-99.1629
-97.4297
-95.3733
-93.1704
-91.1253
-89.5675
-88.4795
-87.3485
-85.6406
-83.3133
-80.4518
-76.9539
-72.8371
-68.1845
-62.6497
-55.7892
-47.6317
-38.0932
-27.0731
-15.0277
-2.61412
9.51859
13.5712
-22.8901
40.1052
234.185
79.4853
51.9815
29.918
11.928
-3.95507
-17.7143
-28.8606
-38.0939
-34.6019
-128.166
-277.935
-86.1825
-55.9544
18.6106
113.573
212.918
-278.11
-153.59
40.4818
111.809
167.552
193.438
197.836
189.114
173.503
154.964
136.177
119.034
104.394
91.6903
78.8564
69.5134
65.3872
-109.308
-162.21
-143.365
-135.385
-130.886
-129.166
-132.66
-143.141
-165.215
-206.145
-264.92
-320.711
-279.811
-188.432
-48.4963
42.7735
67.3869
21.6614
-42.038
-86.3242
-97.1255
-84.6629
-81.5881
-83.6812
-83.6942
-85.5778
-87.8438
-89.3495
-91.5452
-94.0126
-96.215
-97.8333
-98.786
-99.7833
-100.94
-101.735
-101.756
-101.212
-100.704
-100.573
-100.58
-100.354
-99.824
-99.0645
-98.1619
-97.4045
-97.1463
-97.3372
-97.3936
-96.7625
-95.3814
-93.2532
-90.2197
-86.2831
-81.5304
-75.6395
-68.244
-59.3104
-48.6543
-36.2074
-22.4398
-7.42949
10.1892
8.95184
-20.8685
92.1886
95.3178
44.7689
42.8477
29.0295
12.7757
-3.45722
-17.4642
-27.7564
-30.5595
-20.845
-153.921
-252.524
-112.261
-48.1958
27.0213
120.316
218.421
-286.919
-135.697
7.03199
107.178
167.441
193.277
197.167
187.974
171.96
153.186
134.577
118.422
106.341
98.9809
96.3102
94.7727
130.486
-78.7303
-165.331
-174.267
-162.388
-159.278
-162.586
-172.529
-194.023
-229.228
-276.575
-312.666
-262.641
-152.562
-25.4007
42.4385
41.3627
-15.8554
-77.7006
-100.018
-92.8796
-75.781
-69.7264
-65.1772
-71.334
-73.9503
-78.8488
-81.1108
-81.8687
-84.5395
-86.9571
-89.093
-90.8217
-91.903
-93.2575
-94.824
-95.9681
-96.37
-96.355
-96.5896
-97.3843
-98.4223
-99.3323
-100.048
-100.631
-101.103
-101.71
-102.83
-104.371
-105.656
-106.127
-105.728
-104.373
-101.838
-98.1675
-93.4443
-87.2945
-79.3841
-69.7068
-58.0538
-44.3821
-29.3957
-13.0906
5.86503
-5.9105
17.6924
259.628
83.8489
30.7041
38.5332
28.0423
13.3595
-2.11464
-15.0784
-23.3643
-17.9889
-56.1759
-250.731
-156.322
-101.682
-36.036
38.0506
128.616
224.186
-294.305
-141.45
-2.76203
103.461
165.308
191.187
194.614
185.083
168.825
149.855
131.241
115.457
104.468
99.1925
99.0732
97.6997
123.434
-56.0591
-162.616
-195.385
-196.287
-194.578
-201.284
-218.516
-246.033
-276.209
-290.656
-232.756
-110.165
5.99274
48.5779
25.4666
-40.0948
-88.6828
-98.7975
-77.7948
-70.1356
-66.1458
-62.523
-64.3184
-65.2005
-59.8324
-67.0138
-71.3027
-71.8718
-76.1397
-78.0469
-79.9893
-81.8685
-82.9848
-84.7477
-86.7217
-88.1383
-88.9283
-89.4945
-90.5287
-92.2881
-94.3324
-96.3317
-98.2621
-100.162
-102.03
-104.026
-106.499
-109.325
-111.765
-113.271
-113.817
-113.253
-111.244
-107.879
-103.263
-96.9272
-88.4953
-78.0732
-65.4481
-50.4975
-34.1348
-16.3686
-3.04811
-22.5781
57.5783
164.148
66.2616
52.9825
41.0843
29.0908
14.685
0.166826
-10.7461
-16.2892
-21.8528
-106.647
-326.36
-68.1642
-71.9053
-20.9751
50.4181
137.489
229.775
-313.481
-142.038
-7.32402
100.2
162.052
187.59
190.427
180.59
164.281
145.277
126.61
110.867
100.205
95.7101
96.5158
97.4987
122.198
-18.1902
-130.393
-177.272
-203.562
-218.24
-230.298
-242.404
-254.99
-249.906
-187.574
-62.2787
37.1671
56.6742
17.4468
-48.9922
-83.5127
-86.5946
-66.0766
-66.3006
-62.5557
-60.8796
-58.8681
-60.0651
-57.8577
-55.1102
-61.6791
-57.0411
-55.8045
-67.241
-67.727
-69.9123
-71.9387
-72.8288
-75.0576
-77.3315
-78.746
-79.8656
-81.1003
-82.9977
-85.7401
-88.6808
-91.6312
-94.6916
-97.8261
-101.015
-104.322
-108.008
-111.953
-115.403
-117.815
-119.212
-119.411
-117.944
-114.856
-110.298
-103.756
-94.8461
-83.7669
-70.3025
-54.2192
-36.2458
-12.6724
-4.11515
0.587395
178.151
72.1881
45.7997
51.6103
42.7506
31.085
17.1764
4.63602
1.49264
-8.31757
-76.1968
-234.322
-154.87
-94.3648
-53.5757
-5.83315
63.2515
146.478
235.021
-330.893
-152.1
-9.56896
96.3871
157.498
182.497
184.735
174.612
158.36
139.47
120.792
104.972
94.3658
90.3957
92.2662
95.9897
108.22
75.9474
-50.5278
-133.828
-168.79
-189.762
-202.185
-210.693
-191.082
-130.156
-13.8015
67.7638
67.1261
17.3349
-43.2261
-69.9882
-69.237
-56.6886
-58.6269
-58.0675
-56.1407
-54.4357
-52.6926
-51.7651
-51.8992
-51.4384
-56.7315
-51.7967
-44.9759
-55.1128
-52.093
-59.3787
-61.8047
-62.2596
-65.1871
-67.4177
-68.2153
-69.5572
-71.6474
-74.4586
-78.1582
-81.7956
-85.5037
-89.5828
-93.8031
-98.1365
-102.552
-107.207
-112.041
-116.328
-119.506
-121.622
-122.467
-121.479
-118.596
-113.991
-107.15
-97.7661
-86.0923
-71.8207
-55.0255
-36.8709
-13.5931
-16.3972
41.4207
124.306
64.4586
54.3521
53.8285
45.0693
32.8706
18.949
8.43427
15.781
-39.6911
-146.897
-301.697
-47.4398
-65.4979
-35.2559
9.70532
75.746
154.985
239.49
-342.31
-166.196
-15.3233
91.1448
151.602
175.916
177.643
167.296
151.137
132.42
113.679
97.5232
86.5364
82.6903
86.1247
94.0443
101.129
132.45
19.1276
-68.2635
-112.877
-135.798
-140.414
-118.448
-68.6619
25.5967
93.9657
76.9903
24.5586
-31.6301
-57.2357
-57.3805
-48.8534
-51.2051
-51.7624
-51.1279
-49.7178
-48.1586
-46.5692
-45.4636
-45.3897
-45.3077
-45.7644
-45.4
-43.3526
-51.2458
-42.199
-42.3444
-47.847
-51.2592
-56.8007
-57.8488
-56.5925
-58.1239
-61.5976
-65.3813
-69.9349
-73.8723
-78.1048
-83.1232
-88.1534
-93.3472
-98.6205
-103.982
-109.475
-114.404
-118.158
-120.798
-122.058
-121.348
-118.565
-113.891
-106.761
-96.9269
-84.6801
-69.445
-51.9142
-32.0592
-6.50474
-3.14791
119.935
72.8479
54.5395
60.6743
56.9825
47.0651
33.509
19.2274
9.82469
-19.8463
-121.784
-211.486
-102.941
-83.2182
-53.864
-22.145
23.6714
87.0263
162.426
242.894
-356.344
-175.964
-21.9737
85.0544
144.714
168.102
169.309
158.768
142.67
124.101
105.27
88.5001
76.4759
71.465
74.5164
84.7539
101.533
134.12
63.4015
3.54559
-34.1951
-49.6738
-42.0061
-12.6811
53.2882
107.01
82.6915
35.471
-17.729
-44.7139
-50.261
-43.9386
-45.7595
-46.0422
-45.9738
-45.3007
-44.0425
-42.4382
-40.7768
-39.5646
-39.2309
-39.0928
-38.8722
-38.4066
-37.2102
-38.6695
-38.3382
-38.8501
-45.4379
-24.5975
-46.4658
-52.9994
-43.7368
-45.244
-51.6233
-56.4013
-61.5696
-64.9835
-69.535
-75.5794
-80.9206
-86.5617
-92.4925
-98.3378
-104.298
-109.628
-113.656
-116.565
-117.991
-117.318
-114.499
-109.777
-102.471
-92.2973
-79.6443
-63.6698
-46.4304
-20.922
-5.4882
28.8181
77.4752
62.0629
65.4435
64.7542
59.9588
47.6769
33.1156
23.854
-5.23316
-120.465
-144.972
-67.5585
-137.465
-79.0703
-43.0054
-9.3351
36.7655
97.4931
168.987
245.379
-370.159
-185.63
-29.2974
78.2901
137.11
159.423
160.002
149.256
133.156
114.659
95.6865
78.1782
64.4824
56.7768
56.2751
63.0139
77.844
100.407
80.5372
52.5438
30.2543
22.6608
30.4974
64.1441
105.993
90.1435
46.9202
-4.37845
-33.7007
-44.0774
-40.2173
-42.9033
-42.2562
-41.6786
-41.2852
-40.6252
-39.3907
-37.6609
-35.8398
-34.4916
-33.8213
-33.3329
-32.6218
-31.7527
-30.7065
-30.9864
-31.1348
-30.4477
-31.6581
-29.2068
-41.7577
-44.5871
-13.6092
-33.4225
-44.2467
-48.7933
-53.6064
-54.5679
-59.7558
-67.4817
-72.1013
-77.7236
-84.343
-90.4208
-96.6685
-102.098
-105.992
-108.879
-110.291
-109.55
-106.632
-101.952
-94.5951
-84.1923
-71.2076
-54.63
-38.0839
-7.1359
-6.18799
61.7069
57.4714
60.4138
69.8118
68.1437
62.6289
47.1073
32.4844
10.6165
-86.1979
-199.716
-114.685
-40.2285
-78.7898
-63.5542
-32.1219
2.45062
48.2717
106.738
174.653
247.041
-383.366
-195.378
-37.0926
70.9167
128.968
150.199
150.03
139.043
122.948
104.472
85.3497
67.0795
51.4165
40.0678
33.954
33.5164
38.972
49.7992
75.1984
72.7162
62.8636
57.4703
59.5496
87.004
87.5002
49.8054
5.84667
-24.9453
-39.7949
-39.1369
-42.8633
-41.3572
-39.5039
-38.4381
-37.8474
-37.1625
-35.9034
-34.0207
-31.9938
-30.4076
-29.347
-28.3784
-27.1638
-25.8365
-24.6435
-24.3538
-24.2121
-23.2315
-22.9809
-22.3119
-24.8751
-26.8229
-20.5107
-33.2342
-4.38716
-42.3913
-57.3117
-42.3549
-48.44
-60.2394
-61.4566
-66.8157
-74.8174
-80.6004
-86.9427
-92.003
-95.3654
-97.9849
-99.2441
-98.4775
-95.612
-91.2902
-84.0979
-73.6674
-60.4823
-43.5573
-26.8041
11.1964
15.442
52.6731
62.3405
70.254
76.4905
71.9462
69.5132
41.7521
6.46092
-68.8954
-183.266
-163.065
43.627
-82.824
-74.7692
-56.7518
-24.5029
11.6994
57.5296
114.167
179.097
247.858
-396.481
-204.881
-44.8925
63.2545
120.523
140.675
139.669
128.339
112.298
93.9635
74.7945
55.8946
38.3942
23.2892
11.1018
2.72329
-3.42948
1.54368
61.5108
76.4829
70.3091
60.7606
54.8723
53.8795
35.9416
8.13422
-20.081
-36.9523
-43.9903
-46.0012
-43.3135
-40.1555
-37.8791
-36.5541
-35.811
-35.024
-33.721
-31.6829
-29.3347
-27.3564
-25.8978
-24.4623
-22.714
-20.8817
-19.3764
-18.5926
-17.9072
-16.4428
-15.1256
-14.1825
-14.8195
-16.4938
-15.3435
-18.4387
-16.6744
-30.644
-48.6809
-0.643879
-47.3823
-62.3073
-46.9555
-51.7127
-64.582
-69.0879
-76.0851
-79.8537
-82.5249
-84.6147
-85.5037
-84.6619
-82.4334
-79.2858
-72.5855
-62.1754
-48.8441
-32.5739
-16.1414
21.64
49.0066
57.7499
71.9086
77.3552
85.774
75.633
62.2314
-2.34676
-64.1745
-149.205
-107.28
49.3001
-113.872
-77.1619
-71.4875
-49.5716
-17.7414
19.4788
65.0855
120.044
182.389
248.077
-409.502
-214.17
-52.5031
55.595
111.963
131.044
129.154
117.407
101.43
83.4167
64.4549
45.2953
26.5224
8.56423
-8.1621
-23.7502
-52.8831
-19.4103
58.8611
79.7887
70.0955
51.7246
27.6549
9.26953
-9.19403
-24.1012
-37.0531
-44.94
-43.4108
-45.4151
-43.0618
-39.9286
-37.5238
-36.0909
-35.2589
-34.3971
-32.9469
-30.6563
-27.9026
-25.4824
-23.6364
-21.7798
-19.49
-17.0888
-15.1174
-13.8001
-12.541
-10.5743
-8.44939
-6.94568
-6.89591
-8.12681
-8.38572
-10.0201
-11.652
-16.9173
-24.4091
-17.9193
-44.7911
-26.7362
-16.8312
-52.2604
-63.2477
-54.0472
-65.2366
-63.1994
-68.0426
-69.9073
-70.3894
-68.981
-69.2345
-68.6859
-62.4126
-51.2221
-36.7627
-21.122
-4.55373
20.9058
56.543
66.537
81.8868
83.9192
82.4751
58.1822
9.89866
-55.0329
-122.616
-57.052
73.1621
-146.415
-89.9466
-78.6623
-68.5257
-44.2639
-12.4945
25.6388
71.0379
124.616
184.62
247.682
-422.132
-223.163
-59.8236
48.0746
103.268
121.167
118.416
106.27
90.4547
73.0118
54.6904
35.8957
16.998
-1.65128
-17.0033
-38.5556
-73.4669
33.892
83.5412
88.8052
73.1475
45.9217
11.8165
-26.7111
-38.7159
-43.8822
-47.4944
-50.261
-50.8202
-48.1332
-44.6692
-41.297
-38.7026
-37.1671
-36.3275
-35.384
-33.6227
-30.935
-27.7911
-24.9788
-22.7347
-20.4499
-17.5972
-14.5518
-12.0204
-10.1692
-8.34657
-5.83945
-3.01217
-0.881439
-0.288195
-0.944112
-1.26294
-2.06127
-3.5363
-6.62212
-11.6164
-12.6772
-19.9601
-19.6985
-21.9362
-47.7467
-6.93728
-34.1108
-67.929
-62.1262
-60.8153
-53.5237
-52.8121
-45.6394
-56.455
-61.7214
-55.3708
-41.483
-23.7431
-7.83721
11.7971
23.2006
50.1761
65.4438
79.1298
70.2383
53.3496
45.5386
-25.6889
-14.5232
-90.0074
58.6171
-152.813
-98.6572
-95.003
-84.0728
-68.2399
-41.8824
-9.16209
29.9225
75.4039
128.053
186.178
247.031
-433.995
-231.65
-66.7766
40.7142
94.4853
110.983
107.328
94.8323
79.2764
62.5944
45.2961
27.5222
9.57769
-7.90291
-21.7992
-52.6955
3.73513
63.6773
73.1655
66.0979
56.3298
42.0133
12.1788
-45.1996
-61.0445
-57.5223
-54.4162
-53.9039
-54.3735
-51.4286
-47.7688
-44.239
-41.5188
-39.8823
-38.9863
-37.8603
-35.7013
-32.542
-29.0771
-25.9895
-23.3704
-20.5838
-17.0965
-13.3479
-10.216
-7.84885
-5.47539
-2.36391
1.17028
3.99286
5.21448
5.20725
5.32086
5.36344
4.67052
2.61418
-0.893873
-2.96052
-6.57821
-9.97368
-13.6735
-22.3255
-16.9607
-29.8067
-57.346
-12.2052
-6.06512
-61.0191
-51.4226
-36.9256
-64.8683
-66.0794
-52.892
-31.023
-10.0399
5.59097
25.5418
9.21931
23.9371
50.8689
84.9781
100.009
42.962
60.47
38.3741
-30.5585
-29.641
-175.761
-112.854
-110.606
-106.552
-90.7414
-70.7475
-41.9849
-7.60587
32.5587
78.4403
130.477
187.15
246.219
-444.868
-239.476
-73.3628
33.4123
85.5623
100.538
95.9432
83.153
67.8716
52.0306
36.025
19.8647
3.53458
-12.054
-26.9919
-38.0139
30.9649
32.973
22.9275
17.5646
19.0558
17.4612
9.00875
-35.0579
-75.5008
-71.0764
-61.9608
-58.4299
-57.9816
-55.7794
-52.3901
-48.8655
-46.0771
-44.3132
-43.1659
-41.7129
-39.1439
-35.5567
-31.8241
-28.5438
-25.5657
-22.2108
-18.0462
-13.5881
-9.81049
-6.86947
-3.87632
-0.0534747
4.22316
7.72047
9.59235
10.3069
11.1219
12.0526
12.1752
10.8144
8.27169
6.36583
3.89948
0.313242
-3.93668
-9.76813
-12.1708
-17.4283
-25.2863
-14.8742
-17.7227
-47.094
-42.7306
56.9742
-14.2012
-80.1969
-73.648
-41.2957
16.4583
32.7985
49.861
16.4844
21.1866
40.709
91.4513
116.083
49.7099
-25.7646
-13.4217
-57.961
-151.803
-129.952
-121.375
-122.724
-114.424
-97.0559
-74.2088
-43.3963
-7.29496
33.9355
80.3372
132.17
187.904
245.547
-454.62
-246.416
-79.4962
26.1903
76.5564
89.9656
84.4146
71.349
56.3242
41.2609
26.7438
13.2316
1.29465
-5.55409
-46.0626
25.2903
0.350766
-14.6134
-21.7456
-26.9634
-30.109
-20.8488
-9.86552
-17.2057
-82.0281
-84.7909
-71.1907
-64.7672
-63.3321
-61.701
-58.6583
-55.1637
-52.2886
-50.3121
-48.7771
-46.9076
-43.9649
-40.0418
-36.0343
-32.5323
-29.1877
-25.2489
-20.4209
-15.2893
-10.81
-7.15226
-3.40186
1.2159
6.25026
10.4058
12.9378
14.4463
16.1037
17.9036
18.7498
17.9399
16.0795
14.582
12.7864
9.60826
5.3012
0.315782
-3.18044
-6.74237
-11.0396
-10.7791
-12.6695
-20.235
-17.1802
8.65983
-23.0168
-75.3072
-63.7967
-42.9187
78.5104
109.244
89.0813
22.9282
-5.91082
-39.4713
-43.6615
13.1043
50.6839
-25.8516
-94.6287
-92.0827
-89.9065
-124.419
-129.614
-130.381
-121.32
-102.825
-77.723
-45.3419
-7.85189
34.4473
81.4011
133.319
188.507
245.063
-463.433
-252.499
-85.1
19.1656
67.6386
79.5342
73.0454
59.56
44.5288
29.7469
15.9073
3.98601
-4.0449
-4.49684
33.0602
-12.8696
-28.0396
-37.0498
-44.6273
-51.8267
-55.7512
-55.062
-42.9595
-26.0525
-50.4243
-93.4656
-83.1693
-73.3207
-70.3176
-69.3323
-66.6315
-63.0675
-59.9071
-57.5768
-55.68
-53.4041
-50.1094
-45.867
-41.5289
-37.7226
-34.0188
-29.5436
-24.0592
-18.2121
-12.9293
-8.41886
-3.84816
1.53931
7.31257
12.1884
15.4789
17.8423
20.3479
22.896
24.318
23.971
22.6801
21.6716
20.3587
17.4611
13.1198
8.51155
5.06932
1.97641
-1.58905
-3.71233
-5.84513
-9.65912
-11.6459
-9.24463
-21.8219
-41.0767
-37.6553
-22.2243
28.7816
45.5939
46.7895
-3.24168
-15.6984
-29.2253
-50.116
-33.4586
-7.94437
-33.9567
-53.2181
-88.7772
-107.254
-132.181
-137.399
-137.2
-127.246
-107.588
-80.7713
-47.168
-8.67611
34.6746
82.1753
134.144
189.178
245.226
-471.48
-257.932
-90.3266
12.3184
58.925
69.4931
62.1377
48.0252
32.5543
17.2993
2.35356
-12.613
-26.581
-32.7053
-39.9685
-35.263
-38.3025
-45.411
-53.4405
-61.2175
-68.747
-75.2882
-72.8368
-56.2216
-43.789
-102.128
-100.253
-85.5782
-80.2831
-79.0267
-76.2696
-72.4177
-68.7524
-65.9951
-63.7837
-61.1557
-57.4607
-52.8139
-48.0737
-43.9075
-39.8647
-34.8939
-28.6581
-21.9065
-15.6849
-10.2786
-4.93948
1.13612
7.6422
13.3414
17.4894
20.6833
23.9263
27.1018
29.0368
29.1302
28.2989
27.6755
26.6383
23.8202
19.3969
14.9516
11.5888
8.43497
4.71365
1.56862
-1.16539
-4.77209
-8.59816
-11.2816
-18.1853
-26.7304
-26.7571
-20.1247
-3.65347
1.00726
8.97646
-30.6287
-21.8086
-16.3143
-27.696
-26.2896
-28.8282
-51.7143
-72.6256
-99.7822
-117.49
-136.563
-142.606
-141.491
-130.744
-110.511
-82.7596
-48.2897
-9.17236
34.8175
82.8388
134.687
189.609
245.786
-478.96
-262.962
-95.4133
5.47758
50.3096
59.819
51.8549
37.3289
21.8479
7.4126
-5.83139
-19.9816
-55.5602
-41.2883
-36.787
-40.2961
-46.7641
-54.7908
-63.6164
-72.1672
-79.4934
-84.8543
-91.0361
-88.2313
-67.1154
-67.2367
-118.924
-101.735
-93.7696
-90.8339
-87.2601
-82.8882
-78.7129
-75.5313
-72.9939
-69.9584
-65.6964
-60.525
-55.3795
-50.8572
-46.43
-40.8838
-33.7491
-25.921
-18.7008
-12.4678
-6.43023
0.34598
7.65753
14.2415
19.2248
23.1355
27.0054
30.7681
33.209
33.6684
33.0755
32.609
31.704
28.911
24.3784
19.8425
16.2739
12.7409
8.56581
4.67589
1.15483
-3.14845
-7.99708
-12.0915
-17.0118
-22.1638
-23.3703
-21.1547
-15.5392
-15.0518
-7.56364
-35.3374
-16.4967
-14.5116
-28.6645
-34.0734
-43.8345
-63.398
-83.2531
-106.539
-123.655
-139.626
-145.394
-143.126
-131.566
-110.957
-83.0014
-48.183
-8.70048
35.2929
83.5288
135.464
190.071
246.107
-486.164
-267.98
-100.709
-1.65194
41.4235
49.9101
41.2852
26.0338
9.73863
-5.0844
-16.6025
-19.5827
8.7156
-27.9831
-41.6953
-48.8457
-55.9807
-64.377
-73.7449
-82.9275
-90.9676
-96.9623
-100.77
-105.514
-100.597
-81.0764
-115.181
-116.849
-106.163
-102.475
-98.8315
-94.1299
-89.6445
-86.1251
-83.169
-79.5298
-74.5362
-68.7622
-63.2284
-58.3068
-53.2801
-46.9142
-38.7751
-29.8943
-21.7563
-14.7538
-7.96524
-0.371259
7.79351
15.1855
20.8784
25.4366
29.9526
34.308
37.1457
37.751
37.157
36.7044
35.8789
33.0885
28.355
23.4748
19.4594
15.3834
10.634
6.05924
1.76367
-3.32222
-8.80473
-13.1787
-17.043
-20.5741
-21.678
-20.418
-17.3708
-15.7929
-9.1677
-20.8688
0.23562
-10.3718
-30.2753
-41.3475
-54.8093
-73.135
-91.6262
-111.887
-127.504
-140.679
-145.344
-141.869
-129.716
-108.75
-80.8357
-46.4264
-7.01499
36.9484
84.8179
136.441
190.947
247.02
-493.247
-273.248
-106.57
-9.46188
31.9281
39.5588
30.635
15.2989
-0.946961
-15.8892
-30.4217
-56.9435
-53.4084
-48.1825
-53.2318
-58.9431
-65.9655
-74.6038
-84.5385
-94.5482
-103.279
-109.814
-113.75
-115.522
-117.472
-106.545
-97.2546
-151.586
-124.16
-113.924
-110.793
-106.051
-101.357
-97.4833
-93.9326
-89.5729
-83.8655
-77.485
-71.4476
-65.9077
-59.9842
-52.5703
-43.4259
-33.6306
-24.633
-16.7753
-9.10086
-0.642131
8.28728
16.347
22.6959
27.9409
33.1211
37.9541
40.9714
41.5518
40.9475
40.5722
39.7594
36.7381
31.554
26.1816
21.6913
17.0803
11.6305
6.24407
1.21716
-4.38335
-10.1219
-14.3404
-17.2361
-19.1491
-18.5689
-15.3346
-10.1118
-3.4487
3.37175
14.8855
27.3998
-4.15469
-32.0403
-48.2126
-63.5838
-80.7471
-97.6304
-115.226
-128.638
-139.077
-142.182
-137.372
-124.811
-104.15
-76.5061
-42.5507
-4.02365
39.295
86.7503
137.87
192.051
248.102
-500.23
-278.784
-113.212
-18.4509
21.1445
27.9849
18.9194
3.51381
-13.023
-28.1434
-39.6113
-23.1431
-45.1156
-54.8365
-61.9073
-68.506
-76.07
-85.253
-95.9063
-106.786
-116.274
-123.317
-127.805
-130.33
-132.001
-131.149
-117.83
-130.669
-137.9
-129.196
-124.258
-118.774
-113.586
-109.161
-104.908
-99.8833
-93.5946
-86.563
-79.7173
-73.2305
-66.2604
-57.8101
-47.7235
-37.008
-27.0175
-18.1655
-9.62243
-0.433815
9.18759
17.9913
25.1143
31.0231
36.6375
41.6767
44.7596
45.3968
44.9289
44.6459
43.6708
40.2028
34.4939
28.7031
23.77
18.5186
12.2244
6.01407
0.391705
-5.50019
-11.2289
-15.0097
-16.7195
-16.6572
-13.4664
-6.93592
2.55263
16.6965
26.28
72.8789
61.9154
2.84744
-33.9447
-54.4889
-70.7751
-86.6026
-101.398
-116.459
-127.276
-134.676
-136.006
-130.331
-117.058
-96.4269
-69.9509
-37.192
0.336563
42.5873
89.1269
139.538
193.392
249.428
-506.929
-284.325
-120.528
-28.7788
8.87707
15.3824
7.09394
-7.00406
-22.3956
-38.8154
-69.8016
-63.926
-62.9679
-68.0146
-73.2203
-79.2401
-86.9694
-96.687
-107.943
-119.397
-129.378
-136.834
-141.855
-145.17
-147.957
-151.092
-147.52
-139.276
-183.662
-146.404
-135.462
-131.14
-125.772
-120.906
-116.137
-110.561
-103.635
-95.7056
-87.7102
-80.0769
-72.1299
-62.7743
-51.7
-39.8637
-28.7242
-18.8963
-9.62261
0.234923
10.6773
20.4163
28.3275
34.6753
40.4517
45.6431
48.9704
49.8237
49.4316
49.04
47.7949
43.9683
37.8654
31.661
26.2016
20.2665
13.2672
6.42726
0.243723
-6.0742
-11.8451
-15.0735
-15.6795
-14.1687
-9.24377
-0.48554
12.3491
33.0019
47.1276
123.708
114.831
12.1885
-37.6941
-61.3172
-77.1693
-91.1649
-103.095
-115.066
-123.453
-128.369
-127.403
-120.481
-107.095
-86.6984
-61.1348
-29.9569
6.07346
46.9159
92.3223
141.83
194.995
250.867
-513.215
-289.771
-128.508
-40.6019
-5.2084
1.29138
-5.50267
-17.143
-27.9323
-32.9757
-21.8239
-55.1537
-69.2305
-77.1519
-83.0964
-89.5078
-97.9448
-108.501
-120.298
-132.017
-142.24
-150.133
-155.76
-159.607
-162.352
-164.553
-163.948
-152.363
-150.26
-165.61
-150.797
-144.554
-138.243
-132.862
-127.735
-121.586
-113.724
-104.597
-95.3651
-86.6762
-77.84
-67.513
-55.2518
-42.1759
-29.9808
-19.3263
-9.26584
1.5293
13.0092
23.6029
31.9963
38.5786
44.6231
50.245
53.9741
54.9375
54.4096
53.8681
52.5426
48.561
42.1062
35.4637
29.5759
23.1054
15.4954
7.99271
1.15034
-5.60826
-11.4376
-14.5596
-15.3611
-14.5514
-10.8273
-3.916
6.09866
23.1141
23.5737
97.7071
52.4647
-24.8522
-54.1139
-72.0403
-83.8846
-94.584
-103.633
-112.62
-117.813
-120.098
-117.252
-108.961
-95.4116
-75.6735
-51.1249
-21.49
12.8908
52.067
95.9432
144.224
196.725
252.438
-518.985
-295.218
-137.308
-53.9978
-21.2105
-14.8187
-20.6005
-31.9061
-44.2431
-51.9853
-68.4796
-76.5903
-83.916
-89.2507
-94.2774
-100.514
-109.22
-120.257
-132.43
-144.352
-154.884
-163.33
-169.543
-173.847
-176.704
-178.755
-179.748
-177.02
-173.848
-199.088
-164.901
-155.023
-149.64
-144.466
-139.293
-132.537
-123.596
-113.288
-103.009
-93.3639
-83.5063
-72.0131
-58.5277
-44.3621
-31.2495
-19.6581
-8.47451
3.5083
15.9363
27.0812
35.7992
42.8055
49.4478
55.5899
59.5488
60.5323
60.0396
59.6152
58.3177
54.1224
47.3346
40.5326
34.6018
27.7222
19.2854
11.0151
3.73916
-3.32033
-9.71777
-14.0256
-16.9022
-19.2813
-20.4062
-21.3192
-24.0488
-27.6574
-54.4555
-28.8578
-219.964
-131.823
-86.2147
-87.4278
-91.7885
-98.2281
-103.508
-109.423
-111.582
-111.202
-106.478
-96.9032
-83.2327
-64.2314
-40.6482
-12.3791
20.1853
57.5066
99.7865
146.893
198.588
254.025
-524.301
-300.926
-147.165
-68.8542
-38.6088
-31.8534
-35.9448
-46.3315
-62.1437
-94.4426
-84.7112
-87.7402
-93.8142
-99.1738
-104.684
-111.396
-120.239
-131.307
-143.701
-156.062
-167.247
-176.368
-183.02
-187.49
-190.411
-192.504
-194.496
-192.895
-181.909
-175.533
-193.244
-165.799
-162.143
-156.839
-151.023
-143.305
-133.332
-122.081
-110.888
-100.181
-89.1322
-76.5156
-62.0726
-46.9702
-32.7458
-19.8403
-7.35721
5.63894
18.7538
30.4677
39.82
47.5177
54.7658
61.2997
65.5106
66.7655
66.5033
66.1455
64.8098
60.6875
54.1115
47.4494
41.3604
34.0025
25.058
16.5801
9.1421
1.39437
-6.39299
-12.7579
-18.8059
-26.2827
-35.1248
-47.413
-67.1067
-97.9517
-153.743
-202.071
-555.34
-201.098
-105.131
-99.0188
-97.7053
-101.072
-103.244
-106.143
-105.58
-102.762
-96.3944
-85.7475
-71.6046
-53.1166
-30.624
-3.71359
27.3318
63.0259
103.732
149.751
200.58
255.422
-529.371
-307.032
-158.184
-85.1161
-57.2838
-49.8055
-51.1648
-56.835
-64.1419
-63.5606
-84.7419
-95.446
-102.683
-108.643
-114.799
-121.999
-130.845
-141.709
-154.191
-167.094
-178.994
-188.681
-195.611
-200.215
-203.416
-205.795
-207.494
-207.425
-200.085
-191.225
-196.716
-180.723
-173.624
-168.81
-162.063
-153.685
-143.086
-131.057
-118.853
-107.03
-94.998
-81.6094
-66.3531
-50.0841
-34.3896
-20.0864
-6.55405
7.22027
21.1211
33.7382
43.942
52.2802
60.0701
67.1852
71.948
73.558
73.4206
73.1836
72.2212
68.6639
62.5091
55.8754
49.6881
42.4408
33.7133
25.2941
17.6114
9.22198
0.322525
-7.94838
-17.208
-29.1424
-43.237
-62.1627
-90.8222
-133.591
-203.239
-327.425
-553.772
-202.207
-114.793
-104.136
-101.2
-103.113
-103.115
-103.557
-100.761
-95.8315
-87.85
-76.288
-61.4813
-43.1535
-21.6576
3.80975
33.5449
68.0784
107.519
152.428
202.562
256.726
-534.445
-313.415
-170.103
-102.684
-77.6626
-70.3738
-71.0316
-76.0618
-82.905
-90.9775
-98.3514
-105.471
-111.853
-117.845
-124.185
-131.591
-140.592
-151.567
-164.254
-177.534
-189.797
-199.748
-206.979
-212.019
-215.647
-218.172
-219.285
-218.656
-214.548
-204.512
-202.613
-214.337
-179.969
-178.49
-172.425
-164.055
-152.961
-140.02
-126.835
-114.29
-101.742
-87.6715
-71.2937
-53.5818
-36.5209
-21.1616
-6.72673
8.04936
23.0274
36.5891
47.5567
56.6452
65.3019
73.2239
78.4417
80.2254
80.4495
80.9568
80.7736
77.6484
71.7848
65.6307
60.1415
53.5239
45.1515
37.0346
29.8052
21.4596
11.6795
2.14066
-8.17126
-21.3154
-36.3292
-53.548
-73.8328
-91.9141
-98.818
-97.1623
186.126
30.716
-69.3457
-90.9477
-98.1383
-102.234
-102.159
-101.474
-97.3279
-90.7955
-81.2711
-68.8854
-53.7127
-35.4823
-14.4849
10.2481
38.9601
72.5701
110.985
154.7
204.339
258.185
-539.247
-319.431
-182.113
-120.595
-98.0899
-89.9115
-88.1189
-91.3921
-119.745
-107.911
-106.897
-112.979
-119.679
-126.109
-132.534
-139.944
-149.272
-160.745
-173.785
-187.184
-199.5
-209.659
-217.379
-222.961
-226.839
-229.242
-230.015
-228.971
-226.23
-216.966
-203.571
-201.709
-202.38
-188.345
-184.146
-174.668
-162.636
-148.867
-135.202
-122.414
-109.421
-94.4048
-76.7677
-57.8654
-39.808
-23.4666
-7.9171
8.00755
23.9818
38.4375
50.441
60.6732
70.2283
78.662
84.2961
86.7377
87.8696
89.2139
89.588
86.9742
81.9351
76.797
72.195
66.5292
59.4037
52.3437
45.5889
37.5939
28.4149
19.3711
9.44508
-2.55037
-14.6916
-25.7491
-33.6785
-28.6392
2.19185
51.3129
384.52
52.3338
-64.313
-84.8499
-94.21
-98.7284
-98.9565
-97.8344
-92.989
-85.7546
-75.4201
-62.6747
-47.429
-29.2403
-8.46355
16.0728
43.9327
76.3499
114.421
157.554
206.144
259.147
-543.152
-324.282
-193.641
-138.942
-119.51
-109.967
-103.389
-98.3027
-77.5801
-96.6547
-109.565
-118.582
-126.365
-133.288
-139.923
-147.512
-157.184
-169.012
-182.174
-195.547
-208.055
-218.745
-227.064
-232.923
-236.617
-238.624
-239.195
-238.08
-234.935
-228.937
-217.785
-214.787
-218.807
-198.875
-193.542
-183.947
-171.65
-157.886
-144.248
-131.195
-117.548
-101.67
-83.1611
-63.3788
-44.3142
-26.8936
-10.3617
6.50569
23.6185
39.419
52.6611
63.7375
73.8636
83.0393
89.7226
93.1432
94.9504
96.988
98.3127
96.6493
92.401
88.3905
85.468
81.4567
75.5652
69.7086
64.3999
57.8024
49.923
42.4194
34.0797
23.5473
13.115
3.82315
-4.26847
-5.97353
1.42085
6.13509
50.5156
-257.222
-106.761
-81.2425
-84.5528
-88.438
-89.3289
-88.5317
-83.9175
-77.2462
-67.2387
-54.7839
-39.8185
-21.7262
-1.69457
21.9102
49.682
81.4045
118.524
161.036
208.261
260.039
-545.463
-327.386
-204.12
-157.164
-141.578
-131.01
-120.426
-111.414
-108.454
-112.494
-119.616
-126.503
-133.3
-139.957
-146.86
-154.828
-164.583
-176.245
-189.229
-202.676
-215.623
-226.928
-235.62
-241.437
-244.889
-246.754
-247.356
-246.312
-243.013
-237.788
-229.75
-218.929
-218.151
-218.602
-198.628
-193.561
-181.147
-167.375
-153.631
-140.24
-126.147
-109.725
-90.4814
-69.8417
-49.9919
-31.8801
-14.4797
3.69276
22.3321
39.3465
53.3328
65.1273
76.2749
86.5706
94.2139
98.5682
101.388
104.29
106.262
105.5
102.743
100.514
99.1482
96.5965
92.38
88.3211
84.9042
80.44
74.6818
69.1019
62.7555
54.0242
44.6427
34.3621
20.4534
2.74575
-24.5346
-79.8585
-185.614
-223.04
-2.98299
-42.0659
-57.5259
-64.222
-67.3543
-68.5113
-65.578
-60.6413
-51.916
-40.3664
-27.1558
-10.3805
9.25398
31.4181
58.0056
89.1306
124.775
166.015
211.636
261.09
-546
-328.769
-213.586
-175.038
-164.389
-154.679
-142.363
-130.164
-123.103
-123.534
-127.605
-133.029
-139.169
-145.759
-153.029
-161.332
-171.016
-182.41
-195.351
-209.067
-222.384
-233.952
-242.683
-248.389
-251.783
-253.63
-254.113
-252.957
-249.81
-244.924
-239.098
-230.172
-222.396
-222.299
-214.132
-199.011
-190.542
-176.618
-162.89
-149.488
-135.123
-118.151
-98.3536
-77.3925
-57.2307
-38.3381
-19.63
-0.0964449
19.5844
37.453
52.3415
65.0935
77.2294
88.6867
97.6343
103.064
106.514
109.985
113.004
113.672
112.388
111.781
112.077
111.036
108.581
106.826
105.768
103.535
100.129
97.0049
93.3888
87.6004
80.8409
72.9516
61.9582
49.8218
38.4624
31.4894
63.6011
291.35
75.7641
2.23582
-17.1873
-25.2675
-30.756
-34.4831
-33.2863
-30.4779
-25.1084
-15.7413
-4.12479
9.66031
27.1219
47.7449
71.9259
101.118
134.692
173.445
216.492
262.54
-544.75
-327.986
-221.165
-190.876
-185.169
-176.965
-161.108
-143.811
-142.446
-137.382
-137.445
-140.487
-145.492
-151.569
-158.567
-166.637
-176.137
-187.497
-200.661
-214.665
-228.099
-239.667
-248.448
-254.177
-257.414
-258.968
-259.276
-258.281
-255.66
-251.246
-245.419
-238.644
-230.222
-225.903
-224.509
-210.862
-196.693
-185.198
-171.836
-158.366
-143.746
-126.707
-107.061
-86.0525
-65.3262
-45.4801
-25.7452
-5.25785
15.2958
33.9171
49.5134
63.2601
76.8337
89.7369
99.6341
105.648
109.791
114.182
118.381
120.52
120.616
121.153
122.875
123.784
123.45
123.817
124.761
124.599
123.879
123.968
123.507
120.552
116.387
111.677
104.91
96.7708
86.3069
67.2391
30.6564
-57.9146
-237.905
58.8796
39.3101
29.998
22.4991
15.6762
12.9708
13.7202
16.7614
21.9645
30.5142
41.2372
54.7357
72.3521
93.1404
118.871
149.095
184.061
222.87
264.65
-542.068
-324.181
-224.934
-202.533
-202.089
-197.817
-187.447
-180.729
-158.193
-148.637
-146.108
-147.648
-151.748
-157.137
-163.472
-171.075
-180.435
-191.822
-205.004
-219.044
-232.545
-244.203
-253.033
-258.611
-261.472
-262.737
-263.171
-262.651
-260.54
-256.469
-250.819
-244.703
-238.242
-230.782
-225.756
-220.002
-205.608
-192.344
-179.825
-166.39
-152.071
-135.48
-116.073
-94.9334
-73.7413
-53.1435
-32.5365
-11.4264
9.41729
28.4909
45.1562
60.338
75.1916
89.0344
99.604
106.222
111.29
117
122.386
125.364
126.332
128.048
131.437
134.318
135.655
137.346
139.987
142.284
144.59
147.576
149.411
148.826
148.016
147.615
145.993
143.922
142.977
143.08
149.132
191.958
295.374
120.75
89.5268
81.7797
77.0577
72.1499
68.908
66.9808
68.1396
70.3686
74.985
82.386
91.548
104.74
121.17
142.09
167.486
197.338
230.968
267.323
-538.631
-317.743
-224.015
-207.995
-211.598
-209.938
-204.386
-182.291
-168.711
-159.355
-154.986
-154.822
-157.508
-161.885
-167.586
-174.918
-184.183
-195.402
-208.36
-222.407
-236.089
-247.722
-256.195
-261.364
-264.016
-265.333
-266.039
-265.897
-264.152
-260.349
-254.82
-248.656
-242.935
-237.128
-230.53
-223.248
-213.265
-199.264
-185.898
-173.53
-159.763
-143.733
-124.698
-103.437
-81.6757
-60.5594
-39.8283
-18.7659
2.3068
22.1332
40.0412
56.5431
72.2061
86.339
97.3916
105.175
111.676
118.413
124.238
127.561
129.602
133.096
138.066
141.731
143.55
146.398
151.478
156.592
160.565
164.518
168.053
170.752
173.282
174.478
174.12
174.855
176.535
175.473
170.351
158.584
121.877
83.7895
172.305
143.008
135.886
128.844
125.227
121.714
120.722
121.167
122.404
126.347
131.764
140.374
152.176
167.882
187.788
211.968
239.665
270.267
-535.709
-311.972
-222.04
-210.704
-217.3
-215.198
-182.394
-182.449
-176.822
-168.228
-162.923
-161.25
-162.482
-165.854
-170.991
-177.956
-186.966
-198.045
-210.968
-225.027
-238.638
-249.932
-257.882
-262.695
-265.348
-266.9
-267.923
-268.125
-266.624
-262.826
-257.208
-251.17
-245.874
-241.14
-235.307
-227.247
-216.864
-204.599
-191.555
-179.107
-166.461
-150.942
-131.883
-110.315
-88.4148
-67.5451
-47.2828
-26.4311
-4.86694
16.0429
34.9374
51.8348
67.5764
82.1603
94.3654
103.589
110.94
117.643
123.525
128.004
131.923
136.623
141.492
144.876
147.899
153.067
159.622
164.941
169.444
175.657
181.834
185.47
188.194
191.388
194.252
196.9
199.369
201.746
203.087
199.111
200.179
176.768
142.956
186.23
175.033
169.943
167.461
165.011
163.206
162.998
162.695
164.256
167.032
172.197
180.128
191.392
206.299
225.288
247.77
273.209
-536.006
-312.457
-224.066
-214.403
-224.116
-225.851
-232.808
-211.754
-191.103
-178.149
-170.299
-166.835
-166.765
-169.204
-173.677
-180.164
-188.955
-200.066
-213.017
-226.835
-240.006
-250.819
-258.309
-262.833
-265.581
-267.599
-269.106
-269.448
-267.731
-263.712
-258.228
-252.704
-248.019
-243.704
-238.212
-230.025
-219.19
-207.131
-195.326
-184.026
-171.596
-155.973
-136.574
-114.922
-93.5843
-73.6855
-53.9985
-32.7527
-10.2293
11.2508
29.897
46.3136
62.3917
78.3758
91.9754
101.42
108.209
115.1
122.596
128.867
133.059
136.822
141.716
146.955
151.679
156.513
162.144
168.501
175.397
182.174
187.496
192.001
196.928
200.509
202.701
206.559
210.041
211.469
214.225
214.727
213.281
228.907
219.301
184.779
187.161
189.604
189.578
189.137
187.962
187.789
187.344
188.009
189.716
193.158
198.901
207.467
219.399
234.75
253.668
275.552
-545.169
-327.491
-234.864
-218.989
-226.764
-230.842
-226.245
-210.815
-194.57
-182.045
-173.813
-169.756
-169.055
-170.957
-175.105
-181.48
-190.262
-201.419
-214.343
-227.877
-240.484
-250.681
-257.766
-262.283
-265.419
-267.944
-269.685
-269.865
-267.806
-263.62
-258.4
-253.52
-249.458
-245.276
-239.368
-230.781
-219.99
-208.517
-197.632
-186.902
-174.351
-158.039
-138.201
-117.241
-97.1392
-77.9608
-57.9117
-35.7276
-12.8494
7.85072
25.5498
42.2661
59.7949
76.7201
89.712
98.1221
105.461
114.487
123.257
128.619
131.781
136.676
143.511
148.654
151.991
157.292
164.92
171.37
176.76
183.807
190.67
194.744
198.916
203.635
206.214
209.235
213.511
215.469
217.407
219.371
217.487
214.713
207.329
202.635
204.564
199.339
197.549
196.605
195.568
195.282
195.188
195.849
197.559
200.871
206.195
214.115
225.033
239.24
256.444
276.609
)
;

boundaryField
{
    Adiabatic_walls
    {
        type            calculated;
        value           nonuniform List<scalar> 
200
(
-545.169
-327.491
-234.864
-218.989
-226.764
-230.842
-226.245
-210.815
-194.57
-182.045
-173.813
-169.756
-169.055
-170.957
-175.105
-181.48
-190.262
-201.419
-214.343
-227.877
-240.484
-250.681
-257.766
-262.283
-265.419
-267.944
-269.685
-269.865
-267.806
-263.62
-258.4
-253.52
-249.458
-245.276
-239.368
-230.781
-219.99
-208.517
-197.632
-186.902
-174.351
-158.039
-138.201
-117.241
-97.1392
-77.9608
-57.9117
-35.7276
-12.8494
7.85072
25.5498
42.2661
59.7949
76.7201
89.712
98.1221
105.461
114.487
123.257
128.619
131.781
136.676
143.511
148.654
151.991
157.292
164.92
171.37
176.76
183.807
190.67
194.744
198.916
203.635
206.214
209.235
213.511
215.469
217.407
219.371
217.487
214.713
207.329
202.635
204.564
199.339
197.549
196.605
195.568
195.282
195.188
195.849
197.559
200.871
206.195
214.115
225.033
239.24
256.444
276.609
472.263
213.609
115.928
75.2286
54.9879
41.6577
32.1028
25.4717
21.2503
18.5417
16.4718
14.7998
13.5522
12.8561
12.6523
16.4684
9.76619
2.33609
6.90304
7.5568
5.06188
3.08903
1.5961
0.30248
0.477053
1.05419
1.52855
3.12382
4.75176
5.97074
8.26852
11.0604
13.461
16.529
20.67
24.2856
27.1985
30.989
35.6128
39.7399
43.6195
48.7288
55.2637
61.653
66.9483
72.1222
78.0842
84.0798
88.8889
92.4147
95.7211
99.4804
102.958
105.121
106.038
106.709
107.901
109.389
110.185
109.696
108.433
107.438
107.14
107.217
106.947
105.757
103.946
102.295
101.399
101.281
101.467
101.352
100.579
99.2198
97.6142
95.9382
93.847
90.559
85.4115
78.3226
69.7688
60.5163
51.2884
42.4696
34.0896
26.1565
18.8284
12.3146
6.72347
2.03023
-1.94878
-5.54511
-9.17211
-13.1988
-17.8561
-23.0093
-27.7226
-30.8454
-31.4964
-29.8473
)
;
    }
    Left
    {
        type            calculated;
        value           nonuniform List<scalar> 
100
(
472.206
215.476
121.253
84.6585
68.5353
58.955
52.0883
46.7909
42.7408
39.4902
36.3314
32.9627
29.3298
25.5996
21.7116
17.631
13.4273
9.19838
5.1318
1.43772
-1.77339
-4.55577
-7.19897
-9.65751
-11.9927
-14.5191
-17.4708
-20.9356
-24.9508
-29.6267
-35.0234
-41.0314
-47.6389
-54.4929
-61.6091
-68.8098
-76.0552
-83.3285
-90.4685
-97.575
-104.73
-112.039
-119.402
-126.651
-133.65
-140.513
-147.479
-154.677
-162.227
-170.327
-178.97
-188.06
-197.845
-208.517
-220.199
-232.51
-245.58
-259.341
-273.771
-289.612
-305.257
-318.56
-333.163
-351.265
-368.846
-382.496
-397.718
-416.748
-433.398
-448.94
-464.888
-480.268
-495.509
-510.595
-525.228
-539.037
-551.819
-563.464
-574.158
-584.058
-593.343
-602.284
-611.012
-619.528
-627.627
-635.156
-641.986
-648.191
-654.054
-659.934
-665.712
-671.039
-675.485
-679.222
-682.683
-686.663
-691.56
-696.898
-701.022
-704.094
)
;
    }
    Right
    {
        type            calculated;
        value           nonuniform List<scalar> 
100
(
-29.0667
-25.706
-19.9285
-12.6541
-4.66585
3.65574
11.8931
19.5684
26.518
32.9622
39.3692
46.1054
53.1852
60.3694
67.4053
74.2228
80.9153
87.559
94.1253
100.402
106.174
111.36
115.907
119.872
123.38
126.651
129.861
133.145
136.606
140.213
144.13
146.804
148.485
156.805
164.32
162.623
164.765
173.079
177.638
176.511
176.847
181.858
187.294
191.344
193.573
194.268
195.184
196.591
198.39
200.967
204.418
208.444
212.721
217.005
221.29
225.65
230.322
235.467
240.807
246.171
251.56
256.904
262.061
266.935
271.472
275.408
278.737
281.158
282.484
282.935
282.67
281.717
280.371
278.649
276.93
275.318
274.104
273.314
273.37
273.976
274.444
275.547
276.811
278.262
279.741
281.25
282.678
283.831
284.821
285.889
286.329
286.465
286.381
286.183
286.076
286.074
286.19
286.601
287.139
287.346
)
;
    }
    frontAndBack
    {
        type            empty;
    }
}

