/*--------------------------------*- C++ -*----------------------------------*\
  =========                 |
  \\      /  F ield         | OpenFOAM: The Open Source CFD Toolbox
   \\    /   O peration     | Website:  https://openfoam.org
    \\  /    A nd           | Version:  6
     \\/     M anipulation  |
\*---------------------------------------------------------------------------*/
FoamFile
{
    version     2.0;
    format      ascii;
    class       volScalarField;
    location    "0";
    object      T;
}
// * * * * * * * * * * * * * * * * * * * * * * * * * * * * * * * * * * * * * //

dimensions      [0 0 0 1 0 0 0];

internalField   nonuniform List<scalar> 
10000
(
-9.62954
-28.3113
-45.1058
-59.1398
-70.2858
-78.7815
-85.0136
-89.3747
-92.2043
-93.7796
-94.3293
-94.0487
-93.1116
-91.6738
-89.8744
-87.8296
-85.6268
-83.4145
-81.2412
-79.3098
-77.6617
-76.2893
-75.1605
-74.2307
-73.45
-72.7636
-72.1154
-71.4473
-70.7024
-69.8263
-68.7699
-67.4911
-65.9584
-64.152
-62.067
-59.7146
-57.1234
-54.3392
-51.4253
-48.4597
-45.5333
-42.7456
-40.2001
-37.9994
-36.2393
-35.0038
-34.3601
-34.3548
-35.0112
-36.3279
-38.2788
-40.8151
-43.8669
-47.348
-51.1588
-55.1914
-59.3335
-63.4727
-67.5
-71.3148
-74.8274
-77.96
-80.6449
-82.8246
-84.4567
-85.5121
-85.9717
-85.8261
-85.0737
-83.7204
-81.7767
-79.257
-76.1771
-72.5527
-68.3972
-63.7207
-58.5275
-52.8155
-46.5737
-39.7816
-32.4067
-24.4032
-15.7087
-6.24052
4.10927
15.4819
28.0618
42.0885
57.8672
75.7688
96.1972
119.483
145.631
173.811
201.409
223.548
231.345
212.506
155.555
59.2067
-10.2504
-29.9685
-47.4738
-62.0262
-73.5635
-82.3679
-88.8429
-93.3854
-96.3292
-97.9497
-98.4734
-98.1014
-97.0136
-95.3782
-93.3442
-91.0449
-88.5953
-86.0507
-83.3657
-81.2098
-79.4034
-77.9133
-76.6937
-75.6978
-74.8733
-74.1664
-73.5184
-72.8708
-72.1634
-71.3396
-70.3458
-69.1365
-67.6748
-65.9361
-63.9101
-61.6028
-59.0376
-56.2563
-53.3187
-50.3005
-47.292
-44.393
-41.71
-39.3485
-37.41
-35.9835
-35.1433
-34.9415
-35.4079
-36.5457
-38.3338
-40.7255
-43.6541
-47.033
-50.7637
-54.7364
-58.8388
-62.9553
-66.9738
-70.7889
-74.3077
-77.4609
-80.1824
-82.3958
-84.0648
-85.1597
-85.6601
-85.5546
-84.8416
-83.5255
-81.6175
-79.1312
-76.0835
-72.4899
-68.3653
-63.7202
-58.5607
-52.8855
-46.686
-39.9431
-32.627
-24.6937
-16.0836
-6.71615
3.51412
14.7465
27.1642
41.0083
56.592
74.3094
94.619
117.964
144.561
173.985
203.485
228.629
239.817
223.114
164.909
63.1477
-11.2079
-32.7846
-52.0643
-68.2844
-81.3553
-91.5219
-99.1547
-104.616
-108.22
-110.232
-110.89
-110.411
-109.011
-106.893
-104.246
-101.228
-97.9235
-94.1534
-90.6658
-87.7104
-85.3843
-83.417
-81.7674
-80.3926
-79.2456
-78.2713
-77.4123
-76.6064
-75.7917
-74.9059
-73.891
-72.6936
-71.2694
-69.5844
-67.6182
-65.3662
-62.841
-60.0741
-57.1153
-54.033
-50.9105
-47.8454
-44.9422
-42.3102
-40.0548
-38.2745
-37.0517
-36.4513
-36.513
-37.2531
-38.6592
-40.6954
-43.3
-46.3938
-49.8793
-53.6502
-57.5918
-61.5896
-65.5297
-69.2988
-72.791
-75.9187
-78.6433
-80.9324
-82.6606
-83.8312
-84.4184
-84.405
-83.7854
-82.5639
-80.7492
-78.3561
-75.4003
-71.8995
-67.8689
-63.3221
-58.2669
-52.7057
-46.6327
-40.0328
-32.8789
-25.13
-16.7273
-7.59009
2.39055
13.3598
25.5101
39.0955
54.4474
71.9879
92.223
115.673
142.643
172.633
204.309
231.832
245.138
229.198
169.522
64.6639
-12.5997
-37.0269
-59.1894
-78.238
-93.9818
-106.571
-116.287
-123.43
-128.272
-131.069
-132.071
-131.535
-129.723
-126.9
-123.318
-119.206
-114.749
-110.112
-104.101
-99.5459
-96.4092
-93.4955
-90.953
-88.7701
-86.9018
-85.2942
-83.8881
-82.621
-81.4278
-80.2434
-79.004
-77.65
-76.1281
-74.3943
-72.4161
-70.1754
-67.6706
-64.9179
-61.9524
-58.828
-55.6162
-52.4036
-49.2888
-46.3773
-43.7763
-41.5882
-39.9052
-38.8028
-38.3358
-38.5343
-39.402
-40.9162
-43.029
-45.6705
-48.7523
-52.1724
-55.8202
-59.5807
-63.34
-66.9885
-70.414
-73.4973
-76.1583
-78.4068
-80.2406
-81.4948
-82.194
-82.3119
-81.8312
-80.7529
-79.0853
-76.8416
-74.0388
-70.6952
-66.8289
-62.4559
-57.5883
-52.2327
-46.3881
-40.0436
-33.1756
-25.7446
-17.6899
-8.92466
0.671995
11.2634
23.0661
36.3626
51.5151
68.9772
89.2901
113.023
140.562
171.621
204.157
232.664
246.509
230.158
169.305
63.9234
-14.3083
-42.2694
-68.0547
-90.6737
-109.78
-125.388
-137.674
-146.875
-153.239
-157.028
-158.523
-158.027
-155.857
-152.339
-147.789
-142.507
-136.781
-130.986
-126.087
-119.678
-111.995
-107.378
-103.539
-100.221
-97.3212
-94.7774
-92.5311
-90.5219
-88.6857
-86.957
-85.27
-83.5611
-81.7707
-79.8462
-77.7446
-75.4348
-72.9002
-70.1403
-67.1729
-64.0335
-60.7764
-57.4719
-54.2053
-51.0717
-48.1727
-45.6095
-43.4783
-41.8624
-40.8292
-40.4234
-40.6662
-41.5518
-43.0499
-45.1052
-47.6434
-50.5722
-53.7889
-57.1829
-60.6424
-64.0568
-67.3224
-70.3336
-72.9396
-75.0697
-76.8366
-78.1681
-78.9656
-79.2272
-78.9136
-78.0135
-76.5336
-74.486
-71.8884
-68.7604
-65.1233
-60.9965
-56.3972
-51.3373
-45.8215
-39.8438
-33.3841
-26.4028
-18.8347
-10.5809
-1.50013
8.60094
19.9777
32.9572
47.9458
65.4335
85.9851
110.187
138.479
170.155
203.2
231.875
245.258
227.826
166.126
61.9072
-16.1263
-47.8317
-77.4121
-103.693
-126.145
-144.649
-159.312
-170.354
-178.047
-182.696
-184.633
-184.211
-181.797
-177.761
-172.465
-166.248
-159.412
-152.172
-144.285
-132.682
-125.791
-121.718
-117.219
-112.906
-108.956
-105.396
-102.2
-99.3213
-96.7045
-94.2897
-92.0142
-89.8146
-87.6294
-85.4016
-83.0811
-80.6273
-78.0112
-75.2179
-72.2477
-69.118
-65.8631
-62.5343
-59.1982
-55.9344
-52.8317
-49.9836
-47.4828
-45.4155
-43.8557
-42.8607
-42.4663
-42.6852
-43.5051
-44.8903
-46.7827
-49.1062
-51.7698
-54.673
-57.7095
-60.7725
-63.7582
-66.5699
-69.1128
-71.1837
-72.7176
-74.0265
-74.812
-75.1715
-75.0317
-74.3253
-73.0554
-71.2338
-68.8781
-66.0101
-62.6534
-58.8323
-54.5691
-49.882
-44.7818
-39.2682
-33.3245
-26.9106
-19.9542
-12.3409
-3.90242
5.59419
16.4558
29.0684
43.8954
61.4684
82.3609
107.119
136.058
168.39
201.733
230.113
242.47
223.627
161.386
59.3282
-17.8481
-53.0501
-86.0615
-115.495
-140.652
-161.328
-177.634
-189.843
-198.3
-203.385
-205.493
-205.029
-202.4
-198.008
-192.239
-185.453
-177.985
-170.161
-162.451
-156.538
-147.076
-136.605
-130.102
-124.567
-119.653
-115.215
-111.184
-107.518
-104.174
-101.101
-98.245
-95.5472
-92.9485
-90.3922
-87.8262
-85.2051
-82.4925
-79.663
-76.7036
-73.6154
-70.4146
-67.1328
-63.8169
-60.5274
-57.3363
-54.3233
-51.5718
-49.1639
-47.1748
-45.6681
-44.691
-44.271
-44.4139
-45.1029
-46.2998
-47.9467
-49.9691
-52.2802
-54.7848
-57.3838
-59.9781
-62.4727
-64.7798
-66.8122
-68.2917
-69.1437
-69.9599
-70.2879
-70.2458
-69.7296
-68.6718
-67.0858
-64.9899
-62.4073
-59.3647
-55.8907
-52.0132
-47.7568
-43.1393
-38.1667
-32.8259
-27.0767
-20.8392
-13.9815
-6.30452
2.47083
12.7125
24.8774
39.4985
57.1554
78.4213
103.77
133.41
166.342
199.842
227.661
238.699
218.351
155.885
56.5802
-19.3349
-57.4885
-93.2412
-124.992
-151.919
-173.817
-190.868
-203.45
-212.008
-217
-218.886
-218.118
-215.138
-210.376
-204.233
-197.085
-189.265
-181.072
-172.77
-164.699
-153.164
-141.991
-137.04
-131.962
-126.936
-122.117
-117.601
-113.426
-109.587
-106.055
-102.786
-99.7276
-96.8266
-94.0302
-91.2887
-88.5571
-85.797
-82.9776
-80.0774
-77.086
-74.005
-70.849
-67.6465
-64.4389
-61.2797
-58.232
-55.3659
-52.7538
-50.4664
-48.5678
-47.1113
-46.135
-45.6591
-45.6845
-46.1917
-47.1425
-48.4813
-50.1382
-52.033
-54.0781
-56.1835
-58.26
-60.2232
-61.9971
-63.4894
-64.3507
-64.583
-64.787
-64.7244
-64.3307
-63.4634
-62.1018
-60.2634
-57.9726
-55.2585
-52.1537
-48.6916
-44.9035
-40.8147
-36.4376
-31.7646
-26.7556
-21.3245
-15.322
-8.51691
-0.580619
8.92232
20.5295
34.8552
52.5356
74.1321
99.9665
130.4
163.907
197.465
224.57
234.171
212.387
150.034
53.8488
-20.5401
-61.0161
-98.764
-131.998
-159.846
-182.168
-199.262
-211.614
-219.753
-224.204
-225.475
-224.061
-220.443
-215.082
-208.411
-200.823
-192.664
-184.213
-175.583
-166.185
-151.558
-144.322
-140.172
-135.076
-129.806
-124.724
-119.978
-115.607
-111.6
-107.92
-104.521
-101.355
-98.3717
-95.5245
-92.7691
-90.0648
-87.3752
-84.669
-81.9213
-79.1148
-76.2412
-73.3026
-70.3121
-67.2943
-64.2855
-61.3319
-58.4882
-55.8146
-53.3731
-51.2237
-49.4203
-48.0066
-47.0133
-46.4548
-46.3287
-46.6151
-47.2775
-48.2646
-49.513
-50.9504
-52.499
-54.0791
-55.613
-57.0294
-58.2697
-59.1931
-59.3822
-59.118
-58.7001
-58.2658
-57.5574
-56.3923
-54.7915
-52.7808
-50.3916
-47.6601
-44.6247
-41.3234
-37.789
-34.0418
-30.08
-25.8662
-21.3097
-16.2455
-10.4117
-3.42955
5.20733
16.1248
30.0313
47.6391
69.5171
95.7392
127.006
160.983
194.479
220.776
228.939
205.905
144.023
51.2026
-21.4957
-63.7558
-102.907
-137.027
-165.263
-187.574
-204.367
-216.201
-223.653
-227.281
-227.627
-225.225
-220.604
-214.274
-206.715
-198.362
-189.6
-180.774
-172.256
-164.757
-160.725
-152.074
-140.128
-133.263
-127.269
-121.997
-117.312
-113.108
-109.304
-105.833
-102.638
-99.6684
-96.8794
-94.2295
-91.6808
-89.1982
-86.7498
-84.3064
-81.8433
-79.3404
-76.7839
-74.1673
-71.4928
-68.7721
-66.0268
-63.288
-60.5958
-57.997
-55.5432
-53.2871
-51.2795
-49.5655
-48.1812
-47.1511
-46.4861
-46.1821
-46.2202
-46.567
-47.1772
-47.9948
-48.9568
-49.9958
-51.0437
-52.0362
-52.9186
-53.6563
-53.9571
-53.3634
-52.6199
-51.8616
-51.1155
-50.1047
-48.706
-46.9493
-44.8669
-42.4977
-39.8848
-37.0727
-34.1018
-31.0008
-27.7755
-24.393
-20.7606
-16.7011
-11.9247
-6.0042
1.63786
11.7201
25.0573
42.4769
64.7261
92.5137
123.36
157.408
190.692
216.145
222.966
198.956
137.92
48.649
-22.2767
-65.9628
-106.167
-140.888
-169.332
-191.556
-208.028
-219.33
-226.039
-228.717
-227.928
-224.248
-218.265
-210.555
-201.669
-192.103
-182.295
-172.632
-163.545
-155.903
-152.756
-145.818
-131.141
-123.97
-118.261
-113.478
-109.343
-105.694
-102.43
-99.4784
-96.7811
-94.29
-91.963
-89.7625
-87.6543
-85.6072
-83.5927
-81.5845
-79.5588
-77.4953
-75.3778
-73.195
-70.9422
-68.6217
-66.2441
-63.8287
-61.4026
-59.0007
-56.6637
-54.4358
-52.3624
-50.4867
-48.847
-47.4736
-46.3871
-45.5958
-45.0957
-44.87
-44.89
-45.1165
-45.502
-45.9929
-46.5332
-47.0675
-47.547
-47.9386
-48.237
-47.8757
-46.5343
-45.3013
-44.3433
-43.4034
-42.159
-40.6206
-38.817
-36.7886
-34.5827
-32.2498
-29.8382
-27.3857
-24.9068
-22.3752
-19.6998
-16.6944
-13.0457
-8.2824
-1.75842
7.33569
19.915
36.8787
58.9319
86.4597
118.23
152.67
185.819
210.507
216.18
191.535
131.728
46.1669
-22.9631
-67.8973
-109.026
-144.316
-173.044
-195.328
-211.645
-222.542
-228.561
-230.248
-228.187
-223.002
-215.352
-205.9
-195.279
-184.067
-172.765
-161.785
-151.455
-142
-133.27
-121.939
-113.246
-108.412
-104.071
-100.238
-96.8781
-93.9382
-91.3612
-89.0905
-87.0724
-85.2568
-83.5982
-82.0554
-80.592
-79.1754
-77.7766
-76.3695
-74.9309
-73.4406
-71.8812
-70.2393
-68.5063
-66.6788
-64.7599
-62.7599
-60.6963
-58.5939
-56.4835
-54.4013
-52.3861
-50.4777
-48.7137
-47.1275
-45.7455
-44.5854
-43.6549
-42.951
-42.4599
-42.1579
-42.0126
-41.9848
-42.0311
-42.107
-42.1711
-42.1923
-42.1572
-42.0599
-41.0081
-39.1079
-37.579
-36.4033
-35.2959
-33.9428
-32.3864
-30.6715
-28.85
-26.9784
-25.1127
-23.3002
-21.5656
-19.8912
-18.1901
-16.2719
-13.8043
-10.277
-4.98015
2.98501
14.6365
30.938
52.372
80.0969
112.198
146.838
179.803
203.8
208.549
183.638
125.431
43.7287
-23.6128
-69.742
-111.804
-147.766
-176.963
-199.531
-215.894
-226.528
-231.914
-232.582
-229.136
-222.264
-212.708
-201.229
-188.561
-175.372
-162.239
-149.623
-137.84
-126.95
-116.406
-103.932
-95.7474
-91.4864
-87.5806
-84.1608
-81.2573
-78.8472
-76.8788
-75.2866
-74.0013
-72.9556
-72.0874
-71.3413
-70.6693
-70.0304
-69.3898
-68.7179
-67.9895
-67.1833
-66.2814
-65.2693
-64.1364
-62.8762
-61.4874
-59.9743
-58.3476
-56.6243
-54.8276
-52.9863
-51.1333
-49.3038
-47.5336
-45.8564
-44.3023
-42.8951
-41.6512
-40.5784
-39.6754
-38.9319
-38.3293
-37.842
-37.4394
-37.088
-36.7555
-36.4157
-36.0548
-35.6794
-35.0616
-33.1233
-31.0725
-29.477
-28.2783
-27.0622
-25.7165
-24.285
-22.8221
-21.3893
-20.0505
-18.8626
-17.8614
-17.0396
-16.3174
-15.5039
-14.2532
-12.0222
-8.04265
-1.32727
9.2742
24.9719
46.947
73.4986
105.331
139.905
172.606
195.989
200.059
175.254
119.005
41.3054
-24.2518
-71.5719
-114.621
-151.383
-181.229
-204.261
-220.81
-231.253
-236.008
-235.586
-230.629
-221.899
-210.242
-196.527
-181.6
-166.226
-151.066
-136.65
-123.354
-111.319
-100.237
-88.7923
-80.5235
-74.5844
-70.0874
-66.4111
-63.5301
-61.376
-59.8538
-58.8572
-58.2791
-58.0189
-57.9858
-58.101
-58.2973
-58.5194
-58.7217
-58.8674
-58.9269
-58.8764
-58.6965
-58.372
-57.8912
-57.2463
-56.4337
-55.4541
-54.3139
-53.0246
-51.6039
-50.0747
-48.4645
-46.8043
-45.1272
-43.4662
-41.8527
-40.3141
-38.8729
-37.5449
-36.3386
-35.2547
-34.2865
-33.4204
-32.6377
-31.9159
-31.2321
-30.5673
-29.9135
-29.2917
-28.8015
-27.62
-24.814
-22.6969
-21.1925
-20.0874
-18.9248
-17.7507
-16.6217
-15.6046
-14.7712
-14.1884
-13.9039
-13.9222
-14.173
-14.4685
-14.4543
-13.5607
-10.9707
-5.62594
3.70744
18.3454
39.0406
65.6009
97.3335
131.786
164.199
187.07
190.716
166.385
112.423
38.873
-24.876
-73.3694
-117.433
-155.075
-185.675
-209.255
-226.026
-236.252
-240.288
-238.642
-232.007
-221.241
-207.305
-191.197
-173.88
-156.222
-138.969
-122.721
-107.932
-94.887
-83.6455
-73.8533
-65.2715
-57.3165
-51.731
-47.4612
-44.3764
-42.324
-41.1414
-40.6667
-40.7463
-41.2408
-42.0269
-42.9991
-44.0688
-45.1638
-46.2258
-47.2088
-48.0769
-48.8023
-49.3635
-49.744
-49.9315
-49.9175
-49.6973
-49.27
-48.639
-47.8129
-46.8052
-45.6345
-44.324
-42.901
-41.3956
-39.8393
-38.2633
-36.697
-35.1666
-33.6933
-32.2928
-30.9743
-29.7408
-28.5889
-27.5102
-26.4924
-25.5215
-24.586
-23.6821
-22.8246
-22.0574
-21.3841
-19.3001
-16.5607
-14.4356
-13.0762
-12.0976
-11.1643
-10.3483
-9.72512
-9.37518
-9.37628
-9.78829
-10.629
-11.8395
-13.238
-14.4653
-14.9308
-13.7748
-9.88192
-2.00915
10.754
30.98
57.0242
88.3819
122.546
154.618
177.071
180.544
157.035
105.667
36.4124
-25.4613
-75.0554
-120.096
-158.62
-189.98
-214.086
-231.007
-240.892
-244.039
-240.968
-232.445
-219.44
-203.053
-184.425
-164.645
-144.69
-125.385
-107.388
-91.2066
-77.2259
-65.7348
-56.9535
-47.8317
-38.7615
-32.3346
-27.6138
-24.402
-22.4815
-21.6331
-21.6484
-22.3357
-23.5233
-25.0615
-26.8228
-28.7009
-30.6088
-32.4766
-34.2493
-35.8843
-37.3492
-38.6195
-39.6771
-40.5087
-41.1053
-41.4615
-41.5756
-41.4497
-41.0902
-40.5079
-39.7184
-38.7415
-37.6013
-36.3251
-34.9422
-33.4829
-31.977
-30.4524
-28.9338
-27.4416
-25.9913
-24.5931
-23.252
-21.968
-20.7374
-19.5548
-18.4155
-17.3207
-16.286
-15.3575
-14.6534
-13.6081
-10.4102
-8.05066
-6.32243
-5.31967
-4.60046
-4.07405
-3.82279
-3.93447
-4.49746
-5.58447
-7.22723
-9.37952
-11.8678
-14.3314
-16.1612
-16.4515
-13.9881
-7.2612
5.62857
23.255
47.9581
78.5494
112.224
143.9
166.033
169.578
147.219
98.7253
33.9108
-25.9737
-76.525
-122.431
-161.752
-193.784
-218.299
-235.21
-244.552
-246.576
-241.83
-231.172
-215.709
-196.703
-175.45
-153.185
-130.989
-109.766
-90.2097
-72.8395
-58.0555
-46.1872
-37.5039
-28.4287
-19.0654
-12.2983
-7.50533
-4.42188
-2.77827
-2.32036
-2.81461
-4.04883
-5.83409
-8.00691
-10.4287
-12.9833
-15.5752
-18.1266
-20.5757
-22.8743
-24.9855
-26.8815
-28.5421
-29.9525
-31.1027
-31.9869
-32.6026
-32.951
-33.037
-32.8696
-32.462
-31.8314
-30.9988
-29.9889
-28.8285
-27.5464
-26.1714
-24.7318
-23.2538
-21.7606
-20.272
-18.8031
-17.3651
-15.9648
-14.6057
-13.2894
-12.0175
-10.7962
-9.64274
-8.59861
-7.75539
-7.25833
-5.39369
-2.29907
-0.0214797
1.3554
1.90746
2.16626
2.06648
1.51468
0.41174
-1.32846
-3.75219
-6.82703
-10.3893
-14.0796
-17.2754
-19.0389
-18.128
-13.2638
-2.43834
14.3276
37.9809
67.7394
100.823
132.081
154.002
157.857
136.954
91.5922
31.3602
-26.3781
-77.6721
-124.261
-164.219
-196.758
-221.491
-238.168
-246.711
-247.337
-240.64
-227.588
-209.452
-187.676
-163.734
-139.013
-114.708
-91.7941
-70.9792
-52.7464
-37.4297
-25.2539
-16.3209
-7.73818
1.00802
7.46065
11.8523
14.5012
15.7036
15.7173
14.7729
13.0828
10.8377
8.19979
5.30432
2.26593
-0.818815
-3.87011
-6.82298
-9.62559
-12.2376
-14.6281
-16.7742
-18.6592
-20.2719
-21.6049
-22.6551
-23.4223
-23.9104
-24.1264
-24.0814
-23.7901
-23.2708
-22.5452
-21.6376
-20.5742
-19.3822
-18.0889
-16.7205
-15.3014
-13.8535
-12.3954
-10.9423
-9.50609
-8.09586
-6.71884
-5.3823
-4.09668
-2.88115
-1.77356
-0.848064
-0.243631
0.407243
3.57572
5.79299
7.58661
8.41171
8.38825
7.95009
6.97734
5.3555
2.98293
-0.202182
-4.182
-8.80351
-13.7098
-18.2659
-21.4849
-21.9222
-18.1497
-10.0642
4.94716
27.2667
56.0267
88.4116
119.234
141.048
145.439
126.272
84.2733
28.7592
-26.6433
-78.4057
-125.435
-165.809
-198.63
-223.336
-239.513
-246.977
-245.92
-236.995
-221.309
-200.318
-175.672
-149.041
-121.974
-95.7844
-71.5224
-49.8741
-31.2425
-15.8441
-3.71034
5.29314
12.7198
20.1409
25.6468
29.2101
31.1685
31.8239
31.3929
30.0699
28.0537
25.5315
22.6478
19.516
16.2374
12.9019
9.58505
6.35025
3.25025
0.327335
-2.38519
-4.86174
-7.08331
-9.03638
-10.712
-12.1049
-13.2136
-14.0398
-14.5887
-14.8688
-14.8922
-14.674
-14.2327
-13.5894
-12.7673
-11.7911
-10.6859
-9.47692
-8.18814
-6.84201
-5.45879
-4.05626
-2.64975
-1.25237
0.124185
1.46821
2.76546
3.99462
5.11919
6.07219
6.72389
6.83096
8.28812
11.3543
13.3144
14.5009
14.6305
13.873
12.5004
10.3809
7.39516
3.46488
-1.40732
-7.07948
-13.1976
-19.1247
-23.9086
-26.5419
-25.0172
-18.4357
-5.05273
15.8374
43.4739
75.0695
105.447
127.256
132.392
115.214
76.7842
26.1106
-26.7451
-78.6552
-125.838
-166.361
-199.195
-223.597
-238.99
-245.091
-242.079
-230.686
-212.176
-188.217
-160.689
-131.474
-102.288
-74.5682
-49.4452
-27.531
-9.0962
5.75543
17.2152
25.8155
31.3094
36.8079
40.8806
43.3067
44.4068
44.5212
43.7277
42.1368
39.9452
37.3654
34.4988
31.4047
28.1631
24.8546
21.5423
18.2826
15.1265
12.1162
9.28601
6.66399
4.27169
2.12539
0.236822
-1.38623
-2.7395
-3.82201
-4.63601
-5.18688
-5.48314
-5.53647
-5.36149
-4.97546
-4.39786
-3.6499
-2.75389
-1.73261
-0.608605
0.596357
1.86176
3.16865
4.49971
5.83909
7.17189
8.48299
9.75508
10.965
12.0773
13.0332
13.7317
14.0077
14.204
17.0448
18.757
20.2096
20.6468
19.9214
18.1716
15.5783
11.9965
7.33215
1.57158
-5.15377
-12.4836
-19.7393
-25.7928
-30.1656
-31.4898
-27.0598
-15.5279
3.78858
30.1802
60.9045
90.8292
112.728
118.796
103.831
69.1497
23.4223
-26.6665
-78.3732
-125.39
-165.759
-198.308
-222.112
-236.439
-240.916
-235.722
-221.684
-200.244
-173.308
-143.019
-111.486
-80.5544
-51.8184
-26.5125
-5.05225
12.5196
26.0818
35.9724
42.996
46.2962
49.5921
51.946
53.0688
53.1754
52.955
51.9907
50.2358
47.9714
45.585
43.0434
40.2713
37.3482
34.3617
31.3415
28.3308
25.3796
22.5255
19.8026
17.2405
14.8631
12.69
10.7361
9.0131
7.52888
6.28832
5.29321
4.54238
4.03165
3.75389
3.69907
3.85453
4.20525
4.73422
5.42288
6.25166
7.20048
8.24929
9.37842
10.5689
11.8026
13.0621
14.3304
15.5899
16.8211
17.9993
19.09
20.039
20.7566
21.0849
20.7798
21.9118
24.5067
25.6425
26.3774
25.8926
24.1254
21.0798
16.9148
11.5216
4.86444
-2.93967
-11.528
-20.2169
-28.6557
-35.5413
-38.652
-36.1566
-26.4818
-8.81303
16.2449
46.0331
75.5029
97.5781
104.744
92.1857
61.4025
20.7044
-26.3983
-77.5331
-124.045
-163.935
-195.887
-218.798
-231.798
-234.435
-226.897
-210.129
-185.769
-155.985
-123.218
-89.8492
-57.7024
-28.6321
-4.08186
16.0461
32.2056
43.7724
51.179
55.5514
56.4715
57.4117
57.9532
57.8215
56.4754
56.6787
55.9017
53.9512
51.4598
49.6115
47.7948
45.5721
43.1977
40.8378
38.3921
35.8947
33.4118
30.9624
28.5781
26.2909
24.1252
22.1038
20.2456
18.5665
17.0793
15.7938
14.7172
13.8536
13.2043
12.7678
12.5394
12.512
12.6757
13.0185
13.5261
14.1831
14.9725
15.8768
16.8781
17.9583
19.0994
20.2835
21.4924
22.7071
23.9066
25.0656
26.1504
27.1124
27.8754
28.3161
28.2405
28.1999
30.556
31.4957
31.9454
31.6802
30.037
26.9611
22.3124
16.185
8.61208
-0.309009
-10.5331
-21.9663
-32.7502
-41.2072
-46.1571
-45.5988
-37.8158
-21.8601
1.78886
30.5861
59.6
81.9266
90.3349
80.3456
53.5801
17.9703
-25.9379
-76.1285
-121.785
-160.863
-191.9
-213.642
-225.092
-225.735
-215.782
-196.314
-169.186
-136.825
-102.022
-67.6243
-34.8782
-6.22729
18.1408
38.0713
52.2025
59.5352
61.4098
60.2306
56.5504
53.4216
50.9609
50.0741
52.0607
56.0652
56.0277
53.4131
49.553
49.1022
48.7089
46.966
45.1994
43.8543
42.2207
40.4411
38.6848
36.873
35.0478
33.2491
31.4928
29.8063
28.2125
26.7311
25.3807
24.1771
23.1337
22.2613
21.5678
21.0579
20.7334
20.5934
20.6338
20.848
21.2269
21.7594
22.4326
23.232
24.142
25.1463
26.2279
27.3691
28.5515
29.7557
30.9602
32.1398
33.2629
34.286
35.1459
35.7455
35.9198
35.5918
36.7416
38.2501
37.9933
37.4715
35.8605
32.6512
27.7505
21.0441
12.4537
1.91977
-10.4491
-22.9409
-35.9953
-46.7112
-53.7355
-55.2174
-49.4004
-35.2311
-13.061
14.697
43.254
65.8965
75.6678
68.3807
45.7233
15.2332
-25.2893
-74.1698
-118.623
-156.554
-186.371
-206.693
-216.426
-215
-202.662
-180.663
-151.077
-116.538
-80.1564
-46.6873
-13.3348
18.2929
42.2371
54.1996
58.14
59.1048
57.974
55.536
52.0083
49.1591
47.1172
45.9444
45.7355
45.6443
42.5561
38.542
37.1843
44.2155
46.8803
44.2533
42.7095
43.3397
42.5381
41.4909
40.7762
39.7803
38.697
37.5944
36.4325
35.2611
34.1028
32.9783
31.9139
30.9309
30.0501
29.2896
28.6647
28.1873
27.8663
27.7071
27.7123
27.8811
28.2099
28.6925
29.32
30.0817
30.9651
31.9561
33.0392
34.1981
35.4152
36.6715
37.9463
39.216
40.4519
41.6176
42.664
43.5199
44.0531
43.9825
44.2793
45.6777
45.2745
43.9076
41.8655
38.3679
32.9479
25.4136
15.6357
3.45857
-9.99354
-25.4222
-39.627
-52.2155
-61.3054
-64.8935
-61.1189
-48.8102
-28.1844
-1.50803
26.5919
49.6053
60.8394
56.3591
37.871
12.5069
-24.4611
-71.6826
-114.594
-151.054
-179.369
-198.063
-205.975
-202.496
-187.907
-163.691
-132.153
-95.9702
-63.989
-29.7725
12.0515
40.6145
53.1182
56.8765
57.1233
56.0798
53.4614
49.1224
44.342
40.3107
37.2197
35.1104
33.8955
33.171
32.5897
32.7647
33.6446
35.1415
34.2014
30.5581
33.9624
40.4793
39.2748
38.4123
39.5597
39.3127
39.0736
38.9054
38.4767
37.9919
37.4395
36.8295
36.2064
35.5922
35.0158
34.5038
34.0786
33.7597
33.5632
33.5013
33.5833
33.8144
34.1968
34.7293
35.4076
36.2251
37.1726
38.239
39.4114
40.6754
42.0153
43.414
44.8531
46.312
47.7676
49.1935
50.5596
51.8154
52.8467
53.3971
53.5408
54.1668
53.7669
51.6232
48.6824
44.4487
38.2928
29.7239
18.5024
5.24307
-10.2991
-26.6612
-42.8342
-57.4766
-68.7348
-74.523
-72.8762
-62.5022
-43.4791
-17.9189
9.72654
33.1588
45.938
44.3438
30.0603
9.80303
-23.4668
-68.7042
-109.755
-144.441
-171.001
-187.908
-193.969
-188.546
-171.926
-145.946
-113.212
-86.2317
-51.2352
3.55661
37.664
51.6802
56.28
56.9035
54.4255
50.2037
44.5113
37.2081
31.0575
25.9287
21.9037
19.116
17.474
16.752
16.7434
17.3675
18.7518
20.8309
22.5832
24.913
28.4415
29.8755
27.0524
29.3762
36.0614
35.0818
35.7219
36.9949
37.2285
37.6211
37.8475
37.8883
37.8692
37.7764
37.6555
37.5422
37.4634
37.447
37.5154
37.6877
37.9796
38.4026
38.9644
39.669
40.5172
41.5064
42.6316
43.8852
45.2577
46.7379
48.3134
49.9705
51.6949
53.472
55.2871
57.1275
58.983
60.7888
62.4322
63.5973
64.1251
64.0053
63.1528
60.6171
56.8678
51.6588
44.4412
34.7269
22.5013
8.44897
-9.45889
-27.3377
-45.5166
-62.3661
-75.9322
-84.0359
-84.6088
-76.2393
-58.8675
-34.447
-7.2475
16.6482
31.0403
32.3901
22.3227
7.13225
-22.3224
-65.2819
-104.178
-136.818
-161.41
-176.423
-180.673
-173.513
-155.124
-127.914
-107.55
-76.017
-8.43845
32.4692
48.062
54.0215
55.3503
52.5643
46.6193
39.1885
31.0771
21.2392
13.7295
7.60629
2.78792
-0.526944
-2.39106
-2.97121
-2.45433
-0.995111
1.28431
4.15437
7.22958
10.5668
13.8985
16.8807
19.4865
23.9095
26.2524
23.9102
27.8875
32.4641
32.1606
33.9336
35.1194
35.8461
36.6343
37.2044
37.6927
38.1406
38.5656
39.0099
39.4991
40.0582
40.7099
41.4714
42.3559
43.3725
44.527
45.8215
47.2557
48.8263
50.5285
52.3557
54.3003
56.3544
58.5103
60.7622
63.1086
65.5568
68.0915
70.6874
73.0681
74.916
75.7257
74.874
73.2409
70.5433
66.3946
60.4334
52.2334
41.5094
28.6043
11.7626
-7.05828
-27.1414
-47.5915
-66.8401
-82.869
-93.4089
-96.2894
-89.9838
-74.2977
-51.0268
-24.2555
0.148141
16.2108
20.5448
14.6855
4.50192
-21.0465
-61.4681
-97.9489
-128.302
-150.756
-163.821
-166.364
-157.793
-137.86
-121.354
-102.916
-26.8365
24.0191
41.7475
50.1057
53.0895
50.8046
44.4475
35.5735
25.5476
15.3302
3.32732
-5.78843
-13.0174
-18.5915
-22.364
-24.3926
-24.8417
-23.9194
-21.8434
-18.8385
-15.1646
-11.0909
-6.7675
-2.39665
1.8406
5.91554
10.0824
13.3643
16.2364
20.9678
22.8529
21.1736
27.2335
29.3582
30.3552
32.435
33.7086
34.9593
36.1509
37.2333
38.3081
39.3837
40.4913
41.6639
42.9217
44.2832
45.763
47.3717
49.1168
51.0031
53.0331
55.2078
57.527
59.9902
62.5978
65.3519
68.2597
71.337
74.5847
77.9888
81.4323
84.5646
87.1174
87.7503
86.1443
83.9326
81.293
77.053
70.5978
61.5418
49.5742
35.0617
16.3412
-4.01186
-26.2434
-49.1202
-70.9381
-89.5739
-102.659
-107.921
-103.723
-89.74
-67.6125
-41.2408
-16.2817
1.50292
8.84788
7.17137
1.9178
-19.6583
-57.3192
-91.1569
-119.023
-139.212
-150.323
-151.303
-141.843
-127.274
-124.297
-52.93
11.2181
33.4952
44.4259
50.3176
49.6296
43.7606
34.3712
22.9522
10.7262
-2.0908
-14.9396
-26.0229
-34.431
-40.7562
-44.9766
-47.194
-47.5979
-46.4261
-43.9385
-40.4047
-36.0984
-31.2755
-26.1422
-20.8892
-15.6717
-10.5788
-5.64789
-1.13513
3.09198
7.36365
10.635
13.8322
18.4574
19.4039
20.2858
25.8111
27.1323
29.3786
31.5695
33.4007
35.3012
37.1302
38.9453
40.8061
42.723
44.7203
46.8195
49.0355
51.3814
53.8684
56.5059
59.3026
62.2669
65.408
68.7375
72.2709
76.0327
80.0316
84.2607
88.6755
92.9561
96.9151
99.7005
99.2697
97.274
95.3271
93.1707
88.9036
81.9971
72.0492
58.8034
42.414
22.3831
-0.0792723
-24.718
-50.2115
-74.7523
-96.1151
-111.832
-119.529
-117.462
-105.181
-84.1736
-58.1604
-32.593
-13.0372
-2.66235
-0.194944
-0.61935
-18.177
-52.8906
-83.8937
-109.107
-126.95
-136.148
-135.673
-126.448
-132.097
-86.6024
-7.94405
23.8014
37.1332
46.5485
48.5911
44.4123
35.5852
23.7055
10.2198
-3.55765
-20.2259
-33.6492
-45.9431
-55.3573
-62.3827
-67.0579
-69.525
-70.0028
-68.7561
-66.071
-62.2385
-57.5406
-52.2356
-46.5459
-40.6635
-34.7448
-28.9065
-23.2364
-17.8395
-12.711
-7.81834
-3.37954
0.837163
5.00364
8.4405
12.5372
16.1221
16.5383
20.966
24.6654
26.9809
30.0612
32.7809
35.4345
38.1651
40.9006
43.6885
46.5632
49.5388
52.6345
55.87
59.2626
62.8307
66.5936
70.5733
74.7965
79.2946
84.0737
89.1571
94.4801
99.8004
104.953
109.06
111.169
109.957
108.633
108.165
106.452
102.136
94.6515
83.6632
68.9697
50.5404
29.2725
4.44969
-22.7827
-51.0345
-78.4088
-102.582
-120.986
-131.148
-131.215
-120.614
-100.689
-74.9801
-48.7436
-27.3636
-13.9368
-7.36779
-3.12062
-16.6209
-48.2367
-76.2472
-98.675
-114.13
-121.533
-119.408
-121.237
-119.259
-36.2533
13.4432
28.3778
41.2824
46.9143
45.6152
38.6184
27.434
13.5776
-1.66165
-17.9974
-36.1378
-51.5591
-64.4368
-74.6859
-82.3474
-87.4863
-90.2739
-90.9538
-89.8105
-87.1456
-83.2592
-78.4359
-72.9334
-66.9766
-60.7562
-54.4294
-48.1202
-41.9242
-35.9177
-30.1358
-24.5969
-19.3521
-14.3449
-9.53236
-5.01994
-0.553593
3.51322
7.4791
12.1462
14.9403
17.3213
22.9471
26.436
29.9635
33.8317
37.5177
41.2355
45.0431
48.9243
52.9117
57.0367
61.3246
65.8059
70.5125
75.4809
80.7635
86.3398
92.258
98.4907
104.731
110.995
116.49
120.56
120.864
120.667
121.76
122.789
121.241
116.444
108.219
96.2116
80.0512
59.2847
36.3745
9.17021
-20.711
-51.7816
-82.0433
-109.068
-130.182
-142.811
-144.994
-136.037
-117.138
-91.669
-64.6932
-41.4232
-24.8882
-14.1913
-5.67629
-15.0072
-43.4078
-68.2986
-87.8315
-100.876
-106.833
-107.018
-124.381
-73.2414
-0.849256
18.8803
34.3423
43.89
46.3394
42.3685
33.1678
20.2033
4.96413
-11.3025
-32.3879
-49.8845
-66.9198
-80.5646
-91.5296
-99.7692
-105.378
-108.552
-109.555
-108.683
-106.246
-102.545
-97.8606
-92.4442
-86.5142
-80.255
-73.8181
-67.3247
-60.8681
-54.5184
-48.3207
-42.3031
-36.4866
-30.8609
-25.4109
-20.1457
-15.0128
-10.0592
-5.19241
-0.314096
4.48374
9.5818
13.9753
17.4714
22.3221
28.0572
32.6437
37.3994
42.3277
47.2449
52.2501
57.3968
62.7063
68.2276
74.0035
80.0747
86.4765
93.1997
100.291
107.447
114.717
121.466
126.817
129.282
130.675
133.607
137.423
138.622
136.499
130.988
121.948
108.966
91.4324
68.4037
43.1658
13.7273
-18.7506
-52.628
-85.7782
-115.654
-139.471
-154.546
-158.807
-151.44
-133.501
-108.195
-80.4015
-55.1598
-35.3752
-19.9673
-8.85117
-13.3514
-38.4506
-60.1199
-76.6539
-87.1899
-91.0073
-104.352
-104.739
-29.1307
11.6842
26.5277
39.3613
45.7674
45.6323
39.561
28.6848
14.4289
-1.66885
-21.815
-42.5105
-62.0913
-79.559
-93.7724
-105.293
-114.039
-120.113
-123.726
-125.153
-124.699
-122.675
-119.375
-115.071
-110.003
-104.376
-98.3618
-92.1012
-85.7055
-79.2611
-72.8324
-66.4646
-60.1869
-54.0168
-47.9578
-42.0052
-36.1558
-30.3933
-24.7113
-19.0723
-13.4338
-7.78969
-2.10679
3.67857
9.71402
15.1329
20.3145
25.7109
32.1331
38.5405
44.5518
50.673
56.9749
63.4079
70.0752
76.9507
84.1065
91.6792
99.5015
107.617
115.843
123.825
130.397
134.942
138.206
143.207
149.767
153.725
154.07
151.083
144.877
135.097
121.254
102.528
77.9266
49.6949
18.012
-17.031
-53.6873
-89.7
-122.399
-148.884
-166.362
-172.647
-166.804
-149.747
-124.52
-95.8291
-68.5631
-45.5592
-25.6354
-11.8882
-11.6684
-33.4092
-51.7802
-65.2249
-73.3386
-78.3939
-103.466
-68.4961
1.99614
18.5876
33.7896
43.6587
47.5378
45.346
37.6578
25.549
10.3351
-8.1793
-30.3718
-50.4455
-71.2575
-88.8758
-103.628
-115.613
-124.806
-131.331
-135.415
-137.342
-137.422
-135.959
-133.239
-129.521
-125.027
-119.945
-114.429
-108.603
-102.566
-96.3913
-90.1363
-83.841
-77.5323
-71.2274
-64.9342
-58.654
-52.3851
-46.1209
-39.8515
-33.5584
-27.219
-20.8159
-14.3284
-7.72362
-0.998708
5.89146
13.1913
19.9689
26.3399
33.1328
40.3551
48.1054
55.8156
63.3911
71.2024
79.2028
87.5196
96.0979
105.064
114.352
123.415
131.329
137.564
142.905
150.14
159.254
165.885
168.555
168.093
164.67
157.994
147.493
132.652
113.019
87.6414
56.1748
22.1268
-15.5489
-54.9966
-93.8491
-129.329
-158.431
-178.251
-186.492
-182.092
-165.827
-140.582
-110.899
-81.5647
-55.666
-34.2
-13.0687
-9.97219
-28.3271
-43.3441
-53.5522
-58.3142
-71.8049
-90.7463
-29.4293
14.1701
28.4027
40.4405
47.8342
49.6623
45.8375
36.9267
24.0257
8.76796
-12.9023
-33.8247
-56.2882
-77.2713
-94.9384
-110.045
-122.385
-131.956
-138.904
-143.469
-145.943
-146.634
-145.842
-143.838
-140.864
-137.123
-132.78
-127.971
-122.799
-117.346
-111.671
-105.819
-99.8234
-93.7054
-87.4799
-81.1558
-74.7375
-68.2264
-61.6213
-54.9173
-48.1064
-41.1768
-34.1162
-26.911
-19.5412
-11.9912
-4.2309
3.77785
12.0776
20.6746
28.9069
36.7244
44.8564
53.3934
62.1979
71.4114
80.7561
90.2552
100.228
110.47
120.423
129.581
137.092
144.611
154.1
165.507
174.756
179.794
181.827
181.277
177.734
170.565
159.248
143.295
122.539
96.1854
62.1533
26.2081
-14.2606
-56.561
-98.237
-136.445
-168.096
-190.184
-200.297
-197.247
-181.666
-156.275
-125.431
-93.6903
-63.5979
-46.9098
-14.1957
-8.27822
-23.2514
-34.9022
-41.9453
-44.3351
-67.6764
-66.3685
1.75012
22.6251
36.5061
46.7559
52.2644
52.4389
47.2991
37.3786
23.506
6.24073
-15.5914
-36.2885
-59.382
-80.073
-97.8334
-113.122
-125.7
-135.572
-142.899
-147.931
-150.967
-152.311
-152.253
-151.052
-148.929
-146.066
-142.607
-138.662
-134.316
-129.629
-124.644
-119.394
-113.898
-108.173
-102.228
-96.0695
-89.7033
-83.1325
-76.3596
-69.3851
-62.208
-54.8249
-47.2302
-39.4171
-31.3739
-23.0868
-14.5341
-5.69198
3.46721
12.9652
22.8802
32.8923
42.5253
51.8198
61.402
71.316
81.9419
93.1523
104.618
115.746
125.719
134.052
143.466
154.865
168.205
180.167
187.469
191.994
194.348
193.971
190.228
182.542
170.381
153.283
130.906
103.377
67.6048
30.5572
-13.2478
-58.4516
-102.888
-143.736
-177.842
-202.104
-213.993
-212.184
-197.159
-171.459
-139.23
-104.78
-70.504
-59.4853
-16.8415
-6.60262
-18.229
-26.4915
-30.2407
-31.4338
-61.775
-34.3348
18.4023
32.3885
44.6523
53.3189
57.2569
56.0582
49.8814
39.3428
25.3927
4.28068
-14.0715
-36.6859
-59.6014
-79.8124
-97.7046
-113.08
-125.795
-135.886
-143.533
-148.996
-152.576
-154.575
-155.272
-154.912
-153.696
-151.784
-149.296
-146.321
-142.92
-139.132
-134.985
-130.493
-125.665
-120.506
-115.019
-109.207
-103.073
-96.6195
-89.8517
-82.7736
-75.389
-67.7006
-59.7093
-51.4143
-42.8106
-33.8913
-24.633
-15.0321
-5.08
5.22935
16.0228
27.2242
39.1487
50.7254
62.4216
74.0869
85.8789
97.9265
109.747
120.404
129.36
140.332
153.248
168.074
181.976
191.215
198.077
203.319
206.242
206.04
202.055
193.696
180.518
162.159
138.244
109.104
72.505
32.5395
-13.3155
-60.9293
-107.87
-151.187
-187.616
-213.935
-227.483
-226.787
-212.157
-185.927
-151.966
-114.211
-81.4624
-67.209
-20.0083
-4.96665
-13.3263
-18.2068
-18.1086
-19.268
-50.3933
-5.03158
29.053
41.665
52.9092
60.3375
62.9532
60.5622
53.5017
42.5591
29.0397
7.29534
-11.3974
-34.9421
-57.418
-77.1914
-94.9451
-110.265
-123.008
-133.232
-141.126
-146.963
-151.043
-153.664
-155.096
-155.569
-155.264
-154.323
-152.841
-150.886
-148.497
-145.693
-142.481
-138.861
-134.827
-130.373
-125.492
-120.182
-114.439
-108.265
-101.665
-94.6427
-87.2062
-79.3617
-71.1143
-62.4711
-53.4277
-43.9968
-34.1476
-23.9711
-13.2189
-2.01887
9.92914
22.4154
36.0554
50.6332
65.2672
79.5764
93.0769
105.393
115.898
125.07
136.595
150.522
166.068
181.305
191.898
200.396
207.919
213.807
217.214
217.245
213.019
203.969
189.721
170.123
144.854
113.905
77.1222
32.5224
-14.5762
-64.0807
-113.192
-158.751
-197.333
-225.568
-240.638
-240.9
-226.459
-199.384
-163.123
-120.521
-101.992
-68.4364
-22.2506
-3.39427
-8.63253
-10.3381
-7.11102
-9.80663
-28.288
16.2185
37.9283
50.5935
61.3985
67.9138
69.398
65.8912
57.8708
46.1407
31.9192
11.2794
-8.16777
-31.3197
-53.0071
-72.4367
-89.9286
-105.074
-117.743
-128.007
-136.068
-142.202
-146.712
-149.892
-152.002
-153.258
-153.826
-153.826
-153.336
-152.4
-151.037
-149.248
-147.022
-144.34
-141.183
-137.532
-133.37
-128.683
-123.464
-117.708
-111.416
-104.593
-97.2468
-89.3859
-81.0138
-72.1609
-62.8388
-52.9944
-42.6259
-31.5293
-19.8815
-7.26959
6.27854
20.9769
36.5458
53.2422
70.4544
86.766
101.055
112.733
122.753
134.985
149.528
164.97
180.126
190.697
199.725
208.847
216.99
223.195
226.748
226.825
222.553
213.014
197.749
176.774
150.169
117.588
79.941
31.4522
-16.6912
-67.7669
-118.758
-166.324
-206.871
-236.86
-253.291
-254.317
-239.795
-211.477
-172.546
-127.446
-125.135
-68.6014
-23.3408
-1.90328
-4.19012
-2.8533
3.56636
-1.38164
-1.9281
31.8139
46.6483
59.4826
70.2173
76.0887
76.6035
72.0322
62.9331
49.8761
33.0665
17.0943
-3.60956
-26.0138
-46.7763
-65.9029
-83.0573
-97.9317
-110.431
-120.643
-128.78
-135.123
-139.975
-143.625
-146.325
-148.28
-149.641
-150.511
-150.95
-150.985
-150.616
-149.826
-148.585
-146.861
-144.618
-141.825
-138.451
-134.473
-129.874
-124.641
-118.771
-112.267
-105.129
-97.3738
-89.0553
-80.0203
-70.2835
-59.8058
-48.4881
-36.0785
-22.7065
-8.14927
7.34666
23.9919
41.3117
59.2749
77.2006
93.6621
107.561
120.323
134.596
150.544
166.234
180.97
191.063
199.267
207.664
215.928
223.786
230.21
233.923
234.027
229.697
220.06
204.234
182.101
154.108
119.937
80.8502
30.2577
-19.1565
-71.698
-124.37
-173.737
-216.06
-247.624
-265.227
-266.771
-251.776
-221.409
-177.304
-142.335
-143.985
-70.8356
-24.2251
-0.514618
-0.0706427
4.11454
14.1391
9.95648
22.6012
43.9803
55.1529
68.3419
79.3456
84.8426
84.5701
79.0741
69.0852
55.1987
36.2684
23.1938
2.01084
-19.5878
-39.4715
-58.0591
-74.7614
-89.2716
-101.511
-111.581
-119.7
-126.153
-131.243
-135.255
-138.435
-140.975
-143.017
-144.65
-145.919
-146.835
-147.382
-147.527
-147.226
-146.431
-145.093
-143.166
-140.608
-137.382
-133.461
-128.822
-123.451
-117.358
-110.527
-102.825
-94.2146
-84.6666
-73.9804
-62.202
-49.2105
-35.1786
-20.0082
-3.85939
13.1791
30.8919
48.8523
66.4619
83.5385
99.8172
115.833
132.703
150.757
167.646
182.73
193.269
200.744
207.785
214.687
221.664
228.538
234.694
238.649
238.88
234.46
224.693
208.754
185.913
156.717
121.363
80.4718
29.3347
-21.5147
-75.526
-129.766
-180.766
-224.682
-257.631
-276.182
-277.94
-262.007
-228.994
-180.472
-166.465
-154.032
-74.8249
-25.3975
0.755409
3.65095
10.207
22.7182
25.4293
43.4192
55.1027
63.9678
77.0274
88.673
94.1021
93.2468
87.0369
76.5636
62.9163
43.105
29.2019
8.70984
-12.109
-31.3047
-49.2795
-65.4487
-79.5154
-91.4141
-101.254
-109.262
-115.723
-120.94
-125.193
-128.723
-131.716
-134.302
-136.562
-138.528
-140.199
-141.545
-142.521
-143.071
-143.132
-142.643
-141.546
-139.786
-137.313
-134.086
-130.076
-125.248
-119.361
-112.334
-104.104
-94.5141
-83.6506
-71.5917
-58.4129
-44.0933
-28.8609
-12.5414
4.40307
21.7405
39.1435
56.4934
73.6545
91.1081
109.437
128.728
148.624
166.805
182.859
194.851
202.274
208.873
214.831
220.489
226.131
231.854
237.155
240.969
241.364
236.965
227.019
210.947
187.934
157.908
121.708
79.2374
28.5474
-23.414
-78.9248
-134.667
-187.158
-232.485
-266.605
-285.832
-287.393
-269.809
-232.589
-187.782
-196.238
-156.093
-79.4374
-26.7807
1.91547
7.01248
15.5129
29.4104
42.7089
61.5817
65.7724
72.8003
85.8657
98.1677
103.767
102.498
95.7044
84.8489
71.3481
51.4585
36.3501
16.1024
-3.91235
-22.5435
-39.904
-55.497
-69.0616
-80.5506
-90.0831
-97.889
-104.256
-109.484
-113.851
-117.593
-120.892
-123.87
-126.6
-129.107
-131.378
-133.376
-135.044
-136.315
-137.117
-137.379
-137.03
-136.004
-134.241
-131.685
-128.102
-123.133
-116.635
-108.535
-99.037
-88.3394
-76.4321
-63.4828
-49.3996
-34.4454
-18.8157
-2.63457
13.9693
30.8789
47.8397
65.1339
83.3062
102.812
123.229
144.05
163.257
180.09
193.358
201.697
208.577
214.551
219.754
224.544
229.12
233.82
238.205
241.379
241.647
237.272
227.241
211.044
188.144
157.834
121.173
78.1107
28.1262
-24.3191
-81.642
-138.839
-192.662
-239.193
-274.231
-293.787
-294.614
-274.473
-231.665
-203.38
-224.193
-155.201
-84.3449
-28.2753
2.98405
10.0977
20.3174
35.2005
59.5413
77.3084
76.0333
81.7881
94.834
107.859
113.713
112.146
104.815
93.5197
79.8639
59.8122
43.5645
23.9248
4.5865
-13.5079
-30.2627
-45.2598
-58.2827
-69.3071
-78.4629
-85.9842
-92.1589
-97.2855
-101.64
-105.455
-108.907
-112.115
-115.147
-118.021
-120.719
-123.196
-125.388
-127.219
-128.611
-129.484
-129.758
-129.361
-128.226
-125.815
-121.576
-115.366
-107.619
-98.5846
-88.3208
-76.939
-64.5613
-51.3908
-37.4266
-22.7863
-7.43897
8.33838
24.5423
41.3332
58.8083
77.3088
96.8844
117.145
137.74
157.129
174.236
188.176
197.662
205.32
211.822
217.39
222.168
226.453
230.426
234.412
237.987
240.371
240.141
235.556
225.478
209.216
186.403
156.448
119.801
76.6706
27.9518
-25.0749
-83.8128
-142.172
-197.06
-244.523
-280.156
-299.593
-298.971
-275.055
-231.669
-225.667
-245.42
-154.517
-88.9276
-29.7148
3.96993
12.9487
24.7705
40.4888
74.1918
91.1243
85.8087
90.8326
104.288
117.623
123.828
122.007
114.133
102.316
88.3381
68.1272
51.0789
31.8562
13.1577
-4.48361
-20.6627
-35.0635
-47.5224
-58.0418
-66.7637
-73.927
-79.82
-84.7398
-88.9604
-92.7113
-96.1673
-99.4452
-102.608
-105.67
-108.611
-111.379
-113.907
-116.113
-117.913
-119.222
-119.959
-120.047
-118.735
-115.053
-109.329
-102.136
-93.6422
-84.0758
-73.6401
-62.3634
-50.292
-37.4038
-23.8399
-9.6019
5.32078
21.0345
37.5022
54.7336
72.9887
91.7427
111.039
130.304
149
165.718
179.784
190.266
198.506
205.709
211.989
217.345
222.049
226.165
230.005
233.603
236.558
238.149
237.152
232.087
221.855
205.653
183.022
153.568
117.422
74.9241
27.6128
-26.321
-85.5882
-144.587
-200.152
-248.185
-283.995
-302.721
-299.653
-270.16
-237.876
-253.393
-258.21
-154.861
-92.3997
-30.8907
4.86991
15.5686
28.9481
45.5578
86.319
102.837
94.7967
99.7872
114.013
127.723
134.023
131.898
123.447
111.035
96.6525
76.4932
58.6119
39.5684
21.3585
4.21982
-11.3955
-25.2086
-37.0948
-47.0817
-55.3247
-62.0677
-67.6003
-72.2187
-76.1951
-79.7572
-83.0778
-86.2718
-89.3999
-92.4755
-95.474
-98.3426
-101.009
-103.388
-105.393
-106.935
-107.949
-107.713
-104.653
-99.4992
-92.8167
-85.0442
-76.3755
-66.9253
-56.7336
-45.8274
-34.1887
-21.7345
-8.46071
5.73016
20.7287
36.2875
52.8086
69.899
87.3465
104.857
122.123
139.44
155.137
168.848
179.875
188.389
196.194
203.134
209.309
214.8
219.633
224.008
227.986
231.403
233.871
234.641
232.765
227.065
216.568
200.464
178.204
149.416
114.112
72.5174
26.7282
-27.6871
-86.8501
-145.952
-201.73
-249.881
-285.342
-302.604
-295.82
-265.029
-249.348
-282.383
-263.914
-156.566
-94.598
-31.7059
5.67288
17.9279
32.8613
50.5761
96.1299
112.1
102.68
108.486
123.91
138.082
144.284
141.684
132.561
119.447
104.443
84.2137
65.7836
46.9334
29.0535
12.3691
-2.71694
-15.9638
-27.2807
-36.719
-44.4485
-50.72
-55.8256
-60.0615
-63.6989
-66.9639
-70.0271
-73.0015
-75.9463
-78.8732
-81.7552
-84.5391
-87.1493
-89.4972
-91.492
-93.0202
-93.8318
-91.5341
-86.8555
-80.7049
-73.5185
-65.5764
-57.0578
-47.9253
-38.116
-27.5581
-16.0852
-3.76677
9.30905
22.7678
37.2747
52.357
67.6925
83.1185
98.3346
113.502
128.79
143.151
156.036
166.957
175.624
183.685
191.199
198.114
204.455
210.28
215.569
220.32
224.482
227.728
229.653
229.643
226.914
220.57
209.786
193.824
172.105
144.249
109.962
69.718
25.3121
-29.0703
-87.4939
-146.126
-201.588
-249.312
-283.763
-298.663
-287.105
-263.306
-265.078
-308.51
-265.423
-158.8
-96.2133
-32.2738
6.36624
19.976
36.3472
55.5385
104.052
118.828
109.179
116.828
133.925
148.605
154.469
151.196
141.28
127.359
111.561
91.1224
72.4514
53.7472
36.0731
19.7628
5.15079
-7.56387
-18.323
-27.2037
-34.3922
-40.1495
-44.7726
-48.5601
-51.7833
-54.6661
-57.3752
-60.02
-62.659
-65.3002
-67.9122
-70.4468
-72.8236
-74.9456
-76.7438
-78.1879
-76.8459
-72.5333
-66.6896
-59.8165
-52.4227
-44.6028
-36.3563
-27.4853
-17.9268
-7.6509
3.14899
14.6457
26.9499
39.7234
52.4753
65.6158
78.6713
91.5811
104.508
117.466
130.387
142.153
152.421
161.08
169.103
176.901
184.381
191.485
198.174
204.395
210.089
215.088
219.238
222.219
223.626
222.94
219.498
212.63
201.642
185.897
164.848
138.046
105.065
66.2999
23.0321
-30.5182
-87.4606
-145.001
-199.541
-246.178
-278.772
-289.991
-278.51
-264.215
-282.963
-329.143
-264.99
-161.29
-97.5247
-32.685
6.94392
21.6802
39.2698
60.3019
110.58
122.879
114.307
124.87
143.954
159.086
164.35
160.219
149.424
134.638
118.038
97.0637
78.4003
59.8078
42.2489
26.2218
12.0155
-0.206294
-10.4193
-18.7325
-25.3527
-30.5555
-34.6484
-37.9366
-40.6954
-43.142
-45.4349
-47.6741
-49.9236
-52.1818
-54.396
-56.5524
-58.5467
-60.252
-61.6542
-61.6414
-57.7243
-51.9703
-45.1261
-37.9787
-30.7042
-23.1176
-15.1276
-6.60089
2.24995
11.7309
21.6183
31.7673
41.9946
52.7173
63.4375
74.1002
84.7388
95.4371
106.176
117.28
127.793
137.314
145.679
153.385
161.091
168.748
176.242
183.509
190.412
196.859
202.734
207.835
211.907
214.65
215.638
214.432
210.506
203.304
192.261
176.86
156.595
130.983
99.5034
62.3501
20.3146
-31.8249
-86.6861
-142.5
-195.44
-240.214
-269.93
-278.997
-271.236
-267.555
-300.826
-343.614
-263.364
-163.773
-98.6236
-32.9882
7.40778
23.0398
41.61
64.9622
115.697
124.139
118.365
132.751
153.889
169.246
173.641
168.525
156.805
141.124
123.659
101.952
83.468
64.9665
47.435
31.5864
17.7135
5.95479
-3.7071
-11.4343
-17.4445
-22.0418
-25.5571
-28.312
-30.594
-32.5939
-34.4492
-36.2498
-38.0841
-39.9267
-41.6597
-43.3453
-44.8755
-46.0671
-46.9539
-43.8435
-37.9554
-30.9019
-23.6722
-16.5708
-9.4682
-2.18984
5.31876
12.9121
20.7024
28.2451
36.0232
44.0785
52.4865
60.7496
69.3081
77.9178
86.6016
95.3691
104.378
113.472
121.823
129.411
136.536
143.876
151.327
158.826
166.309
173.618
180.641
187.238
193.211
198.341
202.365
204.942
205.684
204.19
200.026
192.716
181.831
166.914
147.534
123.217
93.3762
58.0031
17.4666
-32.5643
-85.049
-138.617
-189.176
-231.229
-258.666
-268.358
-264.963
-272.076
-316.647
-352.285
-261.021
-166.08
-99.5113
-33.1987
7.76443
24.0686
43.4051
69.6109
119.037
122.907
121.607
140.77
163.761
178.608
181.94
175.874
163.261
146.69
128.313
105.781
87.5677
69.1357
51.5338
35.7487
22.1306
10.7845
1.72105
-5.33859
-10.6693
-14.6127
-17.5412
-19.8113
-21.6264
-23.1864
-24.6959
-26.1683
-27.602
-29.0128
-30.3409
-31.566
-32.6004
-33.4179
-31.7943
-25.9241
-18.2473
-10.5023
-3.28746
3.63177
10.2883
16.6003
22.7144
28.3195
33.9762
39.7478
45.5948
51.5038
57.6891
64.0798
70.6469
77.3476
84.2115
91.1839
98.7
105.748
112.275
118.599
125.213
132.201
139.424
146.798
154.232
161.57
168.679
175.378
181.446
186.642
190.686
193.239
193.935
192.393
188.237
181.076
170.543
156.269
137.864
114.879
86.7645
53.3203
14.5768
-32.858
-82.3693
-133.136
-181.057
-220.725
-247.208
-257.773
-259.491
-276.297
-328.878
-356.017
-258.132
-167.894
-100.121
-33.309
8.02296
24.7783
44.5583
74.2672
120.45
119.606
124.763
148.798
172.987
186.86
189.083
182.123
168.688
151.261
131.952
108.633
90.727
72.3073
54.5197
38.6949
25.2609
14.3046
5.77277
-0.553387
-5.15765
-8.42286
-10.7833
-12.613
-14.0869
-15.3912
-16.6518
-17.8864
-19.0557
-20.1201
-21.0373
-21.7652
-22.2009
-21.9585
-16.5754
-8.34371
0.137944
7.78799
14.6359
20.7539
26.0658
30.6211
34.4387
38.1382
41.589
45.2182
49.0071
53.1676
57.4946
62.1802
67.0035
72.075
77.2793
82.8941
88.6601
94.0543
99.3934
105.237
111.554
118.322
125.418
132.726
140.14
147.525
154.712
161.507
167.687
172.998
177.151
179.824
180.671
179.33
175.406
168.601
158.597
145.073
127.688
106.062
79.7287
48.3411
11.6828
-32.9001
-79.1073
-126.729
-171.838
-209.613
-235.639
-247.37
-254.109
-278.957
-336.383
-355.842
-254.523
-169.056
-100.369
-33.2966
8.19856
25.2163
45.1093
78.5364
119.49
115.337
128.574
156.537
181.075
193.662
194.912
187.194
173.04
154.822
134.531
110.564
92.9933
74.519
56.4609
40.4736
27.0929
16.4075
8.47033
2.82914
-1.02773
-3.69322
-5.58057
-7.08482
-8.41608
-9.65605
-10.8465
-11.9511
-12.9743
-13.7995
-14.4219
-14.7964
-14.9009
-10.897
-2.1402
7.4116
15.832
22.8391
28.546
32.8379
35.8447
37.8995
39.4024
40.8154
42.3546
44.1802
46.3417
48.8599
51.7025
54.8095
58.1752
61.7698
65.6427
70.2261
74.6022
79.0444
84.1062
89.8554
96.1098
102.81
109.864
117.167
124.603
132.029
139.28
146.158
152.44
157.871
162.166
165.013
166.086
165.046
161.554
155.302
146.004
133.381
117.131
96.8688
72.3338
43.0538
8.85167
-32.9378
-75.6955
-120.01
-162.302
-198.378
-223.868
-237.125
-248.166
-279.024
-338.695
-352.39
-250.15
-169.247
-100.12
-33.124
8.30616
25.4452
45.274
82.0882
115.494
111.717
132.752
163.927
187.521
198.929
199.41
191.074
176.325
157.459
136.331
112.014
94.5177
75.8053
57.447
41.1706
27.6693
17.1739
9.7012
4.71635
1.49975
-0.577476
-2.23805
-3.70222
-5.17059
-6.58845
-7.90485
-9.0263
-9.9494
-10.5951
-10.9043
-10.8279
-8.766
0.159412
10.9125
20.2346
27.5864
32.9444
36.167
37.4882
37.552
37.0688
36.5447
36.1783
36.2271
36.6304
37.5148
38.7433
40.3252
42.2477
44.489
47.0781
50.463
54.0354
57.7993
62.1987
67.4749
73.2871
79.5927
86.331
93.4217
100.767
108.252
115.739
123.061
130.029
136.42
141.984
146.444
149.499
150.834
150.132
147.082
141.396
132.817
121.108
106.032
87.3096
64.6436
37.6013
6.37093
-33.1574
-72.5373
-113.519
-152.936
-187.161
-212.18
-226.807
-241.182
-275.834
-335.788
-345.86
-244.828
-168.276
-99.2452
-32.7481
8.354
25.4962
45.0438
85.0721
107.927
109.61
137.725
170.089
192.243
202.739
202.621
193.793
178.581
159.255
137.638
113.409
95.4444
76.2148
57.6189
40.9
27.1276
16.6157
9.43024
4.97761
2.32387
0.478124
-1.15154
-2.85548
-4.64004
-6.32111
-7.81434
-8.93295
-9.76517
-10.2226
-10.1969
-9.2791
-1.35521
10.4003
20.856
28.6571
33.6194
35.6185
35.0644
33.063
30.5757
28.1743
26.1393
24.5556
23.5301
22.9661
22.8959
23.257
23.9736
25.12
26.799
29.1613
32.235
35.6096
39.6387
44.6081
50.1171
56.1245
62.5876
69.4524
76.6479
84.0849
91.6542
99.223
106.633
113.7
120.207
125.914
130.549
133.823
135.433
135.075
132.458
127.318
119.428
108.594
94.6367
77.3495
56.4625
31.8254
3.92102
-33.5312
-69.8845
-107.679
-144.086
-176.222
-200.687
-216.282
-232.815
-269.161
-327.863
-336.137
-238.473
-165.879
-97.6013
-32.1228
8.34557
25.4215
44.6669
86.9326
98.4408
109.189
142.55
174.283
195.339
205.196
204.629
195.414
179.853
160.248
138.47
114.841
95.6593
75.8045
56.9014
39.7787
25.6194
14.8582
7.6807
3.5165
1.12339
-0.619379
-2.37662
-4.40342
-6.52442
-8.51176
-10.1341
-11.4096
-12.0847
-12.2501
-11.8539
-6.02654
6.17252
17.6199
25.7761
30.2426
30.7386
28.1028
24.0388
19.6647
15.6035
12.0908
9.14841
6.82336
5.12435
3.91818
3.2354
3.13898
3.5942
4.59986
6.44396
9.27537
12.5535
16.5441
21.4144
26.8163
32.6657
38.9496
45.6392
52.6893
60.0376
67.6025
75.2821
82.9514
90.4599
97.6299
104.255
110.101
114.908
118.393
120.265
120.233
118.02
113.384
106.124
96.0887
83.1633
67.228
47.76
25.3602
1.57976
-34.2448
-68.0061
-102.719
-136.164
-165.767
-189.382
-205.47
-222.923
-259.133
-315.312
-322.636
-231.289
-161.815
-95.0495
-31.2027
8.26149
25.2188
44.5558
86.2366
88.9336
110.049
146.445
176.735
197.028
206.449
205.549
196.027
180.195
160.446
138.82
116.564
95.0062
74.4977
55.3515
37.9043
23.3559
12.155
4.60545
0.311096
-2.02072
-3.76344
-5.67439
-7.92582
-10.4147
-12.7392
-14.4721
-15.6901
-16.3049
-16.3184
-12.8682
-1.24236
10.8542
19.157
22.8319
21.5453
16.7245
10.6874
4.64023
-0.887195
-5.76667
-9.87269
-13.3168
-16.0646
-18.0563
-19.337
-20.0109
-19.9653
-19.1845
-17.2428
-14.3395
-10.8725
-6.70248
-1.73906
3.68062
9.48937
15.6902
22.2738
29.2158
36.4765
43.9991
51.7087
59.5101
67.2857
74.8929
82.1623
88.8961
94.8684
99.8275
103.501
105.606
105.862
104.006
99.8106
93.1015
83.7646
71.7457
57.0318
38.906
18.2122
-1.39176
-35.5149
-66.7501
-98.8615
-129.338
-156.175
-178.183
-194.385
-211.49
-246.147
-298.655
-304.588
-223.302
-156.123
-91.5265
-29.9608
8.04723
24.7111
45.5863
80.4155
82.2616
112.07
148.337
177.682
197.514
206.662
205.522
195.745
179.673
159.805
138.402
117.697
93.5308
72.3757
53.1387
35.4239
20.5626
8.81375
0.528287
-4.33288
-6.87514
-8.7037
-10.6476
-13.0596
-15.8781
-18.36
-20.2045
-21.499
-22.1354
-20.6721
-10.8979
1.26867
9.36289
11.977
8.64222
1.67588
-6.18885
-13.8122
-20.739
-26.8192
-32.0303
-36.3086
-39.665
-42.2025
-43.8463
-44.6604
-44.5533
-43.3617
-40.8843
-37.6881
-33.8836
-29.3973
-24.3012
-18.8573
-13.0513
-6.8873
-0.367575
6.49598
13.6791
21.1438
28.8365
36.6867
44.6047
52.4791
60.1745
67.529
74.353
80.4286
85.5123
89.3402
91.6376
92.1323
90.5726
86.7462
80.4985
71.7461
60.4831
46.7754
29.8329
10.5514
-5.17378
-37.6091
-66.1627
-95.5029
-123.722
-147.849
-167.238
-182.812
-198.656
-230.681
-278.789
-282.13
-213.54
-148.819
-87.0054
-28.3839
7.65493
23.5524
47.057
70.6232
79.3375
113.555
148.645
177.404
196.995
206.002
204.705
194.717
178.398
158.338
136.989
117.48
90.7191
69.5244
50.2915
32.6263
17.3906
5.1628
-3.95543
-9.84687
-13.0518
-15.0761
-17.0025
-19.4192
-22.3501
-25.021
-26.9898
-28.5132
-28.5889
-21.807
-10.0019
-2.50682
-1.58596
-7.13705
-16.1983
-25.8203
-34.8493
-43.0085
-50.068
-56.0148
-60.8388
-64.5306
-67.1544
-68.6698
-69.1328
-68.329
-66.1232
-63.1963
-59.6698
-55.5395
-50.8284
-45.7164
-40.2962
-34.5371
-28.435
-21.992
-15.2156
-8.1217
-0.736823
6.90046
14.7377
22.7069
30.7219
38.6761
46.4398
53.8576
60.7467
66.8965
72.0707
76.0128
78.4552
79.1341
77.8072
74.2748
68.3993
60.1198
49.4612
36.5694
20.4312
1.52564
-11.1307
-40.8619
-66.3268
-92.5827
-118.248
-140.642
-157.307
-170.651
-184.569
-213.286
-256.085
-256.214
-201.254
-139.779
-81.4473
-26.4622
7.13245
21.856
48.3083
59.8686
78.1427
113.59
147.678
176.124
195.65
204.635
203.266
193.117
176.545
156.175
134.572
115.624
86.7297
66.1126
46.9174
29.5022
14.0669
1.41944
-8.40142
-15.4216
-19.811
-22.3917
-24.4726
-26.7233
-29.5407
-32.3418
-34.8012
-36.0828
-32.5044
-21.7949
-15.2168
-16.3224
-24.6339
-35.6527
-46.8206
-57.1826
-66.2668
-74.0499
-80.3462
-85.2666
-88.7571
-90.9745
-91.7987
-91.0988
-89.1639
-86.3801
-83.1718
-79.3479
-75.0636
-70.4023
-65.4593
-60.1771
-54.5608
-48.6035
-42.3057
-35.6731
-28.7181
-21.4609
-13.931
-6.1687
1.77316
9.82729
17.9096
25.9168
33.7231
41.178
48.1042
54.297
59.5262
63.5415
66.0819
66.8906
65.7343
62.4254
56.8432
48.9449
38.7534
26.3028
10.8855
-7.84627
-19.7461
-45.0383
-67.1095
-90.0638
-112.808
-133.203
-148.412
-158.385
-169.489
-194.406
-230.245
-228.774
-185.972
-128.803
-74.7903
-24.1824
6.5749
19.8067
47.1894
51.182
77.4168
112.053
145.655
174.029
193.639
202.716
201.371
191.138
174.348
153.592
131.397
112.006
81.9684
62.4672
43.4329
26.3935
11.0117
-2.11329
-12.5607
-20.494
-26.1539
-29.8944
-32.4565
-34.7435
-37.3858
-40.5855
-42.9997
-41.9679
-32.9603
-27.4757
-30.8075
-41.9349
-55.2763
-68.0647
-79.3603
-89.099
-97.0054
-103.185
-107.598
-110.445
-111.526
-110.972
-109.078
-106.557
-103.612
-100.139
-96.3196
-92.2215
-87.8556
-83.1663
-78.1542
-72.8014
-67.1023
-61.0544
-54.6609
-47.9313
-40.8816
-33.5355
-25.9255
-18.0942
-10.0955
-1.99695
6.11799
14.1475
21.9685
29.4337
36.3697
42.5761
47.8276
51.879
54.4748
55.3645
54.3231
51.1755
45.8219
38.2556
28.5543
16.2458
1.6953
-14.3963
-29.565
-49.2506
-68.2299
-87.8664
-107.419
-125.254
-139.048
-146.891
-153.419
-174.625
-201.404
-202.909
-166.064
-115.554
-66.9693
-21.5382
6.16008
18.1819
41.0017
46.9597
75.9794
109.475
142.812
171.279
191.099
200.38
199.17
188.966
172.065
150.984
128.094
107.489
77.9846
58.9982
40.1691
23.2912
8.10918
-5.11219
-16.1213
-24.8494
-31.4995
-36.4433
-40.1949
-43.3886
-46.384
-49.1914
-49.923
-43.0909
-38.5228
-43.8134
-57.4773
-73.2037
-87.6305
-99.8439
-109.677
-117.292
-122.812
-126.28
-127.765
-127.24
-125.461
-123.175
-120.444
-117.39
-114.094
-110.641
-106.927
-102.928
-98.6308
-94.0076
-89.0435
-83.7262
-78.0494
-72.0122
-65.6198
-58.8839
-51.8232
-44.4641
-36.8414
-28.9996
-20.9944
-12.8943
-4.78279
3.23848
11.0474
18.4984
25.4203
31.6158
36.8629
40.9202
43.537
44.4681
43.4959
40.4563
35.2685
27.9665
18.7365
6.74857
-7.31811
-17.8762
-38.3283
-53.7404
-69.6625
-85.9561
-102.101
-116.889
-128.463
-135.069
-136.888
-153.215
-170.31
-178.988
-143.194
-100.375
-58.0924
-18.5639
5.96746
18.2533
31.9671
44.7499
73.0834
105.995
139.298
167.997
188.141
197.737
196.783
186.75
169.91
148.734
125.398
103.382
76.5974
56.3563
37.7165
20.5408
5.41929
-7.84522
-19.1588
-28.5118
-36.1137
-42.3081
-47.4819
-51.6758
-55.2297
-56.9462
-52.3332
-48.4827
-55.1581
-70.673
-87.9327
-103.558
-116.45
-126.429
-133.489
-137.85
-139.943
-139.65
-138.01
-135.876
-133.447
-130.81
-128.111
-125.284
-122.259
-119.018
-115.515
-111.718
-107.604
-103.149
-98.337
-93.1566
-87.6016
-81.6716
-75.373
-68.7187
-61.7288
-54.4313
-46.8628
-39.0693
-31.1079
-23.0485
-14.9757
-6.99169
0.781032
8.19714
15.0863
21.2526
26.4761
30.5184
33.1323
34.0774
33.1421
30.1712
25.0949
17.9568
8.94003
-2.66951
-16.6993
-22.9339
-44.7485
-58.1417
-71.277
-84.2631
-96.8373
-108.17
-116.834
-121.279
-120.703
-130.377
-139.489
-152.656
-120.092
-84.0335
-48.4219
-15.3333
5.46095
18.5188
23.9239
42.024
69.2432
101.818
135.238
164.281
184.85
194.872
194.3
184.583
167.991
147.018
123.966
100.852
78.0386
54.8878
36.0659
18.4244
3.07829
-10.3267
-21.9257
-31.8632
-40.3679
-47.5773
-53.4655
-58.6291
-61.9982
-60.0386
-57.0818
-64.827
-81.5763
-99.722
-115.337
-127.943
-137.45
-143.847
-147.457
-148.112
-146.644
-144.619
-142.442
-140.23
-138.096
-135.89
-133.575
-131.109
-128.439
-125.528
-122.339
-118.841
-115.009
-110.82
-106.259
-101.312
-95.9746
-90.2453
-84.1306
-77.6436
-70.8048
-63.6427
-56.1946
-48.5077
-40.6403
-32.6636
-24.664
-16.7449
-9.03013
-1.66617
5.17616
11.301
16.4895
20.5049
23.1029
24.0472
23.1325
20.2127
15.2328
8.24987
-1.05067
-12.5164
-25.2549
-32.8489
-51.6442
-62.6682
-73.0094
-82.6864
-91.5606
-99.106
-104.3
-105.927
-103.238
-106.022
-115.857
-120.135
-95.6455
-66.7885
-38.1802
-11.9212
4.18083
16.1186
19.5886
38.2525
64.6849
97.0845
130.725
160.201
181.291
191.847
191.78
182.518
166.325
145.711
123.015
100.162
79.6646
53.8561
34.9765
17.4179
1.63476
-12.1166
-24.0988
-34.5147
-43.4575
-51.1452
-58.1144
-63.237
-64.0785
-62.7563
-71.5772
-89.2993
-107.728
-123.116
-134.97
-143.348
-148.497
-150.765
-150.308
-148.947
-147.435
-145.736
-143.947
-142.361
-140.709
-139.007
-137.157
-135.145
-132.906
-130.411
-127.622
-124.51
-121.049
-117.218
-112.999
-108.379
-103.352
-97.9141
-92.0721
-85.8375
-79.2301
-72.2777
-65.0175
-57.4971
-49.7755
-41.9253
-34.0344
-26.2085
-18.5736
-11.278
-4.49423
1.58086
6.72824
10.7122
13.2907
14.2311
13.3335
10.4608
5.57942
-1.1668
-10.5116
-22.0301
-30.0062
-45.6658
-58.3613
-67.0034
-74.642
-81.0502
-86.1366
-89.6191
-90.8604
-89.0972
-86.1009
-79.0899
-92.2563
-87.9188
-70.6677
-49.0163
-27.5892
-8.40083
2.76816
11.2872
16.9552
33.8647
59.5812
91.8888
125.823
155.808
177.508
188.704
189.264
180.59
164.93
144.797
122.561
100.217
80.6657
53.6347
34.5103
17.4306
1.69815
-12.2853
-24.5726
-35.3566
-44.9138
-53.5599
-60.3759
-63.7515
-64.5724
-74.2639
-92.5422
-110.888
-125.692
-136.64
-144.008
-148.216
-149.318
-148.378
-147.169
-146.013
-145.114
-144.464
-143.799
-142.776
-141.584
-140.478
-139.109
-137.622
-135.864
-133.849
-131.526
-128.872
-125.86
-122.467
-118.675
-114.47
-109.841
-104.785
-99.3036
-93.4071
-87.113
-80.4473
-73.446
-66.1559
-58.6366
-50.9614
-43.22
-35.5203
-27.9907
-20.7826
-14.0707
-8.0538
-2.95166
1.00047
3.56225
4.50441
3.63155
0.809849
-4.00847
-10.7883
-20.0411
-31.45
-37.6076
-54.6174
-63.693
-70.7535
-75.9267
-79.1363
-80.3686
-79.5382
-76.3139
-70.1539
-67.792
-57.1678
-61.8433
-57.6345
-45.9133
-31.1088
-16.8633
-4.84035
2.19692
6.31357
13.2983
28.8694
54.0051
86.2882
120.572
151.132
173.526
185.465
186.773
178.817
163.818
144.268
122.529
100.608
81.3308
55.3115
35.2458
18.239
2.76392
-11.2523
-23.7892
-35.1146
-45.2372
-53.5971
-59.2581
-62.4496
-72.683
-90.9243
-108.975
-123.068
-133.069
-139.457
-142.866
-143.302
-142.552
-142.04
-141.85
-141.777
-141.758
-141.69
-141.494
-141.258
-141.27
-140.609
-139.559
-138.72
-137.426
-135.944
-134.131
-131.988
-129.485
-126.599
-123.309
-119.598
-115.452
-110.861
-105.827
-100.355
-94.4583
-88.1602
-81.4941
-74.5053
-67.2524
-59.8094
-52.267
-44.7351
-37.345
-30.2509
-23.6308
-17.6854
-12.6356
-8.71623
-6.16595
-5.2105
-6.03842
-8.76762
-13.4041
-20.3909
-29.5638
-37.471
-50.2465
-62.524
-69.0648
-74.043
-76.7025
-76.7124
-74.016
-68.6478
-60.5161
-55.3338
-44.8764
-31.6776
-31.6867
-28.6389
-21.7021
-13.3685
-6.18562
-1.2986
1.92423
2.29098
8.78706
23.3848
48.0251
80.3234
114.999
146.19
169.353
182.134
184.307
177.2
162.996
144.144
122.967
101.45
82.2605
59.0652
37.577
20.1091
4.56619
-9.45452
-22.1658
-33.5537
-43.3451
-51.0232
-56.459
-66.8324
-84.5082
-102.202
-115.596
-124.845
-130.579
-133.451
-133.673
-133.417
-133.728
-134.376
-135.219
-136.126
-137.012
-137.799
-138.423
-138.64
-139.002
-139.056
-138.904
-138.671
-137.568
-136.733
-135.419
-133.826
-131.871
-129.542
-126.815
-123.666
-120.076
-116.03
-111.525
-106.562
-101.149
-95.3036
-89.0554
-82.4469
-75.5346
-68.392
-61.1103
-53.8006
-46.5966
-39.6557
-33.1587
-27.3082
-22.3255
-18.4449
-15.9034
-14.9237
-15.6911
-18.3163
-22.7622
-29.6594
-38.7725
-46.1222
-59.803
-67.8779
-73.315
-76.4902
-76.6965
-73.5024
-66.8061
-56.7157
-45.3083
-39.192
-22.7928
-1.36897
-1.97369
-0.689144
1.79896
3.98606
4.29821
2.17738
0.484245
-0.285742
4.19072
17.5887
41.7017
74.0219
109.114
140.982
164.983
178.696
181.845
175.714
162.443
144.428
123.93
102.857
83.5133
63.0791
41.0207
23.2615
7.71681
-6.3168
-18.9496
-30.0623
-39.5151
-46.9828
-57.1167
-73.7825
-91.0585
-103.951
-112.691
-118.105
-120.858
-121.258
-121.691
-122.756
-124.212
-125.882
-127.643
-129.397
-131.071
-132.602
-133.938
-135.017
-135.928
-136.551
-136.205
-136.84
-136.754
-136.308
-135.258
-134.283
-132.873
-131.133
-129.008
-126.47
-123.504
-120.065
-116.163
-111.793
-106.948
-101.642
-95.8997
-89.7583
-83.2706
-76.5088
-69.5634
-62.5451
-55.5891
-48.8557
-42.5284
-36.8103
-31.9216
-28.0948
-25.5642
-24.5503
-25.2383
-27.7613
-32.218
-38.8418
-45.2654
-57.5037
-67.108
-72.6463
-76.6297
-77.9318
-75.6484
-69.2047
-58.4534
-43.6833
-36.2606
-19.8455
12.7897
23.8918
26.2727
26.1218
24.4475
20.7891
14.475
5.55065
-0.899916
-3.15006
-0.671264
11.4861
35.0536
67.395
102.92
135.5
160.396
175.118
179.339
174.299
162.088
145.055
125.396
104.937
85.4793
66.7056
45.6847
27.8592
12.2623
-1.68896
-14.184
-25.1692
-34.2971
-44.2095
-59.4666
-76.315
-88.9695
-97.5505
-102.961
-105.96
-106.833
-107.984
-109.773
-111.958
-114.364
-116.866
-119.369
-121.803
-124.111
-126.25
-128.18
-129.873
-131.323
-132.47
-133.213
-133.917
-134.149
-133.145
-134.167
-133.528
-132.258
-131.141
-129.639
-127.727
-125.453
-122.651
-119.415
-115.718
-111.52
-106.837
-101.69
-96.1075
-90.1352
-83.8451
-77.3249
-70.6811
-64.0495
-57.5943
-51.5006
-45.9688
-41.2149
-37.4673
-34.9568
-33.8985
-34.4642
-36.7437
-41.0498
-47.5422
-55.7138
-65.2908
-71.5406
-76.1832
-78.7467
-78.1103
-73.249
-63.4495
-48.4816
-36.5278
-22.4989
8.85466
43.4242
51.0594
53.7607
51.835
46.1415
36.9132
24.2563
8.79252
-2.11604
-6.46715
-5.84764
5.07592
28.0887
60.4466
96.4111
129.726
155.56
171.354
176.724
172.864
161.816
145.878
127.196
107.546
88.2308
70.0718
50.9042
33.3722
17.8154
3.9279
-8.41453
-19.0698
-29.2614
-42.6694
-58.7167
-71.4616
-80.277
-86.0577
-89.6126
-91.1873
-92.9733
-95.4142
-98.2411
-101.276
-104.394
-107.508
-110.551
-113.475
-116.241
-118.82
-121.189
-123.327
-125.222
-126.847
-128.183
-129.282
-130.026
-130.322
-130.718
-129.728
-129.807
-130.152
-128.446
-127.074
-125.654
-123.413
-120.898
-117.964
-114.47
-110.482
-106.022
-101.088
-95.7211
-89.9998
-84.0044
-77.8275
-71.6062
-65.5134
-59.7344
-54.4594
-49.8933
-46.2584
-43.7839
-42.6832
-43.1243
-45.1863
-49.3834
-54.1341
-63.8574
-70.6309
-75.1316
-78.4983
-79.4584
-76.7331
-69.1395
-55.8074
-41.938
-28.7476
-2.74648
48.463
67.4571
77.59
80.3192
76.3896
66.7779
52.2502
33.5693
11.8793
-3.3523
-10.0033
-11.2868
-1.62141
20.819
53.1807
89.58
123.64
150.439
167.346
173.919
171.298
161.476
146.695
129.055
110.303
91.3163
73.1594
55.9573
39.245
24.0036
10.2955
-1.93779
-13.0943
-24.7744
-38.9899
-52.1916
-61.5779
-68.0521
-72.4119
-74.971
-77.3078
-80.3015
-83.6667
-87.2146
-90.8215
-94.4035
-97.9015
-101.274
-104.49
-107.528
-110.371
-113.008
-115.43
-117.627
-119.592
-121.316
-122.801
-124.012
-124.931
-125.623
-125.851
-126.081
-125.975
-123.313
-125.602
-124.288
-121.877
-120.219
-118.204
-115.389
-112.151
-108.478
-104.27
-99.5828
-94.5297
-89.1678
-83.5493
-77.8214
-72.1835
-66.8178
-61.8836
-57.563
-54.0733
-51.6472
-50.5016
-50.8091
-52.7045
-56.785
-62.8715
-69.1713
-73.5819
-77.2127
-79.2405
-78.4376
-73.4554
-62.925
-50.144
-37.3925
-13.5512
39.231
71.378
92.1384
103.535
105.812
99.6803
86.2479
66.7023
42.3506
14.7908
-4.6369
-13.7027
-16.9544
-8.58294
13.2608
45.6047
82.4215
117.22
144.99
163.03
170.834
169.48
160.904
147.291
130.675
112.741
93.8545
76.1237
60.6569
44.7999
30.0878
16.6635
4.37612
-7.28885
-19.1943
-32.0103
-42.0866
-49.4748
-54.7909
-58.5994
-61.5071
-64.9817
-68.7869
-72.7376
-76.7112
-80.628
-84.4355
-88.0988
-91.5951
-94.9099
-98.0346
-100.965
-103.699
-106.239
-108.583
-110.732
-112.687
-114.443
-115.992
-117.322
-118.434
-119.28
-119.919
-120.2
-119.841
-120.099
-118.79
-117.293
-118.676
-116.348
-113.857
-111.441
-108.716
-105.264
-101.28
-97.0033
-92.4033
-87.4114
-82.2314
-77.1439
-72.3152
-67.815
-63.7857
-60.4537
-58.0727
-56.8633
-56.9607
-58.347
-61.1029
-67.8719
-72.188
-75.2408
-77.5996
-78.0711
-75.2924
-68.0564
-57.9235
-46.2055
-25.1448
24.3246
64.9649
94.9594
116.907
128.716
130.069
121.572
104.435
80.1769
50.5426
17.508
-5.97165
-17.545
-22.8254
-15.7834
5.4368
37.7336
74.9368
110.448
139.176
158.345
167.379
167.29
159.951
147.482
131.827
114.453
95.2125
79.3922
64.616
49.3535
35.3251
22.534
10.445
-1.06869
-12.0832
-22.5033
-30.7924
-37.2223
-42.2253
-46.0381
-49.9003
-54.0669
-58.3286
-62.5651
-66.7023
-70.6942
-74.5125
-78.1413
-81.573
-84.806
-87.8435
-90.6917
-93.3593
-95.8555
-98.1898
-100.371
-102.404
-104.294
-106.039
-107.633
-109.071
-110.331
-111.402
-112.228
-112.76
-113.174
-113.041
-112.635
-112.203
-109.171
-110.53
-109.723
-106.62
-103.77
-100.387
-97.0594
-93.4156
-89.0385
-84.3741
-79.9424
-75.8396
-71.8657
-68.1232
-64.9086
-62.5425
-61.2669
-61.1955
-62.2815
-64.7419
-69.8109
-72.6104
-74.7859
-75.8015
-74.5498
-70.0288
-62.9463
-52.9398
-34.7925
7.86437
51.9529
87.8942
118.967
141.362
152.874
152.887
141.908
121.218
92.5846
58.0913
20.0135
-7.35334
-21.514
-28.8749
-23.1914
-2.62031
29.5938
67.1385
103.318
132.967
153.238
163.477
164.628
158.501
147.182
132.638
115.467
96.4154
82.8748
67.1448
52.491
39.3578
27.5393
16.3382
5.52952
-4.26523
-12.6363
-19.8898
-25.9631
-31.0667
-35.3715
-39.8602
-44.3733
-48.7993
-53.0722
-57.1533
-61.0215
-64.6671
-68.0884
-71.2903
-74.2821
-77.077
-79.6909
-82.1414
-84.4467
-86.6248
-88.692
-90.6622
-92.5457
-94.3481
-96.0699
-97.7059
-99.2432
-100.663
-101.933
-103.025
-103.934
-104.548
-104.88
-104.888
-104.22
-104.077
-102.763
-98.4106
-100.613
-98.7282
-94.9895
-92.1838
-88.1618
-83.7617
-80.1541
-77.1716
-73.7722
-70.1757
-66.9271
-64.5021
-63.1614
-62.9459
-63.9247
-66.3438
-69.4177
-71.1195
-71.922
-71.1419
-68.4666
-63.8838
-55.924
-40.522
-4.78
34.6827
74.3021
111.583
142.994
165.108
175.715
174.045
160.524
136.476
103.84
64.9461
22.2905
-8.77615
-25.5915
-35.072
-30.7659
-10.8645
21.2276
59.0566
95.8406
126.353
147.675
159.075
161.417
156.448
146.218
132.757
115.069
99.4647
83.6883
68.4196
54.7136
42.4779
31.5553
21.7379
11.9844
3.03964
-3.64607
-10.229
-16.2408
-21.5766
-26.3802
-31.1343
-35.7211
-40.0853
-44.1993
-48.0507
-51.6366
-54.9611
-58.0339
-60.8697
-63.4873
-65.9088
-68.1588
-70.2635
-72.2496
-74.1431
-75.9683
-77.7468
-79.4959
-81.2278
-82.9488
-84.6582
-86.3476
-88.0003
-89.5913
-91.0904
-92.464
-93.6543
-94.6208
-95.3084
-95.6407
-95.7591
-95.2329
-93.9038
-93.4549
-91.316
-86.0964
-87.6787
-86.606
-81.7774
-78.6063
-76.5176
-73.483
-69.5793
-65.9537
-63.368
-62.0411
-61.7021
-62.4298
-64.4955
-65.925
-65.7608
-65.0164
-63.5293
-60.8769
-55.2047
-41.9321
-13.0125
19.0732
58.1088
98.2836
135.698
166.609
187.747
196.934
193.318
177.259
150.094
113.866
71.061
24.3235
-10.2327
-29.7542
-41.3783
-38.4539
-19.2335
12.6975
50.7434
88.0517
119.349
141.653
154.153
157.621
153.708
144.305
131.072
113.773
99.3764
84.1496
70.0775
57.1531
45.4258
35.0181
25.9024
17.5783
9.41019
3.88426
-2.12273
-8.08649
-13.6306
-18.7133
-23.5031
-27.97
-32.1088
-35.922
-39.4163
-42.6023
-45.4946
-48.1121
-50.4778
-52.6187
-54.5649
-56.3489
-58.0052
-59.5682
-61.0721
-62.5489
-64.0274
-65.5321
-67.0817
-68.6884
-70.3565
-72.0819
-73.8516
-75.6435
-77.4273
-79.1644
-80.8057
-82.2994
-83.5882
-84.6139
-85.3417
-85.6373
-85.477
-85.0953
-83.914
-81.9088
-80.9442
-78.7295
-73.6552
-70.3326
-71.9356
-70.8515
-66.7009
-61.6823
-58.7653
-57.3364
-56.5244
-56.5372
-57.8713
-58.6518
-58.3508
-57.1419
-55.1356
-50.9076
-39.8438
-19.065
9.7282
44.3185
83.3927
123.162
159.717
189.337
208.885
216.233
210.493
191.967
161.974
122.596
76.3965
26.0988
-11.7137
-33.9749
-47.7473
-46.1896
-27.6472
4.08824
42.2778
80.0157
112.002
135.207
148.744
153.31
150.503
142.188
127.255
114.77
99.682
85.3096
71.8964
59.5604
48.411
38.349
29.4827
22.0584
15.1015
9.38509
4.38056
-1.37625
-6.97406
-12.1428
-16.8096
-21.0285
-24.8351
-28.2547
-31.3085
-34.0174
-36.4042
-38.4953
-40.3208
-41.9149
-43.3149
-44.561
-45.695
-46.7591
-47.7948
-48.8417
-49.9357
-51.108
-52.3837
-53.7807
-55.3085
-56.9673
-58.7477
-60.6302
-62.5855
-64.5747
-66.5493
-68.4543
-70.2288
-71.8089
-73.131
-74.1174
-74.7236
-74.9399
-74.624
-73.8123
-72.8214
-71.1323
-68.5457
-66.3173
-65.126
-62.8406
-58.4209
-51.816
-49.2478
-49.0429
-48.6066
-48.4037
-49.717
-50.6844
-51.5046
-50.4462
-44.2524
-32.864
-17.2626
5.73705
35.6894
71.0113
109.595
148.157
183.033
210.685
228.136
233.337
225.385
204.529
172.04
129.982
80.9211
27.6054
-13.2084
-38.2224
-54.1256
-53.8963
-36.0088
-4.49278
33.7665
71.8298
104.397
128.406
142.901
148.513
146.819
139.74
128.269
114.153
100.436
87.089
74.2662
62.2239
51.1663
41.3545
32.6829
25.1332
19.0483
13.195
9.38687
4.10041
-1.36332
-6.49243
-10.9469
-14.8483
-18.2664
-21.2449
-23.8162
-26.0093
-27.8538
-29.3824
-30.6314
-31.6413
-32.4562
-33.123
-33.6906
-34.2083
-34.7247
-35.2863
-35.9358
-36.711
-37.6428
-38.7548
-40.0613
-41.5669
-43.2657
-45.1409
-47.1648
-49.299
-51.4951
-53.6963
-55.8385
-57.8531
-59.6687
-61.213
-62.4238
-63.2484
-63.6233
-63.5404
-63.0355
-61.9995
-60.4561
-58.7535
-57.0133
-54.6529
-51.3346
-47.3712
-44.4613
-42.5101
-40.6979
-39.2848
-39.3041
-38.5459
-36.6285
-32.2263
-23.6894
-10.331
8.12153
32.8253
63.4097
98.4931
135.853
172.484
205.019
230.168
245.148
248.008
237.848
214.861
180.243
135.992
84.6153
28.8357
-14.7055
-42.4641
-60.4561
-61.4889
-44.2081
-12.9189
25.3408
63.6205
96.6498
121.357
136.716
143.254
142.52
134.514
125.334
113.871
101.298
88.6084
76.3413
64.7859
54.0638
44.2086
35.5365
28.0338
21.816
16.8412
12.9104
8.49698
3.393
-1.64022
-5.84952
-9.4133
-12.4303
-14.96
-17.0445
-18.7192
-20.0194
-20.983
-21.6517
-22.0717
-22.2929
-22.3687
-22.3542
-22.3054
-22.2775
-22.3235
-22.4924
-22.8279
-23.3669
-24.1381
-25.1605
-26.443
-27.9831
-29.7667
-31.7681
-33.95
-36.2642
-38.6526
-41.0493
-43.3818
-45.574
-47.5491
-49.2341
-50.5625
-51.4749
-51.9344
-51.9204
-51.4025
-50.4036
-49.0182
-47.2618
-44.9812
-42.1098
-38.8453
-35.6855
-32.667
-29.4715
-26.3924
-24.3842
-21.9413
-17.7042
-10.7155
0.0732896
15.3717
35.6348
61.2733
91.7795
125.824
161.274
195.379
225.071
247.344
259.62
260.063
247.784
222.918
186.568
140.62
87.4725
29.7863
-16.1939
-46.6677
-66.6818
-68.88
-52.1277
-21.0505
17.1512
55.5392
88.9116
114.221
130.386
137.732
137.002
132.567
124.142
113.411
101.583
89.5323
77.8103
66.7243
56.4163
46.9257
38.2169
30.6183
24.1294
19.1882
14.8511
11.8202
7.25341
2.46725
-1.48249
-4.72352
-7.36334
-9.47204
-11.0991
-12.2856
-13.0712
-13.4982
-13.6129
-13.4663
-13.1136
-12.6136
-12.0274
-11.4169
-10.8433
-10.3656
-10.0387
-9.9122
-10.0282
-10.4203
-11.1122
-12.1169
-13.4354
-15.0565
-16.9567
-19.1002
-21.4393
-23.9156
-26.4616
-29.002
-31.4565
-33.7426
-35.7787
-37.4878
-38.8004
-39.6602
-40.0241
-39.8608
-39.1641
-37.948
-36.2058
-33.898
-31.0228
-27.6657
-23.9599
-19.8737
-15.1824
-10.106
-5.80822
-1.87579
4.32448
13.3921
26.0379
42.8253
64.095
89.9048
119.634
151.987
184.983
216.127
242.656
261.842
271.323
269.381
255.15
228.704
191.033
143.881
89.4989
30.4584
-17.664
-50.8067
-72.7514
-75.9865
-59.6519
-28.7454
9.35528
47.747
81.3388
107.163
124.214
133.216
134.809
130.288
122.518
112.536
101.421
89.9973
78.812
68.1836
58.2679
49.1157
40.7135
33.015
26.4228
20.8662
17.04
14.0405
10.3006
5.93844
2.19704
-0.774921
-3.094
-4.83999
-6.0689
-6.82628
-7.15544
-7.102
-6.71589
-6.05204
-5.1701
-4.13359
-3.00864
-1.86251
-0.761937
0.228579
1.04855
1.6432
1.96518
1.97599
1.64737
0.962375
-0.0837448
-1.48301
-3.21441
-5.24402
-7.52539
-10.0004
-12.6004
-15.2483
-17.8601
-20.3477
-22.6218
-24.5953
-26.186
-27.3207
-27.9373
-27.986
-27.4324
-26.2536
-24.4273
-21.9302
-18.7551
-14.915
-10.4082
-5.14199
1.10327
8.28846
14.8192
20.1864
28.0714
38.7902
52.8151
70.5346
92.1288
117.454
145.828
176.008
206.185
234.12
257.337
273.383
280.108
275.915
259.963
232.268
193.693
145.816
90.7145
30.8577
-19.1099
-54.8628
-78.6257
-82.7383
-66.6777
-35.8737
2.0987
40.389
74.046
100.161
117.516
125.739
129.63
127.103
120.422
111.3
100.926
90.1407
79.4956
69.3203
59.7837
50.9503
42.8222
35.3715
28.5538
22.8894
18.4139
15.1887
12.7092
9.01518
5.26533
2.458
0.373154
-1.09473
-2.01017
-2.42265
-2.37812
-1.92447
-1.11416
-0.00501798
1.33996
2.85343
4.46498
6.10274
7.69506
9.17237
10.469
11.5251
12.2883
12.7151
12.7727
12.4398
11.7077
10.5808
9.07703
7.22786
5.0779
2.68429
0.115569
-2.5497
-5.22478
-7.81686
-10.2297
-12.3663
-14.1322
-15.4383
-16.2035
-16.3567
-15.8384
-14.5991
-12.5967
-9.79471
-6.16325
-1.67077
3.74032
10.1902
17.8854
27.0733
35.6959
42.5706
51.9383
63.9382
78.8846
97.0199
118.389
142.73
169.341
197.053
224.232
248.883
268.802
281.795
285.916
279.688
262.299
233.705
194.636
146.489
91.1536
30.9946
-20.5301
-58.8312
-84.2827
-89.0842
-73.1213
-42.3211
-4.47874
33.6304
67.2625
93.7402
112.278
123.454
126.017
123.933
118.104
109.831
100.222
90.0953
80.0045
70.2867
61.1233
52.5921
44.7095
37.4605
30.8179
24.8001
19.895
16.5839
14.1771
11.2141
7.70843
5.01245
3.06589
1.77272
1.06579
0.893387
1.20828
1.96156
3.09958
4.56294
6.28649
8.20015
10.2302
12.301
14.3366
16.2629
18.0093
19.511
20.7104
21.5591
22.0193
22.0649
21.6828
20.8732
19.6502
18.042
16.0906
13.8512
11.3913
8.78972
6.13484
3.523
1.05627
-1.16011
-3.02034
-4.42095
-5.26346
-5.45675
-4.91891
-3.57794
-1.3712
1.75589
5.85295
10.9734
17.1914
24.6237
33.4499
44.3954
54.4806
63.4465
74.3015
87.3261
102.825
120.968
141.717
164.745
189.362
214.488
238.661
260.108
276.881
287.024
288.783
280.799
262.29
233.151
193.979
145.982
90.8631
30.8842
-21.9303
-62.7228
-89.7224
-95.0009
-78.9329
-48.0153
-10.293
27.5393
60.9435
87.3132
105.411
117.241
121.551
120.491
115.608
108.224
99.4137
89.9778
80.4649
71.2182
62.4302
54.1922
46.5344
39.4546
32.9383
26.968
21.7324
17.501
14.8652
12.7951
9.74883
6.98987
5.05766
3.81953
3.20061
3.14752
3.61309
4.54893
5.90184
7.61236
9.61467
11.8373
14.2044
16.6375
19.0573
21.3854
23.5468
25.4716
27.097
28.3693
29.245
29.6928
29.6942
29.2443
28.3527
27.0432
25.3541
23.3375
21.0588
18.5954
16.0361
13.479
11.0302
8.80099
6.90622
5.46108
4.57853
4.36644
4.92495
6.34435
8.70367
12.0704
16.5017
22.0499
28.7708
36.7362
46.0444
57.695
68.5185
81.0508
93.7304
107.68
123.483
141.358
161.241
182.789
205.344
227.92
249.214
267.664
281.547
289.13
288.833
279.414
260.116
230.779
191.865
144.397
89.9001
30.5449
-23.323
-66.5662
-94.9674
-100.492
-84.0932
-52.9145
-15.2795
22.2189
55.3499
81.8646
100.777
112.163
117.134
116.971
113.035
106.567
98.5917
89.8827
80.9785
72.2247
63.823
55.8776
48.4321
41.4978
35.071
29.1435
23.7
19.1724
15.9065
13.7359
11.3571
8.4956
6.46087
5.15158
4.49091
4.4257
4.91059
5.89957
7.3417
9.17934
11.3478
13.7758
16.3869
19.1011
21.8365
24.5114
27.0465
29.367
31.4047
33.0998
34.4028
35.276
35.6945
35.6474
35.1382
34.1853
32.8219
31.0957
29.0683
26.8146
24.4216
21.9872
19.619
17.4319
15.5464
14.0857
13.1734
12.9296
13.468
14.8919
17.291
20.7378
25.2845
30.9598
37.7662
45.6732
54.5995
65.3934
76.132
94.3374
109.283
124.127
140.078
157.524
176.431
196.466
217.018
237.196
255.845
271.589
282.911
288.278
286.272
275.755
255.997
226.785
188.451
141.844
88.3274
29.9974
-24.7298
-70.4081
-100.063
-105.588
-88.6164
-57.0159
-19.4285
17.6378
50.2817
76.925
95.8174
107.178
112.763
113.457
110.463
104.93
97.823
89.8781
81.6179
73.3857
65.3897
57.7452
50.5092
43.7059
37.3449
31.4318
25.9751
20.9885
16.9178
14.3015
12.336
9.67439
7.42434
5.91865
5.08406
4.87068
5.23719
6.14205
7.53874
9.37357
11.585
14.1043
16.856
19.7602
22.7337
25.6924
28.5534
31.2373
33.6701
35.7856
37.5272
38.8498
39.7208
40.1218
40.0488
39.5132
38.5414
37.1751
35.4705
33.4981
31.3413
29.0955
26.8669
24.7711
22.9306
21.473
20.5279
20.2234
20.6825
22.0183
24.3286
27.6892
32.146
37.703
44.3043
51.8021
59.8995
68.6961
79.4655
104.148
120.842
136.295
152.231
169.163
187.08
205.67
224.37
242.383
258.685
272.068
281.199
284.72
281.363
270.083
250.177
221.378
183.898
138.432
86.2075
29.2619
-26.1805
-74.3134
-105.079
-110.349
-92.5537
-60.3576
-22.7603
13.7385
45.1861
68.9302
89.7869
102.213
108.515
110.034
107.961
103.368
97.1521
90.0045
82.4243
74.7468
67.1831
59.8573
52.8378
46.1614
39.8493
33.9179
28.3849
23.2704
18.7766
15.289
12.925
10.7209
8.13401
6.30506
5.1676
4.67199
4.7822
5.46325
6.67535
8.37118
10.4949
12.9823
15.7617
18.7549
21.8795
25.0503
28.1817
31.1901
33.996
36.5263
38.7165
40.5128
41.8735
42.7709
43.1917
43.1381
42.6282
41.6957
40.3896
38.7737
36.9258
34.9365
32.9085
30.9546
29.1962
27.7615
26.7825
26.3922
26.7208
27.8911
30.0129
33.1768
37.4447
42.8388
49.3267
56.799
65.04
73.6703
85.9301
113.467
129.018
144.232
159.9
176.264
193.242
210.52
227.581
243.707
257.996
269.386
276.706
278.754
274.395
262.666
242.888
214.746
178.348
134.254
83.5915
28.3549
-27.7131
-78.3598
-110.096
-114.849
-95.9611
-62.9467
-25.1289
11.2094
42.836
68.7238
86.0259
97.9452
104.581
106.791
105.584
101.917
96.6011
90.2757
83.4078
76.3191
69.2192
62.2377
55.4525
48.9112
42.6461
36.6837
31.0497
25.7701
20.8645
16.6832
13.6629
11.3454
8.74495
6.50229
4.95028
4.0491
3.77224
4.0939
4.98347
6.40255
8.30364
10.6299
13.3156
16.2874
19.4655
22.7659
26.1018
29.3865
32.5354
35.4685
38.1129
40.4049
42.2923
43.7359
44.7112
45.209
45.2366
44.8175
43.9912
42.813
41.3527
39.6942
37.934
36.1797
34.5491
33.1678
32.1676
31.6837
31.8527
32.8088
34.6811
37.5902
41.6465
46.9514
53.6074
61.7448
71.5851
83.5781
101.421
121.29
133.701
148.008
163.209
178.993
195.123
211.262
226.923
241.464
254.083
263.848
269.728
270.659
265.62
253.723
234.308
207.023
171.886
129.36
80.5055
27.2846
-29.3748
-82.6433
-115.224
-119.213
-98.9898
-64.9882
-26.9037
9.09549
40.2545
64.5951
82.046
93.9738
100.934
103.763
103.365
100.592
96.1717
90.6814
84.5505
78.0814
71.4774
64.8704
58.3453
51.9587
45.7527
39.7635
34.0264
28.5793
23.4658
18.7569
14.7785
11.8474
9.40179
6.70228
4.64227
3.22959
2.44988
2.28839
2.72581
3.73509
5.27964
7.3128
9.77794
12.6092
15.7327
19.0677
22.5289
26.0283
29.4773
32.7899
35.8845
38.687
41.1332
43.1707
44.7613
45.8821
46.5269
46.7063
46.4477
45.7955
44.8095
43.5644
42.1487
40.6628
39.2183
37.9361
36.945
36.3801
36.3816
37.0933
38.6624
41.24
44.9866
50.0844
56.767
65.3803
76.5013
91.151
115.723
124.457
133.957
147.521
162.3
177.559
192.955
208.135
222.642
235.893
247.176
255.667
260.455
260.595
255.165
243.343
224.489
198.223
164.504
123.733
76.9354
26.0462
-31.2201
-87.2678
-120.588
-123.593
-101.832
-66.7088
-28.3585
6.91836
35.9753
60.776
78.4304
90.3884
97.6117
100.978
101.321
99.3979
95.8514
91.194
85.8127
79.9858
73.9059
67.7036
61.468
55.2626
49.1377
43.1374
37.3052
31.6858
26.3258
21.2691
16.713
12.9775
9.89844
7.06656
4.4256
2.42284
1.04843
0.300349
0.172598
0.651501
1.71376
3.32554
5.44221
8.0086
10.9597
14.2218
17.7137
21.3489
25.0373
28.6883
32.2126
35.5257
38.5507
41.2207
43.4817
45.2945
46.6364
47.5022
47.9043
47.8731
47.456
46.7164
45.7325
44.5957
43.4095
42.2878
41.3539
40.7388
40.5812
41.0263
42.2256
44.3378
47.5298
51.9787
57.8742
65.4133
74.7739
86.0222
103.333
114.008
128.007
142.581
157.293
172.119
186.877
201.254
214.824
227.055
237.305
244.841
248.853
248.494
242.929
231.396
213.279
188.19
156.058
117.261
72.8162
24.6196
-33.301
-92.322
-126.291
-128.121
-104.623
-68.1557
-29.1839
6.15285
35.2405
58.532
75.5341
87.2728
94.6387
98.4509
99.46
98.3298
95.6194
91.7764
87.1421
81.9673
76.4304
70.6575
64.739
58.7432
52.7265
46.7401
40.834
35.0592
29.4687
24.1162
19.055
14.5199
10.7787
7.57469
4.42256
1.79536
-0.233711
-1.64329
-2.42397
-2.57457
-2.10336
-1.02926
0.617558
2.79554
5.45192
8.52326
11.9364
15.6097
19.455
23.3796
27.2888
31.0892
34.6915
38.0138
40.985
43.5475
45.6592
47.2959
48.4519
49.1402
49.3928
49.2588
48.804
48.1087
47.2664
46.3819
45.5702
44.9548
44.6667
44.8432
45.626
47.1589
49.5815
53.0167
57.5424
63.1307
69.5174
75.9287
80.5472
85.5005
116.995
133.824
148.47
162.799
176.919
190.567
203.344
214.754
224.215
231.063
234.569
233.971
228.507
217.471
200.282
176.566
146.257
109.742
68.038
22.972
-35.6617
-97.8731
-132.439
-132.98
-107.647
-69.714
-29.9241
5.77911
35.3862
56.8376
73.0673
84.5276
91.9793
96.1718
97.778
97.3783
95.4543
92.3908
88.484
83.955
78.966
73.6359
68.0542
62.2921
56.4104
50.4657
44.5135
38.6103
32.8141
27.1846
21.7828
16.7041
12.1523
8.15106
4.75599
1.46045
-1.25381
-3.36557
-4.85393
-5.70276
-5.90461
-5.46237
-4.39008
-2.71351
-0.470418
2.28936
5.50424
9.10161
12.999
17.1057
21.3252
25.5579
29.7041
33.6683
37.362
40.7079
43.6431
46.1214
48.1154
49.6177
50.6409
51.2168
51.3957
51.2442
50.8435
50.2877
49.6811
49.1372
48.776
48.7227
49.1049
50.0495
51.6769
54.0934
57.3803
61.5856
66.7371
72.9429
80.7404
97.3607
113.274
123.505
136.435
149.821
163.117
175.96
187.953
198.625
207.437
213.779
216.988
216.371
211.233
200.925
184.914
162.86
134.731
100.937
62.4812
21.0707
-38.3139
-103.913
-139.068
-138.342
-111.256
-71.9392
-31.4109
4.382
33.0263
54.6726
70.659
81.9958
89.5641
94.1122
96.2646
96.5353
95.34
93.0072
89.7907
85.8829
81.429
76.5393
71.301
65.7863
60.0595
54.1811
48.2109
42.2095
36.239
30.3628
24.6455
19.15
14.0076
9.37951
5.14789
1.43923
-1.94136
-4.7558
-6.96786
-8.546
-9.46717
-9.71825
-9.29674
-8.21164
-6.48407
-4.1479
-1.25006
2.14947
5.97813
10.1518
14.5764
19.1505
23.7681
28.3225
32.7102
36.8353
40.613
43.9741
46.867
49.2605
51.1443
52.5293
53.4467
53.9461
54.0941
53.9713
53.6701
53.2922
52.9462
52.7453
52.8047
53.2393
54.1615
55.6799
57.9023
60.9473
64.9775
70.2673
77.307
89.376
96.1433
109.176
121.41
133.658
145.812
157.588
168.617
178.456
186.603
192.494
195.522
195.054
190.456
181.144
166.638
146.653
121.2
90.6981
56.092
18.9068
-41.1918
-110.263
-146.022
-144.19
-115.612
-75.131
-33.9134
2.3401
30.6571
52.2712
68.1991
79.5641
87.3237
92.2402
94.9098
95.7989
95.2709
93.6082
91.0281
87.6976
83.7458
79.275
74.3691
69.1009
63.5369
57.7407
51.7752
45.7044
39.5931
33.5078
27.5157
21.6849
16.0842
10.8412
6.03478
1.65579
-2.29441
-5.77306
-8.685
-10.9819
-12.6264
-13.5906
-13.8564
-13.4167
-12.2757
-10.4505
-7.9717
-4.88421
-1.24719
2.86574
7.36795
12.161
17.1377
22.185
27.1886
32.0368
36.6255
40.8628
44.6727
47.9982
50.8038
53.0759
54.823
56.0744
56.8785
57.2998
57.4168
57.3183
57.1013
56.8675
56.7214
56.7676
57.1091
57.8452
59.0691
60.8616
63.2717
66.2596
69.5417
72.187
76.0315
94.5869
105.114
115.62
126.109
136.36
146.043
154.754
162.032
167.364
170.197
169.957
166.077
158.034
145.41
127.973
105.758
79.1575
48.986
16.5268
-44.0812
-116.423
-152.759
-150.097
-120.442
-79.1673
-37.5716
-1.35905
27.5347
49.4229
65.5404
77.1243
85.1931
90.5262
93.7076
95.173
95.2503
94.1875
92.1745
89.3582
85.8554
81.7613
77.1578
72.1176
66.7093
60.9986
55.0514
48.9337
42.7126
36.4561
30.2331
24.1132
18.1654
12.4656
7.11638
2.13809
-2.364
-6.43643
-9.98878
-12.9525
-15.2793
-16.9291
-17.8708
-18.0826
-17.5538
-16.2853
-14.2919
-11.6023
-8.26123
-4.32843
0.119865
4.99352
10.1887
15.5925
21.0845
26.5435
31.8501
36.8939
41.5761
45.8158
49.5511
52.7428
55.3742
57.4515
59.0014
60.0697
60.718
61.0208
61.062
60.9327
60.7268
60.5406
60.469
60.6052
61.0377
61.8498
63.1186
64.9257
67.4063
70.9356
78.4285
81.7553
89.8014
97.8931
106.143
114.333
122.176
129.325
135.378
139.886
142.364
142.308
139.218
132.636
122.201
107.709
89.1809
66.9192
41.5443
14.0592
-46.547
-121.447
-158.243
-155.214
-125.166
-83.6855
-42.1688
-5.97571
23.6404
46.0237
62.5833
74.6028
83.1283
88.9521
92.6567
94.6637
95.2822
94.7398
93.2102
90.8276
87.7013
83.9226
79.5727
74.7249
69.4497
63.815
57.8888
51.7387
45.4333
39.0416
32.6332
26.2781
20.0462
14.007
8.23694
2.81496
-2.24359
-6.82192
-10.9121
-14.452
-17.3764
-19.6362
-21.1901
-22.005
-22.0578
-21.3362
-19.8408
-17.586
-14.6021
-10.9352
-6.649
-1.82314
3.44656
9.05141
14.8718
20.7825
26.6559
32.3684
37.8046
42.8631
47.4594
51.5301
55.0337
57.9522
60.2893
62.0701
63.3371
64.1483
64.5732
64.6907
64.5846
64.3421
64.0508
63.7971
63.6638
63.7285
64.0623
64.7287
65.7792
67.2239
68.8605
71.2265
77.7465
83.1049
88.8282
94.6048
100.222
105.418
109.877
113.237
115.098
115.041
112.641
107.503
99.3029
87.8345
73.0569
55.127
34.4367
11.7178
-47.8333
-123.722
-160.681
-158.009
-128.641
-87.6862
-45.8386
-10.1708
19.3089
42.1828
59.3693
72.0177
81.1378
87.5239
91.7587
94.2676
95.353
95.2403
94.0951
92.0505
89.2118
85.6721
81.5117
76.8076
71.6308
66.0524
60.1411
53.9666
47.5977
41.1043
34.5561
28.023
21.5752
15.2819
9.21231
3.43692
-1.97845
-6.99465
-11.5201
-15.5065
-18.904
-21.6531
-23.7044
-25.0184
-25.5617
-25.3139
-24.2636
-22.4156
-19.7868
-16.4136
-12.346
-7.65531
-2.42588
3.2388
9.22597
15.4097
21.6624
27.8526
33.8572
39.5591
44.8596
49.6743
53.9431
57.625
60.7043
63.1838
65.089
66.4592
67.3503
67.8266
67.9623
67.8343
67.5234
67.1084
66.6674
66.2714
65.9863
65.8677
65.9616
66.3005
66.9129
68.0979
69.4015
73.4271
76.921
80.3731
83.7608
86.9259
89.6488
91.6671
92.6807
92.3616
90.3649
86.3516
80.0158
71.123
59.5405
45.2709
28.5024
9.76233
-46.9573
-121.161
-157.756
-156.527
-129.583
-91.0073
-51.2208
-15.1127
14.7356
38.2433
56.1764
69.5525
79.3304
86.288
91.0185
93.9536
95.409
95.6131
94.7399
92.9232
90.2745
86.8873
82.847
78.2309
73.114
67.5677
61.6631
55.47
49.0582
42.4975
35.8576
29.2084
22.6192
16.1598
9.89816
3.90229
-1.76242
-7.03273
-11.8502
-16.1455
-19.858
-22.9351
-25.3254
-26.9823
-27.8698
-27.9594
-27.2358
-25.6945
-23.3476
-20.2208
-16.359
-11.8224
-6.69052
-1.05685
4.96873
11.2675
17.711
24.1702
30.516
36.6284
42.397
47.7289
52.5484
56.8023
60.4571
63.5025
65.9464
67.8161
69.1523
70.0098
70.4509
70.5456
70.3664
69.9881
69.4831
68.921
68.3661
67.8777
67.5119
67.3292
67.4096
67.8778
69.0899
70.006
71.5538
73.2596
74.9671
76.5449
77.8427
78.6804
78.8448
78.0881
76.1333
72.6836
67.4443
60.1485
50.5921
38.6735
24.4718
8.41486
-43.787
-113.627
-149.397
-150.511
-127.159
-91.7167
-53.739
-18.5327
11.3008
35.225
53.7335
67.6885
77.9793
85.3636
90.4391
93.6499
95.3257
95.706
94.9744
93.271
90.7128
87.3966
83.4111
78.8354
73.7463
68.2161
62.3169
56.1186
49.6918
43.1059
36.4307
29.7357
23.0905
16.564
10.2245
4.13972
-1.62501
-7.00478
-11.937
-16.3571
-20.2045
-23.4213
-25.9564
-27.7622
-28.8013
-29.043
-28.4702
-27.0756
-24.8687
-21.8719
-18.1269
-13.6898
-8.6367
-3.05662
2.94396
9.25014
15.7359
22.2745
28.7372
35.0037
40.9612
46.5138
51.5805
56.1026
60.0394
63.3735
66.105
68.2539
69.8536
70.9527
71.6074
71.883
71.8476
71.5731
71.1293
70.5849
70.0043
69.449
68.9784
68.6564
68.5538
68.7433
69.2571
69.8812
70.7482
71.7442
72.7339
73.6011
74.2235
74.4576
74.1309
73.0347
70.9257
67.5291
62.5579
55.7383
46.8512
35.7827
22.6132
7.76934
)
;

boundaryField
{
    Adiabatic_walls
    {
        type            calculated;
        value           nonuniform List<scalar> 
200
(
-43.787
-113.627
-149.397
-150.511
-127.159
-91.7167
-53.739
-18.5327
11.3008
35.225
53.7335
67.6885
77.9793
85.3636
90.4391
93.6499
95.3257
95.706
94.9744
93.271
90.7128
87.3966
83.4111
78.8354
73.7463
68.2161
62.3169
56.1186
49.6918
43.1059
36.4307
29.7357
23.0905
16.564
10.2245
4.13972
-1.62501
-7.00478
-11.937
-16.3571
-20.2045
-23.4213
-25.9564
-27.7622
-28.8013
-29.043
-28.4702
-27.0756
-24.8687
-21.8719
-18.1269
-13.6898
-8.6367
-3.05662
2.94396
9.25014
15.7359
22.2745
28.7372
35.0037
40.9612
46.5138
51.5805
56.1026
60.0394
63.3735
66.105
68.2539
69.8536
70.9527
71.6074
71.883
71.8476
71.5731
71.1293
70.5849
70.0043
69.449
68.9784
68.6564
68.5538
68.7433
69.2571
69.8812
70.7482
71.7442
72.7339
73.6011
74.2235
74.4576
74.1309
73.0347
70.9257
67.5291
62.5579
55.7383
46.8512
35.7827
22.6132
7.76934
-9.62954
-28.3113
-45.1058
-59.1398
-70.2858
-78.7815
-85.0136
-89.3747
-92.2043
-93.7796
-94.3293
-94.0487
-93.1116
-91.6738
-89.8744
-87.8296
-85.6268
-83.4145
-81.2412
-79.3098
-77.6617
-76.2893
-75.1605
-74.2307
-73.45
-72.7636
-72.1154
-71.4473
-70.7024
-69.8263
-68.7699
-67.4911
-65.9584
-64.152
-62.067
-59.7146
-57.1234
-54.3392
-51.4253
-48.4597
-45.5333
-42.7456
-40.2001
-37.9994
-36.2393
-35.0038
-34.3601
-34.3548
-35.0112
-36.3279
-38.2788
-40.8151
-43.8669
-47.348
-51.1588
-55.1914
-59.3335
-63.4727
-67.5
-71.3148
-74.8274
-77.96
-80.6449
-82.8246
-84.4567
-85.5121
-85.9717
-85.8261
-85.0737
-83.7204
-81.7767
-79.257
-76.1771
-72.5527
-68.3972
-63.7207
-58.5275
-52.8155
-46.5737
-39.7816
-32.4067
-24.4032
-15.7087
-6.24052
4.10927
15.4819
28.0618
42.0885
57.8672
75.7688
96.1972
119.483
145.631
173.811
201.409
223.548
231.345
212.506
155.555
59.2067
)
;
    }
    Left
    {
        type            calculated;
        value           uniform 1.30823e-07;
    }
    Right
    {
        type            calculated;
        value           uniform -4.87387e-08;
    }
    frontAndBack
    {
        type            empty;
    }
}

