/*--------------------------------*- C++ -*----------------------------------*\
  =========                 |
  \\      /  F ield         | OpenFOAM: The Open Source CFD Toolbox
   \\    /   O peration     | Website:  https://openfoam.org
    \\  /    A nd           | Version:  6
     \\/     M anipulation  |
\*---------------------------------------------------------------------------*/
FoamFile
{
    version     2.0;
    format      ascii;
    class       volScalarField;
    location    "0";
    object      TRec;
}
// * * * * * * * * * * * * * * * * * * * * * * * * * * * * * * * * * * * * * //

dimensions      [0 0 0 1 0 0 0];

internalField   nonuniform List<scalar> 
10000
(
298.613
298.64
298.666
298.691
298.715
298.737
298.758
298.778
298.796
298.814
298.83
298.844
298.858
298.871
298.883
298.894
298.904
298.914
298.923
298.932
298.94
298.948
298.956
298.963
298.97
298.977
298.983
298.99
298.996
299.002
299.007
299.013
299.019
299.024
299.029
299.035
299.04
299.045
299.05
299.055
299.06
299.064
299.069
299.073
299.078
299.082
299.086
299.089
299.093
299.096
299.099
299.102
299.104
299.107
299.109
299.111
299.113
299.114
299.116
299.117
299.119
299.12
299.122
299.123
299.125
299.127
299.128
299.13
299.132
299.134
299.136
299.138
299.14
299.143
299.145
299.148
299.151
299.155
299.159
299.163
299.168
299.174
299.181
299.19
299.2
299.213
299.229
299.25
299.277
299.313
299.359
299.419
299.498
299.601
299.732
299.898
300.102
300.342
300.613
300.902
298.614
298.641
298.667
298.692
298.717
298.739
298.761
298.781
298.799
298.817
298.833
298.847
298.861
298.874
298.886
298.897
298.907
298.916
298.925
298.934
298.942
298.95
298.957
298.964
298.971
298.978
298.984
298.99
298.996
299.002
299.007
299.013
299.018
299.024
299.029
299.034
299.039
299.044
299.049
299.054
299.059
299.064
299.068
299.073
299.077
299.081
299.085
299.089
299.092
299.096
299.099
299.101
299.104
299.107
299.109
299.111
299.113
299.114
299.116
299.118
299.119
299.121
299.122
299.124
299.125
299.127
299.129
299.13
299.132
299.134
299.136
299.138
299.14
299.143
299.145
299.148
299.151
299.155
299.159
299.163
299.168
299.173
299.18
299.188
299.198
299.21
299.226
299.246
299.271
299.305
299.349
299.407
299.483
299.583
299.713
299.878
300.083
300.327
300.603
300.899
298.614
298.642
298.67
298.696
298.721
298.745
298.767
298.788
298.807
298.825
298.842
298.857
298.871
298.883
298.895
298.905
298.915
298.924
298.932
298.94
298.948
298.955
298.962
298.968
298.975
298.981
298.986
298.992
298.998
299.003
299.008
299.013
299.019
299.024
299.029
299.034
299.039
299.043
299.048
299.053
299.058
299.063
299.067
299.072
299.076
299.08
299.084
299.088
299.092
299.095
299.098
299.101
299.104
299.107
299.109
299.111
299.113
299.115
299.117
299.118
299.12
299.122
299.123
299.125
299.126
299.128
299.129
299.131
299.133
299.135
299.137
299.139
299.141
299.143
299.146
299.149
299.152
299.155
299.158
299.162
299.167
299.172
299.179
299.186
299.195
299.207
299.221
299.239
299.263
299.295
299.336
299.391
299.464
299.562
299.69
299.855
300.062
300.311
300.593
300.895
298.615
298.645
298.674
298.702
298.729
298.754
298.778
298.8
298.821
298.84
298.857
298.873
298.887
298.9
298.911
298.921
298.93
298.939
298.946
298.953
298.96
298.966
298.971
298.977
298.982
298.987
298.992
298.997
299.002
299.007
299.011
299.016
299.02
299.025
299.029
299.034
299.039
299.043
299.048
299.052
299.057
299.061
299.066
299.07
299.075
299.079
299.083
299.087
299.091
299.095
299.098
299.101
299.104
299.107
299.109
299.112
299.114
299.116
299.118
299.12
299.121
299.123
299.124
299.126
299.128
299.129
299.131
299.133
299.134
299.136
299.138
299.14
299.142
299.145
299.147
299.15
299.152
299.155
299.159
299.162
299.167
299.172
299.177
299.184
299.193
299.203
299.216
299.233
299.255
299.284
299.324
299.376
299.447
299.543
299.67
299.836
300.046
300.298
300.585
300.893
298.616
298.648
298.68
298.71
298.739
298.767
298.793
298.818
298.84
298.86
298.879
298.895
298.91
298.923
298.934
298.944
298.953
298.96
298.966
298.971
298.978
298.982
298.987
298.991
298.995
298.998
299.002
299.006
299.009
299.013
299.017
299.02
299.024
299.028
299.032
299.036
299.04
299.044
299.048
299.052
299.057
299.061
299.065
299.07
299.074
299.078
299.082
299.087
299.09
299.094
299.098
299.101
299.104
299.107
299.11
299.113
299.115
299.117
299.119
299.121
299.123
299.125
299.127
299.128
299.13
299.131
299.133
299.135
299.137
299.138
299.14
299.142
299.144
299.146
299.149
299.151
299.154
299.157
299.16
299.163
299.167
299.171
299.177
299.183
299.191
299.2
299.212
299.228
299.248
299.276
299.314
299.365
299.434
299.529
299.657
299.824
300.035
300.291
300.581
300.891
298.618
298.653
298.687
298.721
298.753
298.784
298.812
298.839
298.864
298.886
298.906
298.923
298.939
298.952
298.963
298.973
298.981
298.987
298.993
298.997
299.001
299.004
299.007
299.009
299.012
299.014
299.016
299.018
299.02
299.023
299.025
299.028
299.03
299.033
299.036
299.039
299.043
299.046
299.05
299.054
299.058
299.062
299.066
299.07
299.074
299.078
299.082
299.086
299.09
299.094
299.098
299.102
299.105
299.108
299.111
299.114
299.117
299.119
299.121
299.123
299.125
299.127
299.129
299.131
299.133
299.134
299.136
299.138
299.14
299.141
299.143
299.145
299.147
299.149
299.151
299.153
299.156
299.158
299.161
299.165
299.168
299.172
299.177
299.183
299.19
299.198
299.209
299.224
299.244
299.27
299.307
299.357
299.426
299.521
299.649
299.817
300.031
300.288
300.58
300.891
298.619
298.658
298.696
298.733
298.768
298.802
298.834
298.864
298.891
298.915
298.937
298.956
298.972
298.986
298.997
299.006
299.014
299.019
299.024
299.027
299.027
299.031
299.032
299.033
299.033
299.034
299.034
299.034
299.035
299.035
299.036
299.038
299.039
299.041
299.043
299.045
299.047
299.05
299.053
299.056
299.06
299.063
299.067
299.071
299.075
299.079
299.083
299.087
299.091
299.095
299.099
299.103
299.106
299.11
299.113
299.116
299.119
299.121
299.124
299.126
299.128
299.13
299.132
299.134
299.136
299.138
299.14
299.141
299.143
299.145
299.147
299.149
299.15
299.152
299.154
299.157
299.159
299.161
299.164
299.167
299.17
299.174
299.178
299.183
299.19
299.198
299.208
299.222
299.241
299.267
299.302
299.352
299.421
299.517
299.646
299.816
300.031
300.289
300.581
300.892
298.621
298.664
298.705
298.746
298.785
298.823
298.858
298.89
298.92
298.947
298.97
298.99
299.008
299.022
299.034
299.043
299.05
299.055
299.058
299.06
299.059
299.061
299.061
299.06
299.058
299.057
299.055
299.054
299.052
299.051
299.051
299.05
299.05
299.05
299.051
299.052
299.054
299.056
299.058
299.06
299.063
299.066
299.07
299.073
299.077
299.081
299.085
299.089
299.093
299.096
299.1
299.104
299.108
299.112
299.115
299.118
299.121
299.124
299.127
299.13
299.132
299.134
299.136
299.138
299.14
299.142
299.144
299.146
299.148
299.149
299.151
299.153
299.155
299.157
299.158
299.16
299.163
299.165
299.167
299.17
299.173
299.176
299.18
299.185
299.191
299.199
299.209
299.222
299.24
299.265
299.301
299.351
299.42
299.517
299.647
299.818
300.034
300.292
300.583
300.893
298.623
298.67
298.715
298.76
298.803
298.844
298.883
298.918
298.951
298.98
299.005
299.027
299.045
299.061
299.073
299.082
299.089
299.093
299.096
299.096
299.097
299.094
299.092
299.089
299.086
299.083
299.079
299.076
299.072
299.07
299.067
299.065
299.063
299.062
299.062
299.062
299.062
299.063
299.064
299.066
299.068
299.071
299.074
299.077
299.08
299.084
299.087
299.091
299.095
299.099
299.103
299.107
299.111
299.114
299.118
299.121
299.125
299.128
299.131
299.133
299.136
299.138
299.141
299.143
299.145
299.147
299.149
299.151
299.152
299.154
299.156
299.158
299.16
299.161
299.163
299.165
299.167
299.169
299.171
299.174
299.177
299.18
299.184
299.188
299.194
299.201
299.21
299.223
299.241
299.266
299.302
299.352
299.422
299.52
299.651
299.823
300.04
300.298
300.587
300.894
298.625
298.676
298.726
298.774
298.821
298.866
298.908
298.947
298.982
299.013
299.041
299.064
299.084
299.1
299.113
299.122
299.129
299.132
299.134
299.134
299.132
299.128
299.127
299.121
299.116
299.111
299.105
299.1
299.095
299.09
299.086
299.082
299.079
299.076
299.074
299.073
299.072
299.072
299.073
299.074
299.075
299.077
299.079
299.082
299.085
299.088
299.091
299.095
299.098
299.102
299.106
299.11
299.114
299.118
299.121
299.125
299.128
299.132
299.135
299.138
299.141
299.143
299.146
299.148
299.15
299.152
299.154
299.156
299.158
299.16
299.162
299.163
299.165
299.167
299.169
299.17
299.172
299.174
299.176
299.179
299.181
299.184
299.188
299.192
299.197
299.204
299.213
299.226
299.244
299.269
299.305
299.356
299.427
299.525
299.658
299.831
300.048
300.305
300.592
300.896
298.627
298.682
298.736
298.789
298.84
298.888
298.933
298.975
299.013
299.047
299.076
299.101
299.122
299.139
299.152
299.162
299.168
299.172
299.173
299.172
299.169
299.162
299.16
299.153
299.147
299.14
299.133
299.126
299.119
299.112
299.106
299.101
299.096
299.092
299.089
299.086
299.084
299.083
299.083
299.083
299.083
299.084
299.086
299.088
299.09
299.093
299.096
299.1
299.103
299.107
299.111
299.114
299.118
299.122
299.126
299.129
299.133
299.136
299.14
299.143
299.146
299.149
299.151
299.154
299.156
299.158
299.16
299.162
299.164
299.166
299.168
299.17
299.171
299.173
299.175
299.176
299.178
299.18
299.182
299.184
299.186
299.189
299.192
299.196
299.201
299.208
299.217
299.23
299.247
299.273
299.309
299.36
299.432
299.532
299.666
299.84
300.057
300.313
300.597
300.898
298.629
298.688
298.746
298.803
298.858
298.91
298.958
299.003
299.044
299.08
299.111
299.138
299.16
299.178
299.192
299.202
299.208
299.211
299.212
299.21
299.205
299.198
299.193
299.186
299.178
299.17
299.161
299.152
299.144
299.136
299.128
299.121
299.115
299.11
299.105
299.101
299.098
299.096
299.094
299.093
299.093
299.093
299.094
299.096
299.098
299.1
299.103
299.106
299.109
299.112
299.116
299.12
299.123
299.127
299.131
299.135
299.138
299.142
299.145
299.148
299.151
299.154
299.157
299.16
299.162
299.164
299.166
299.168
299.17
299.172
299.174
299.176
299.178
299.18
299.181
299.183
299.185
299.186
299.188
299.19
299.192
299.195
299.198
299.202
299.206
299.213
299.222
299.234
299.252
299.278
299.314
299.367
299.44
299.54
299.675
299.85
300.067
300.321
300.603
300.9
298.631
298.694
298.756
298.817
298.875
298.931
298.983
299.031
299.074
299.112
299.145
299.174
299.197
299.216
299.23
299.24
299.246
299.249
299.249
299.247
299.242
299.235
299.227
299.219
299.21
299.2
299.19
299.18
299.17
299.16
299.151
299.143
299.135
299.128
299.122
299.117
299.113
299.11
299.107
299.105
299.104
299.104
299.104
299.105
299.106
299.108
299.11
299.113
299.116
299.119
299.122
299.126
299.13
299.133
299.137
299.141
299.144
299.148
299.151
299.154
299.158
299.161
299.164
299.166
299.169
299.171
299.173
299.175
299.177
299.179
299.181
299.183
299.185
299.187
299.188
299.19
299.191
299.193
299.195
299.197
299.199
299.201
299.204
299.207
299.212
299.218
299.227
299.24
299.258
299.284
299.321
299.374
299.448
299.55
299.686
299.861
300.077
300.33
300.609
300.902
298.633
298.7
298.766
298.83
298.892
298.951
299.006
299.057
299.103
299.143
299.178
299.208
299.233
299.252
299.267
299.277
299.283
299.286
299.285
299.282
299.277
299.27
299.261
299.252
299.241
299.23
299.218
299.207
299.195
299.184
299.174
299.165
299.156
299.148
299.141
299.134
299.129
299.125
299.121
299.119
299.117
299.115
299.115
299.115
299.116
299.117
299.119
299.121
299.124
299.127
299.13
299.133
299.137
299.14
299.144
299.147
299.151
299.154
299.158
299.161
299.164
299.167
299.17
299.173
299.176
299.178
299.18
299.183
299.185
299.186
299.188
299.19
299.192
299.194
299.196
299.197
299.199
299.2
299.202
299.204
299.206
299.208
299.21
299.214
299.218
299.225
299.233
299.246
299.264
299.291
299.328
299.382
299.457
299.56
299.697
299.872
300.088
300.338
300.615
300.904
298.635
298.706
298.776
298.844
298.909
298.971
299.03
299.083
299.131
299.173
299.21
299.241
299.267
299.287
299.302
299.312
299.318
299.32
299.32
299.316
299.31
299.303
299.292
299.282
299.27
299.258
299.245
299.233
299.221
299.209
299.197
299.187
299.177
299.168
299.16
299.153
299.146
299.141
299.137
299.133
299.13
299.128
299.127
299.127
299.127
299.128
299.129
299.131
299.133
299.136
299.138
299.141
299.145
299.148
299.151
299.155
299.158
299.162
299.165
299.168
299.172
299.175
299.178
299.181
299.183
299.186
299.188
299.19
299.192
299.194
299.196
299.198
299.2
299.202
299.203
299.205
299.206
299.208
299.209
299.211
299.213
299.215
299.218
299.221
299.225
299.231
299.24
299.253
299.271
299.298
299.336
299.391
299.467
299.571
299.708
299.884
300.099
300.347
300.62
300.906
298.637
298.712
298.785
298.856
298.925
298.991
299.052
299.108
299.158
299.203
299.241
299.273
299.299
299.32
299.335
299.345
299.351
299.353
299.352
299.347
299.341
299.332
299.321
299.31
299.298
299.285
299.271
299.258
299.245
299.232
299.22
299.209
299.198
299.188
299.179
299.171
299.164
299.158
299.153
299.148
299.145
299.142
299.141
299.14
299.139
299.139
299.14
299.141
299.143
299.145
299.148
299.15
299.153
299.156
299.16
299.163
299.166
299.17
299.173
299.176
299.179
299.182
299.185
299.188
299.191
299.194
299.196
299.198
299.2
299.202
299.204
299.206
299.207
299.21
299.211
299.213
299.214
299.216
299.217
299.219
299.221
299.223
299.225
299.228
299.233
299.239
299.248
299.26
299.279
299.306
299.345
299.4
299.477
299.582
299.72
299.896
300.109
300.356
300.626
300.908
298.639
298.717
298.794
298.869
298.941
299.01
299.074
299.132
299.184
299.23
299.27
299.303
299.33
299.351
299.366
299.376
299.381
299.383
299.381
299.376
299.369
299.36
299.348
299.336
299.323
299.309
299.296
299.282
299.268
299.255
299.242
299.23
299.219
299.209
299.199
299.19
299.182
299.176
299.17
299.165
299.161
299.157
299.155
299.153
299.152
299.152
299.152
299.153
299.154
299.156
299.158
299.16
299.163
299.166
299.169
299.172
299.175
299.178
299.181
299.185
299.188
299.191
299.194
299.196
299.199
299.202
299.204
299.206
299.208
299.21
299.212
299.214
299.215
299.217
299.22
299.221
299.223
299.224
299.226
299.227
299.229
299.231
299.233
299.236
299.241
299.247
299.255
299.268
299.287
299.315
299.354
299.41
299.488
299.593
299.732
299.908
300.12
300.365
300.632
300.91
298.641
298.722
298.803
298.881
298.957
299.028
299.095
299.155
299.21
299.257
299.298
299.332
299.359
299.38
299.395
299.405
299.41
299.411
299.408
299.402
299.394
299.384
299.372
299.36
299.346
299.332
299.318
299.304
299.29
299.277
299.264
299.251
299.24
299.229
299.218
299.209
299.201
299.193
299.187
299.181
299.177
299.173
299.17
299.167
299.166
299.165
299.165
299.165
299.166
299.167
299.169
299.171
299.173
299.176
299.178
299.181
299.184
299.187
299.19
299.193
299.196
299.199
299.202
299.205
299.208
299.21
299.213
299.215
299.217
299.219
299.221
299.223
299.224
299.226
299.228
299.23
299.232
299.233
299.234
299.236
299.238
299.239
299.242
299.245
299.249
299.255
299.264
299.277
299.296
299.324
299.364
299.42
299.499
299.605
299.744
299.919
300.131
300.373
300.637
300.912
298.643
298.728
298.811
298.893
298.972
299.046
299.115
299.178
299.234
299.283
299.324
299.358
299.386
299.407
299.422
299.431
299.435
299.436
299.432
299.426
299.417
299.407
299.394
299.381
299.367
299.353
299.339
299.325
299.311
299.297
299.284
299.271
299.259
299.248
299.237
299.228
299.219
299.211
299.204
299.198
299.193
299.188
299.185
299.182
299.18
299.179
299.178
299.178
299.178
299.179
299.18
299.182
299.184
299.186
299.188
299.191
299.194
299.197
299.2
299.202
299.205
299.208
299.211
299.214
299.217
299.219
299.222
299.224
299.226
299.228
299.23
299.232
299.234
299.235
299.237
299.239
299.241
299.242
299.244
299.245
299.247
299.249
299.251
299.254
299.258
299.264
299.273
299.286
299.305
299.333
299.373
299.431
299.51
299.617
299.756
299.931
300.142
300.382
300.643
300.913
298.644
298.733
298.82
298.905
298.986
299.063
299.134
299.199
299.257
299.307
299.349
299.384
299.411
299.432
299.446
299.455
299.459
299.458
299.454
299.447
299.438
299.427
299.414
299.4
299.386
299.372
299.357
299.343
299.329
299.315
299.302
299.29
299.278
299.266
299.256
299.246
299.237
299.228
299.221
299.215
299.209
299.204
299.2
299.197
299.194
299.192
299.191
299.191
299.191
299.191
299.192
299.193
299.195
299.197
299.199
299.201
299.204
299.207
299.209
299.212
299.215
299.218
299.221
299.223
299.226
299.229
299.231
299.233
299.236
299.238
299.24
299.242
299.244
299.245
299.246
299.248
299.251
299.252
299.254
299.255
299.257
299.259
299.261
299.264
299.268
299.274
299.282
299.295
299.315
299.343
299.384
299.441
299.521
299.629
299.768
299.943
300.152
300.39
300.648
300.915
298.646
298.737
298.828
298.916
299
299.08
299.153
299.22
299.279
299.33
299.373
299.408
299.435
299.455
299.469
299.477
299.479
299.478
299.473
299.465
299.455
299.444
299.43
299.416
299.402
299.388
299.374
299.36
299.346
299.332
299.319
299.307
299.295
299.283
299.273
299.263
299.254
299.245
299.238
299.231
299.225
299.22
299.215
299.212
299.209
299.207
299.205
299.204
299.204
299.204
299.204
299.205
299.207
299.208
299.21
299.212
299.215
299.217
299.22
299.222
299.225
299.228
299.23
299.233
299.236
299.238
299.241
299.243
299.246
299.248
299.25
299.252
299.254
299.256
299.257
299.259
299.261
299.263
299.265
299.266
299.267
299.269
299.271
299.274
299.278
299.284
299.292
299.305
299.325
299.353
299.394
299.453
299.533
299.641
299.78
299.955
300.163
300.398
300.653
300.917
298.647
298.742
298.836
298.927
299.014
299.096
299.171
299.24
299.3
299.351
299.395
299.43
299.457
299.476
299.489
299.496
299.498
299.495
299.489
299.481
299.47
299.458
299.445
299.431
299.417
299.403
299.389
299.375
299.361
299.347
299.335
299.322
299.31
299.299
299.289
299.279
299.27
299.261
299.253
299.246
299.24
299.235
299.23
299.226
299.223
299.221
299.219
299.217
299.217
299.216
299.217
299.217
299.218
299.22
299.222
299.223
299.226
299.228
299.23
299.233
299.236
299.238
299.241
299.244
299.246
299.249
299.252
299.254
299.257
299.259
299.261
299.263
299.265
299.267
299.269
299.27
299.272
299.274
299.276
299.277
299.279
299.281
299.283
299.285
299.289
299.294
299.303
299.316
299.336
299.364
299.405
299.464
299.545
299.653
299.793
299.967
300.173
300.406
300.658
300.919
298.649
298.747
298.843
298.937
299.027
299.111
299.189
299.259
299.32
299.372
299.415
299.45
299.477
299.495
299.507
299.513
299.514
299.51
299.503
299.494
299.483
299.471
299.457
299.443
299.429
299.416
299.402
299.388
299.374
299.361
299.348
299.336
299.325
299.314
299.303
299.294
299.284
299.276
299.268
299.261
299.255
299.25
299.245
299.241
299.237
299.235
299.232
299.231
299.23
299.229
299.229
299.23
299.231
299.232
299.233
299.235
299.237
299.239
299.242
299.244
299.247
299.249
299.252
299.255
299.258
299.26
299.263
299.266
299.268
299.271
299.273
299.275
299.278
299.28
299.281
299.283
299.284
299.285
299.287
299.289
299.291
299.292
299.294
299.296
299.3
299.305
299.314
299.327
299.347
299.375
299.417
299.476
299.557
299.665
299.805
299.978
300.183
300.414
300.663
300.92
298.65
298.751
298.85
298.947
299.04
299.126
299.206
299.276
299.338
299.391
299.434
299.469
299.495
299.513
299.524
299.528
299.528
299.523
299.515
299.506
299.494
299.482
299.468
299.454
299.441
299.427
299.413
299.399
299.386
299.373
299.361
299.349
299.338
299.327
299.317
299.307
299.298
299.29
299.282
299.275
299.269
299.264
299.259
299.255
299.251
299.248
299.246
299.244
299.243
299.242
299.242
299.243
299.243
299.244
299.246
299.247
299.249
299.251
299.254
299.256
299.259
299.261
299.264
299.267
299.27
299.272
299.275
299.278
299.281
299.283
299.286
299.289
299.291
299.293
299.295
299.296
299.297
299.299
299.3
299.302
299.303
299.304
299.306
299.308
299.312
299.318
299.326
299.339
299.359
299.387
299.429
299.488
299.569
299.678
299.818
299.99
300.193
300.422
300.668
300.922
298.652
298.755
298.857
298.957
299.052
299.14
299.221
299.294
299.356
299.409
299.452
299.486
299.511
299.529
299.538
299.542
299.54
299.534
299.526
299.516
299.504
299.491
299.478
299.464
299.451
299.437
299.423
299.41
299.397
299.384
299.372
299.361
299.35
299.339
299.329
299.32
299.311
299.303
299.295
299.289
299.282
299.277
299.272
299.268
299.265
299.262
299.259
299.258
299.256
299.256
299.255
299.256
299.256
299.257
299.258
299.26
299.262
299.264
299.266
299.269
299.271
299.274
299.277
299.28
299.283
299.286
299.289
299.291
299.294
299.297
299.3
299.303
299.306
299.308
299.31
299.311
299.312
299.313
299.315
299.316
299.317
299.318
299.319
299.322
299.326
299.331
299.339
299.352
299.371
299.4
299.442
299.501
299.582
299.691
299.83
300.002
300.203
300.43
300.673
300.924
298.653
298.759
298.864
298.966
299.064
299.154
299.237
299.31
299.373
299.425
299.468
299.502
299.526
299.543
299.551
299.553
299.55
299.544
299.536
299.526
299.514
299.5
299.487
299.473
299.459
299.445
299.432
299.419
299.406
299.393
299.382
299.371
299.361
299.35
299.34
299.331
299.323
299.315
299.308
299.301
299.295
299.29
299.285
299.281
299.278
299.275
299.273
299.271
299.27
299.269
299.269
299.269
299.269
299.27
299.272
299.273
299.275
299.277
299.28
299.282
299.285
299.288
299.291
299.294
299.297
299.3
299.303
299.306
299.309
299.313
299.316
299.319
299.322
299.324
299.326
299.327
299.329
299.33
299.331
299.332
299.332
299.333
299.335
299.337
299.34
299.345
299.353
299.365
299.384
299.413
299.454
299.514
299.595
299.704
299.843
300.013
300.214
300.438
300.678
300.925
298.655
298.763
298.871
298.975
299.075
299.167
299.251
299.325
299.388
299.441
299.483
299.516
299.54
299.555
299.562
299.563
299.56
299.554
299.545
299.534
299.522
299.509
299.495
299.481
299.467
299.453
299.44
299.427
299.414
299.402
299.391
299.38
299.37
299.36
299.35
299.342
299.334
299.327
299.32
299.313
299.307
299.302
299.298
299.294
299.291
299.288
299.286
299.284
299.283
299.283
299.282
299.283
299.283
299.284
299.286
299.287
299.289
299.292
299.294
299.297
299.3
299.303
299.306
299.309
299.312
299.316
299.319
299.323
299.326
299.33
299.333
299.337
299.339
299.341
299.343
299.345
299.346
299.347
299.348
299.349
299.35
299.35
299.351
299.353
299.356
299.36
299.368
299.379
299.398
299.426
299.468
299.527
299.609
299.717
299.855
300.025
300.224
300.446
300.683
300.927
298.656
298.767
298.877
298.984
299.086
299.18
299.265
299.339
299.403
299.455
299.497
299.53
299.553
299.567
299.572
299.573
299.569
299.562
299.553
299.542
299.529
299.516
299.502
299.488
299.474
299.46
299.447
299.434
299.422
299.41
299.399
299.389
299.379
299.369
299.361
299.352
299.345
299.337
299.331
299.325
299.32
299.315
299.31
299.307
299.304
299.301
299.299
299.298
299.297
299.297
299.297
299.297
299.298
299.299
299.301
299.302
299.305
299.307
299.31
299.312
299.315
299.319
299.322
299.325
299.329
299.333
299.337
299.34
299.344
299.348
299.352
299.355
299.357
299.359
299.361
299.363
299.365
299.367
299.368
299.368
299.368
299.369
299.369
299.37
299.372
299.376
299.383
299.394
299.412
299.44
299.482
299.541
299.622
299.73
299.868
300.037
300.234
300.453
300.688
300.929
298.657
298.771
298.883
298.993
299.096
299.192
299.278
299.353
299.417
299.469
299.511
299.543
299.564
299.575
299.581
299.582
299.578
299.57
299.56
299.549
299.536
299.523
299.508
299.494
299.48
299.467
299.454
299.441
299.429
299.418
299.407
299.397
299.388
299.379
299.37
299.362
299.355
299.348
299.342
299.337
299.331
299.327
299.323
299.32
299.317
299.315
299.313
299.312
299.311
299.311
299.312
299.312
299.313
299.315
299.316
299.318
299.321
299.323
299.326
299.329
299.333
299.336
299.34
299.344
299.347
299.351
299.356
299.36
299.364
299.369
299.372
299.374
299.376
299.378
299.381
299.384
299.386
299.387
299.388
299.389
299.389
299.388
299.388
299.388
299.39
299.393
299.399
299.41
299.427
299.455
299.496
299.555
299.636
299.744
299.881
300.049
300.244
300.461
300.692
300.93
298.658
298.775
298.889
299.001
299.106
299.203
299.29
299.366
299.43
299.481
299.524
299.554
299.573
299.585
299.591
299.59
299.586
299.578
299.568
299.556
299.543
299.53
299.515
299.501
299.487
299.474
299.461
299.449
299.437
299.426
299.415
299.406
299.396
299.388
299.38
299.372
299.366
299.359
299.354
299.348
299.344
299.34
299.336
299.333
299.331
299.329
299.328
299.327
299.327
299.327
299.327
299.328
299.33
299.331
299.333
299.336
299.338
299.341
299.344
299.348
299.351
299.355
299.359
299.363
299.367
299.372
299.377
299.381
299.386
299.39
299.392
299.394
299.397
299.4
299.403
299.406
299.408
299.41
299.411
299.411
299.41
299.409
299.408
299.407
299.408
299.41
299.416
299.426
299.443
299.47
299.511
299.569
299.651
299.758
299.894
300.061
300.254
300.469
300.697
300.932
298.659
298.778
298.895
299.009
299.116
299.214
299.302
299.378
299.442
299.494
299.534
299.563
299.583
299.595
299.6
299.599
299.594
299.586
299.575
299.563
299.551
299.537
299.522
299.508
299.494
299.481
299.468
299.456
299.445
299.434
299.424
299.415
299.406
299.398
299.39
299.383
299.377
299.371
299.366
299.361
299.357
299.353
299.35
299.348
299.346
299.344
299.343
299.343
299.343
299.343
299.344
299.345
299.347
299.349
299.351
299.354
299.357
299.36
299.364
299.367
299.371
299.375
299.38
299.384
299.389
299.394
299.399
299.404
299.408
299.41
299.412
299.415
299.419
299.423
299.427
299.43
299.432
299.433
299.434
299.433
299.432
299.431
299.429
299.427
299.427
299.429
299.433
299.443
299.459
299.486
299.526
299.584
299.665
299.772
299.908
300.073
300.264
300.476
300.702
300.934
298.661
298.781
298.901
299.016
299.125
299.225
299.314
299.389
299.453
299.504
299.544
299.573
299.593
299.604
299.608
299.607
299.602
299.593
299.583
299.571
299.559
299.544
299.53
299.516
299.502
299.489
299.477
299.465
299.454
299.443
299.434
299.425
299.416
299.408
299.401
299.395
299.389
299.383
299.379
299.374
299.371
299.368
299.365
299.363
299.361
299.36
299.36
299.359
299.36
299.361
299.362
299.363
299.365
299.368
299.37
299.373
299.377
299.38
299.384
299.388
299.392
299.397
299.402
299.407
299.412
299.418
299.422
299.426
299.428
299.431
299.434
299.439
299.443
299.448
299.452
299.454
299.456
299.458
299.458
299.457
299.456
299.454
299.451
299.448
299.447
299.448
299.451
299.46
299.476
299.502
299.542
299.6
299.68
299.786
299.921
300.085
300.274
300.484
300.707
300.935
298.662
298.785
298.906
299.024
299.134
299.236
299.325
299.399
299.464
299.515
299.553
299.583
299.602
299.613
299.617
299.616
299.61
299.602
299.592
299.58
299.567
299.552
299.538
299.524
299.511
299.498
299.486
299.474
299.464
299.454
299.444
299.436
299.428
299.42
299.414
299.408
299.402
299.397
299.393
299.389
299.386
299.383
299.381
299.379
299.378
299.377
299.377
299.377
299.378
299.379
299.381
299.383
299.385
299.388
299.391
299.394
299.398
299.402
299.406
299.41
299.415
299.42
299.425
299.431
299.436
299.44
299.443
299.446
299.449
299.453
299.458
299.464
299.469
299.473
299.477
299.479
299.481
299.482
299.482
299.481
299.48
299.477
299.473
299.47
299.468
299.467
299.47
299.478
299.493
299.518
299.558
299.615
299.695
299.801
299.935
300.097
300.284
300.492
300.712
300.936
298.663
298.788
298.912
299.031
299.144
299.246
299.336
299.41
299.474
299.524
299.564
299.593
299.612
299.622
299.626
299.624
299.619
299.61
299.601
299.589
299.575
299.561
299.547
299.533
299.52
299.508
299.496
299.485
299.475
299.465
299.456
299.448
299.441
299.434
299.427
299.422
299.417
299.412
299.409
299.405
299.402
299.4
299.398
299.397
299.396
299.396
299.396
299.396
299.397
299.399
299.401
299.403
299.406
299.409
299.412
299.416
299.42
299.424
299.429
299.433
299.438
299.444
299.449
299.454
299.458
299.46
299.463
299.467
299.472
299.478
299.484
299.49
299.494
299.498
299.502
299.504
299.506
299.507
299.507
299.506
299.504
299.501
299.497
299.492
299.489
299.487
299.489
299.496
299.51
299.535
299.574
299.631
299.71
299.815
299.948
300.109
300.295
300.5
300.716
300.938
298.664
298.791
298.917
299.039
299.153
299.256
299.344
299.422
299.482
299.535
299.575
299.603
299.621
299.631
299.635
299.633
299.628
299.62
299.61
299.598
299.584
299.57
299.557
299.544
299.531
299.519
299.508
299.497
299.487
299.478
299.47
299.462
299.455
299.449
299.443
299.438
299.433
299.429
299.426
299.423
299.42
299.418
299.417
299.416
299.415
299.415
299.416
299.417
299.418
299.42
299.422
299.425
299.428
299.431
299.434
299.439
299.443
299.447
299.452
299.457
299.463
299.468
299.472
299.474
299.477
299.481
299.486
299.491
299.498
299.504
299.51
299.515
299.519
299.523
299.526
299.528
299.529
299.53
299.531
299.53
299.528
299.525
299.52
299.515
299.51
299.508
299.509
299.515
299.528
299.552
299.591
299.647
299.726
299.83
299.962
300.122
300.305
300.508
300.72
300.94
298.665
298.795
298.923
299.046
299.162
299.266
299.352
299.433
299.493
299.545
299.585
299.613
299.631
299.641
299.644
299.642
299.637
299.63
299.621
299.608
299.594
299.581
299.568
299.555
299.543
299.531
299.52
299.51
299.501
299.492
299.485
299.477
299.471
299.465
299.46
299.455
299.451
299.447
299.444
299.442
299.44
299.438
299.437
299.436
299.436
299.437
299.437
299.438
299.44
299.442
299.444
299.447
299.45
299.454
299.458
299.462
299.466
299.471
299.476
299.481
299.485
299.488
299.49
299.493
299.498
299.504
299.51
299.517
299.523
299.529
299.533
299.538
299.542
299.546
299.549
299.551
299.553
299.554
299.554
299.553
299.552
299.548
299.544
299.538
299.533
299.529
299.529
299.534
299.547
299.57
299.608
299.664
299.742
299.845
299.976
300.134
300.316
300.516
300.724
300.941
298.666
298.798
298.928
299.053
299.17
299.274
299.364
299.441
299.504
299.556
299.595
299.623
299.641
299.65
299.654
299.652
299.646
299.64
299.631
299.618
299.605
299.592
299.58
299.567
299.555
299.545
299.534
299.525
299.516
299.508
299.501
299.494
299.488
299.483
299.478
299.474
299.471
299.467
299.465
299.462
299.461
299.459
299.459
299.458
299.458
299.459
299.46
299.461
299.463
299.465
299.467
299.47
299.474
299.477
299.481
299.486
299.49
299.495
299.498
299.501
299.503
299.506
299.511
299.516
299.522
299.528
299.535
299.541
299.546
299.551
299.556
299.561
299.565
299.568
299.572
299.574
299.576
299.577
299.577
299.577
299.575
299.572
299.567
299.561
299.555
299.551
299.549
299.554
299.565
299.588
299.625
299.68
299.758
299.861
299.991
300.147
300.327
300.523
300.728
300.943
298.667
298.801
298.933
299.061
299.18
299.282
299.377
299.451
299.515
299.567
299.606
299.633
299.651
299.661
299.664
299.662
299.657
299.651
299.642
299.629
299.617
299.604
299.592
299.58
299.569
299.559
299.549
299.541
299.533
299.525
299.519
299.513
299.507
299.503
299.498
299.495
299.491
299.489
299.486
299.484
299.483
299.482
299.481
299.481
299.481
299.482
299.483
299.485
299.486
299.489
299.491
299.494
299.498
299.501
299.505
299.509
299.512
299.514
299.516
299.519
299.523
299.528
299.534
299.54
299.547
299.553
299.558
299.563
299.568
299.573
299.578
299.583
299.587
299.592
299.595
299.598
299.6
299.601
299.601
299.6
299.598
299.595
299.59
299.584
299.577
299.572
299.57
299.573
299.584
299.606
299.643
299.698
299.774
299.876
300.005
300.16
300.339
300.529
300.733
300.944
298.668
298.805
298.939
299.069
299.188
299.292
299.389
299.462
299.526
299.578
299.617
299.644
299.661
299.671
299.674
299.673
299.67
299.663
299.653
299.641
299.629
299.617
299.606
299.594
299.584
299.574
299.565
299.557
299.55
299.544
299.538
299.532
299.528
299.523
299.52
299.517
299.514
299.511
299.509
299.508
299.507
299.506
299.505
299.505
299.506
299.506
299.508
299.509
299.511
299.513
299.516
299.519
299.521
299.524
299.526
299.527
299.529
299.532
299.536
299.541
299.547
299.552
299.559
299.565
299.57
299.575
299.579
299.583
299.589
299.595
299.6
299.606
299.611
299.616
299.62
299.623
299.625
299.626
299.625
299.624
299.621
299.618
299.613
299.607
299.599
299.594
299.591
299.593
299.604
299.625
299.661
299.715
299.791
299.892
300.02
300.174
300.35
300.536
300.738
300.946
298.669
298.808
298.945
299.076
299.197
299.303
299.401
299.474
299.537
299.589
299.628
299.655
299.672
299.682
299.685
299.684
299.681
299.674
299.664
299.653
299.642
299.631
299.62
299.609
299.599
299.591
299.582
299.575
299.569
299.563
299.558
299.553
299.549
299.545
299.542
299.54
299.537
299.535
299.534
299.532
299.531
299.531
299.53
299.53
299.531
299.532
299.533
299.534
299.536
299.538
299.539
299.541
299.542
299.543
299.545
299.547
299.551
299.555
299.56
299.565
299.571
299.577
299.582
299.587
299.591
299.595
299.6
299.605
299.611
299.617
299.623
299.629
299.635
299.64
299.644
299.648
299.65
299.65
299.65
299.647
299.644
299.64
299.635
299.629
299.621
299.615
299.612
299.614
299.623
299.644
299.679
299.733
299.808
299.909
300.035
300.188
300.359
300.541
300.743
300.947
298.671
298.811
298.95
299.085
299.206
299.314
299.413
299.487
299.548
299.601
299.64
299.667
299.684
299.693
299.696
299.695
299.692
299.686
299.676
299.666
299.655
299.644
299.634
299.625
299.616
299.607
299.6
299.594
299.588
299.583
299.579
299.575
299.571
299.568
299.566
299.564
299.562
299.56
299.559
299.558
299.557
299.556
299.556
299.556
299.557
299.557
299.558
299.559
299.56
299.56
299.56
299.561
299.563
299.565
299.568
299.572
299.576
299.58
299.585
299.59
299.594
299.599
299.603
299.607
299.611
299.616
299.622
299.628
299.635
299.641
299.647
299.653
299.659
299.664
299.668
299.672
299.673
299.674
299.673
299.671
299.667
299.663
299.657
299.651
299.642
299.636
299.632
299.634
299.643
299.663
299.698
299.751
299.826
299.925
300.051
300.203
300.367
300.548
300.747
300.949
298.672
298.815
298.956
299.092
299.215
299.325
299.425
299.501
299.56
299.613
299.652
299.679
299.696
299.705
299.708
299.706
299.704
299.698
299.688
299.679
299.669
299.659
299.649
299.64
299.632
299.625
299.619
299.613
299.608
299.604
299.6
299.597
299.594
299.592
299.59
299.588
299.587
299.586
299.585
299.584
299.583
299.583
299.583
299.583
299.583
299.583
299.583
299.583
299.582
299.583
299.584
299.586
299.588
299.591
299.594
299.597
299.601
299.605
299.608
299.612
299.616
299.619
299.623
299.627
299.633
299.639
299.646
299.653
299.658
299.664
299.671
299.676
299.682
299.687
299.691
299.695
299.697
299.697
299.696
299.693
299.689
299.684
299.679
299.672
299.664
299.657
299.653
299.654
299.663
299.683
299.717
299.769
299.844
299.943
300.068
300.216
300.376
300.556
300.751
300.95
298.673
298.819
298.962
299.1
299.226
299.337
299.438
299.515
299.573
299.626
299.665
299.692
299.709
299.717
299.72
299.718
299.716
299.71
299.701
299.692
299.683
299.674
299.665
299.657
299.649
299.643
299.637
299.632
299.628
299.625
299.622
299.62
299.618
299.616
299.615
299.614
299.613
299.612
299.611
299.611
299.61
299.61
299.61
299.61
299.609
299.608
299.608
299.608
299.608
299.609
299.611
299.613
299.615
299.617
299.62
299.622
299.625
299.628
299.631
299.633
299.637
299.64
299.645
299.65
299.657
299.663
299.67
299.676
299.682
299.688
299.694
299.7
299.705
299.71
299.714
299.717
299.719
299.72
299.718
299.716
299.711
299.706
299.7
299.693
299.685
299.678
299.674
299.674
299.683
299.702
299.736
299.788
299.862
299.961
300.086
300.228
300.385
300.563
300.756
300.952
298.674
298.823
298.968
299.109
299.238
299.348
299.45
299.529
299.588
299.639
299.678
299.705
299.722
299.731
299.733
299.732
299.729
299.723
299.715
299.706
299.698
299.689
299.681
299.673
299.667
299.661
299.656
299.652
299.649
299.647
299.645
299.643
299.642
299.641
299.64
299.639
299.639
299.638
299.638
299.638
299.637
299.637
299.637
299.636
299.635
299.635
299.635
299.635
299.636
299.637
299.638
299.64
299.641
299.643
299.644
299.646
299.648
299.65
299.653
299.655
299.659
299.663
299.669
299.675
299.682
299.688
299.694
299.7
299.705
299.711
299.717
299.722
299.728
299.732
299.736
299.739
299.741
299.741
299.74
299.737
299.732
299.727
299.721
299.713
299.706
299.698
299.694
299.695
299.703
299.722
299.755
299.807
299.881
299.979
300.103
300.238
300.393
300.572
300.76
300.953
298.676
298.827
298.975
299.117
299.25
299.359
299.464
299.544
299.604
299.653
299.693
299.72
299.736
299.745
299.747
299.746
299.743
299.737
299.729
299.721
299.712
299.704
299.697
299.69
299.684
299.68
299.676
299.673
299.67
299.668
299.667
299.666
299.666
299.666
299.665
299.665
299.665
299.665
299.665
299.665
299.665
299.665
299.664
299.663
299.663
299.663
299.663
299.664
299.664
299.665
299.665
299.666
299.667
299.668
299.669
299.67
299.672
299.674
299.676
299.68
299.684
299.689
299.695
299.701
299.707
299.712
299.718
299.723
299.729
299.734
299.74
299.745
299.75
299.754
299.758
299.761
299.762
299.762
299.761
299.757
299.753
299.747
299.741
299.733
299.726
299.719
299.715
299.715
299.723
299.742
299.775
299.827
299.9
299.999
300.117
300.249
300.401
300.58
300.765
300.955
298.677
298.831
298.982
299.126
299.262
299.371
299.477
299.559
299.62
299.668
299.708
299.735
299.751
299.759
299.761
299.76
299.757
299.751
299.743
299.735
299.728
299.72
299.713
299.707
299.702
299.698
299.695
299.693
299.691
299.69
299.69
299.69
299.69
299.69
299.691
299.691
299.692
299.692
299.692
299.693
299.693
299.692
299.692
299.691
299.692
299.692
299.692
299.692
299.692
299.692
299.692
299.692
299.693
299.693
299.694
299.695
299.697
299.699
299.703
299.706
299.711
299.716
299.721
299.726
299.732
299.737
299.742
299.747
299.752
299.758
299.763
299.767
299.772
299.776
299.779
299.781
299.783
299.782
299.781
299.777
299.772
299.766
299.76
299.753
299.746
299.739
299.735
299.735
299.743
299.762
299.795
299.847
299.92
300.017
300.131
300.26
300.411
300.588
300.77
300.956
298.678
298.835
298.989
299.136
299.273
299.384
299.491
299.574
299.636
299.684
299.724
299.751
299.767
299.775
299.776
299.775
299.771
299.765
299.758
299.75
299.743
299.736
299.73
299.725
299.72
299.717
299.715
299.713
299.713
299.712
299.713
299.713
299.714
299.715
299.716
299.717
299.718
299.719
299.72
299.72
299.72
299.72
299.72
299.72
299.72
299.72
299.72
299.719
299.719
299.719
299.719
299.719
299.72
299.72
299.721
299.723
299.725
299.727
299.731
299.734
299.738
299.743
299.747
299.752
299.756
299.761
299.766
299.771
299.776
299.781
299.785
299.79
299.794
299.797
299.8
299.802
299.802
299.802
299.8
299.796
299.791
299.785
299.779
299.772
299.766
299.759
299.755
299.755
299.763
299.782
299.815
299.867
299.941
300.035
300.144
300.271
300.421
300.595
300.775
300.958
298.68
298.839
298.996
299.146
299.284
299.397
299.506
299.59
299.652
299.701
299.741
299.768
299.783
299.791
299.792
299.79
299.786
299.78
299.773
299.766
299.759
299.753
299.747
299.742
299.739
299.736
299.735
299.734
299.734
299.734
299.735
299.737
299.738
299.74
299.741
299.743
299.744
299.746
299.747
299.747
299.748
299.748
299.748
299.748
299.748
299.748
299.748
299.748
299.748
299.747
299.747
299.748
299.748
299.749
299.75
299.752
299.754
299.756
299.759
299.763
299.766
299.77
299.774
299.778
299.782
299.786
299.79
299.795
299.799
299.804
299.808
299.812
299.815
299.818
299.82
299.822
299.822
299.821
299.818
299.815
299.809
299.803
299.797
299.791
299.785
299.778
299.774
299.775
299.783
299.802
299.836
299.888
299.96
300.052
300.157
300.282
300.431
300.602
300.779
300.96
298.681
298.844
299.003
299.156
299.295
299.41
299.521
299.605
299.668
299.719
299.759
299.786
299.801
299.807
299.808
299.805
299.801
299.796
299.789
299.782
299.775
299.769
299.764
299.76
299.757
299.755
299.755
299.754
299.755
299.756
299.758
299.76
299.762
299.764
299.767
299.769
299.77
299.772
299.774
299.775
299.775
299.776
299.777
299.777
299.777
299.777
299.777
299.777
299.777
299.777
299.777
299.778
299.778
299.779
299.78
299.782
299.784
299.786
299.789
299.792
299.795
299.798
299.801
299.804
299.807
299.811
299.815
299.819
299.823
299.827
299.83
299.834
299.837
299.839
299.84
299.841
299.841
299.839
299.836
299.832
299.827
299.821
299.815
299.809
299.803
299.797
299.793
299.795
299.803
299.823
299.857
299.909
299.98
300.068
300.171
300.293
300.442
300.609
300.784
300.961
298.683
298.848
299.011
299.166
299.306
299.424
299.537
299.621
299.685
299.738
299.779
299.804
299.819
299.825
299.825
299.822
299.817
299.812
299.805
299.798
299.792
299.786
299.782
299.779
299.776
299.775
299.775
299.775
299.777
299.778
299.781
299.783
299.786
299.789
299.792
299.794
299.796
299.798
299.8
299.802
299.803
299.804
299.805
299.806
299.806
299.807
299.807
299.807
299.808
299.808
299.808
299.809
299.809
299.81
299.811
299.813
299.815
299.816
299.819
299.821
299.823
299.825
299.828
299.83
299.833
299.836
299.839
299.843
299.846
299.849
299.853
299.855
299.858
299.859
299.86
299.86
299.859
299.857
299.853
299.849
299.844
299.838
299.831
299.826
299.821
299.815
299.812
299.814
299.823
299.844
299.878
299.928
299.998
300.083
300.184
300.305
300.452
300.616
300.788
300.963
298.684
298.853
299.018
299.177
299.317
299.439
299.553
299.637
299.703
299.759
299.798
299.823
299.837
299.842
299.842
299.839
299.834
299.828
299.821
299.815
299.809
299.804
299.8
299.797
299.796
299.795
299.795
299.796
299.798
299.8
299.803
299.806
299.81
299.813
299.816
299.819
299.822
299.824
299.827
299.828
299.831
299.833
299.834
299.835
299.836
299.837
299.837
299.838
299.838
299.839
299.839
299.84
299.841
299.842
299.843
299.844
299.845
299.847
299.848
299.85
299.851
299.853
299.855
299.857
299.859
299.862
299.864
299.867
299.87
299.872
299.875
299.877
299.878
299.879
299.879
299.879
299.877
299.874
299.87
299.865
299.86
299.854
299.848
299.842
299.837
299.833
299.83
299.833
299.843
299.863
299.897
299.948
300.016
300.098
300.198
300.317
300.463
300.623
300.792
300.964
298.686
298.857
299.026
299.188
299.328
299.454
299.568
299.653
299.722
299.78
299.819
299.843
299.856
299.861
299.86
299.856
299.851
299.846
299.839
299.832
299.827
299.822
299.819
299.816
299.815
299.815
299.815
299.817
299.819
299.822
299.825
299.829
299.833
299.837
299.841
299.844
299.847
299.85
299.853
299.856
299.859
299.862
299.863
299.865
299.866
299.867
299.867
299.868
299.869
299.87
299.87
299.871
299.872
299.873
299.874
299.875
299.876
299.877
299.878
299.878
299.879
299.88
299.882
299.883
299.885
299.887
299.889
299.891
299.893
299.895
299.897
299.898
299.899
299.899
299.898
299.897
299.894
299.891
299.887
299.881
299.876
299.869
299.863
299.858
299.854
299.849
299.848
299.851
299.862
299.883
299.916
299.966
300.034
300.113
300.211
300.329
300.473
300.63
300.797
300.965
298.687
298.862
299.033
299.198
299.339
299.47
299.583
299.669
299.744
299.8
299.839
299.863
299.875
299.88
299.879
299.874
299.869
299.864
299.857
299.85
299.845
299.841
299.838
299.836
299.835
299.835
299.836
299.838
299.84
299.844
299.848
299.852
299.856
299.861
299.865
299.869
299.873
299.876
299.88
299.884
299.887
299.89
299.892
299.893
299.895
299.896
299.897
299.899
299.9
299.901
299.902
299.902
299.903
299.904
299.905
299.905
299.906
299.906
299.906
299.907
299.907
299.908
299.909
299.91
299.911
299.913
299.914
299.915
299.917
299.918
299.919
299.919
299.919
299.919
299.917
299.915
299.912
299.908
299.903
299.897
299.891
299.884
299.878
299.873
299.869
299.866
299.865
299.869
299.88
299.901
299.935
299.985
300.051
300.128
300.224
300.341
300.483
300.637
300.801
300.967
298.689
298.867
299.041
299.208
299.35
299.487
299.598
299.687
299.765
299.821
299.859
299.883
299.895
299.9
299.898
299.894
299.888
299.882
299.875
299.869
299.864
299.86
299.857
299.856
299.855
299.855
299.856
299.859
299.862
299.866
299.87
299.875
299.88
299.885
299.889
299.894
299.898
299.902
299.907
299.911
299.915
299.917
299.919
299.922
299.923
299.925
299.927
299.928
299.93
299.931
299.932
299.933
299.934
299.934
299.935
299.935
299.935
299.935
299.934
299.934
299.935
299.935
299.936
299.937
299.937
299.938
299.939
299.94
299.94
299.941
299.941
299.94
299.939
299.938
299.936
299.933
299.929
299.924
299.918
299.912
299.905
299.899
299.892
299.888
299.884
299.881
299.881
299.886
299.898
299.919
299.953
300.002
300.067
300.143
300.238
300.353
300.493
300.644
300.805
300.968
298.691
298.871
299.049
299.218
299.363
299.503
299.612
299.709
299.786
299.842
299.88
299.903
299.915
299.92
299.918
299.913
299.908
299.901
299.895
299.889
299.884
299.88
299.877
299.876
299.875
299.875
299.877
299.88
299.884
299.888
299.893
299.898
299.903
299.908
299.913
299.918
299.923
299.929
299.934
299.938
299.941
299.944
299.947
299.949
299.951
299.954
299.956
299.958
299.959
299.96
299.961
299.962
299.963
299.963
299.963
299.963
299.963
299.962
299.962
299.962
299.962
299.963
299.963
299.963
299.963
299.963
299.964
299.964
299.964
299.963
299.962
299.961
299.96
299.957
299.954
299.95
299.945
299.94
299.934
299.927
299.92
299.913
299.906
299.901
299.899
299.896
299.896
299.902
299.915
299.936
299.97
300.019
300.083
300.158
300.251
300.365
300.503
300.652
300.809
300.97
298.692
298.876
299.057
299.227
299.377
299.517
299.629
299.73
299.807
299.862
299.9
299.923
299.936
299.94
299.939
299.934
299.927
299.921
299.915
299.908
299.904
299.9
299.898
299.896
299.896
299.897
299.899
299.902
299.906
299.91
299.915
299.921
299.926
299.931
299.937
299.943
299.949
299.955
299.959
299.963
299.967
299.97
299.973
299.976
299.979
299.981
299.983
299.985
299.987
299.988
299.989
299.99
299.99
299.99
299.99
299.99
299.99
299.989
299.99
299.99
299.99
299.99
299.989
299.989
299.989
299.989
299.988
299.988
299.987
299.986
299.984
299.982
299.979
299.976
299.972
299.967
299.962
299.955
299.948
299.941
299.933
299.926
299.919
299.914
299.912
299.909
299.91
299.917
299.93
299.953
299.986
300.035
300.099
300.173
300.265
300.378
300.512
300.659
300.814
300.971
298.694
298.881
299.065
299.235
299.392
299.53
299.649
299.75
299.827
299.883
299.92
299.944
299.956
299.96
299.959
299.955
299.948
299.941
299.935
299.929
299.924
299.921
299.919
299.918
299.917
299.918
299.92
299.924
299.928
299.933
299.938
299.943
299.949
299.955
299.961
299.968
299.975
299.979
299.984
299.988
299.991
299.995
299.998
300.002
300.005
300.007
300.009
300.011
300.013
300.014
300.015
300.015
300.016
300.016
300.016
300.016
300.016
300.016
300.017
300.017
300.016
300.016
300.016
300.015
300.015
300.014
300.013
300.011
300.01
300.008
300.006
300.003
299.999
299.995
299.99
299.984
299.978
299.971
299.963
299.955
299.947
299.939
299.931
299.926
299.924
299.922
299.924
299.931
299.945
299.968
300.002
300.05
300.114
300.187
300.279
300.39
300.521
300.666
300.818
300.973
298.695
298.886
299.073
299.244
299.406
299.544
299.669
299.77
299.847
299.903
299.941
299.964
299.976
299.981
299.98
299.975
299.968
299.961
299.956
299.95
299.945
299.942
299.94
299.939
299.94
299.94
299.943
299.946
299.95
299.955
299.961
299.966
299.972
299.979
299.986
299.993
299.998
300.003
300.007
300.011
300.015
300.019
300.023
300.026
300.029
300.031
300.033
300.035
300.036
300.038
300.038
300.039
300.04
300.04
300.041
300.042
300.043
300.043
300.043
300.043
300.043
300.042
300.042
300.041
300.04
300.038
300.037
300.035
300.033
300.03
300.027
300.023
300.019
300.014
300.008
300.001
299.994
299.986
299.977
299.969
299.96
299.952
299.943
299.938
299.936
299.934
299.937
299.944
299.959
299.983
300.018
300.065
300.128
300.201
300.292
300.403
300.53
300.673
300.822
300.974
298.697
298.891
299.081
299.254
299.419
299.561
299.688
299.789
299.867
299.923
299.961
299.985
299.997
300.001
300
299.996
299.989
299.982
299.977
299.972
299.967
299.964
299.962
299.962
299.962
299.963
299.966
299.969
299.973
299.978
299.983
299.989
299.996
300.004
300.011
300.016
300.021
300.025
300.03
300.034
300.038
300.042
300.045
300.048
300.051
300.053
300.055
300.057
300.058
300.059
300.061
300.062
300.064
300.065
300.067
300.068
300.068
300.069
300.069
300.069
300.069
300.068
300.067
300.066
300.064
300.062
300.06
300.058
300.055
300.051
300.047
300.043
300.038
300.032
300.025
300.018
300.01
300.001
299.991
299.982
299.973
299.964
299.955
299.949
299.947
299.946
299.949
299.957
299.972
299.996
300.032
300.08
300.142
300.215
300.305
300.413
300.539
300.68
300.826
300.975
298.699
298.895
299.088
299.266
299.43
299.58
299.706
299.808
299.886
299.943
299.981
300.005
300.017
300.022
300.021
300.017
300.009
300.003
299.998
299.994
299.99
299.987
299.985
299.984
299.985
299.987
299.989
299.992
299.996
300.001
300.006
300.012
300.02
300.028
300.033
300.038
300.043
300.047
300.051
300.055
300.059
300.063
300.066
300.068
300.071
300.073
300.075
300.077
300.079
300.082
300.084
300.087
300.089
300.09
300.092
300.093
300.094
300.094
300.094
300.094
300.094
300.093
300.092
300.09
300.088
300.086
300.083
300.08
300.076
300.072
300.068
300.062
300.056
300.05
300.042
300.034
300.025
300.015
300.005
299.995
299.985
299.975
299.967
299.961
299.958
299.957
299.96
299.969
299.984
300.009
300.045
300.094
300.156
300.229
300.319
300.423
300.549
300.687
300.831
300.977
298.7
298.9
299.094
299.278
299.444
299.597
299.724
299.827
299.906
299.962
300.001
300.025
300.038
300.043
300.042
300.038
300.031
300.025
300.02
300.016
300.013
300.01
300.008
300.008
300.008
300.01
300.013
300.016
300.02
300.024
300.03
300.036
300.044
300.05
300.055
300.059
300.064
300.068
300.072
300.075
300.079
300.082
300.084
300.087
300.09
300.093
300.096
300.099
300.102
300.106
300.108
300.111
300.113
300.115
300.116
300.117
300.118
300.119
300.119
300.118
300.118
300.117
300.115
300.113
300.111
300.108
300.105
300.102
300.097
300.093
300.087
300.081
300.074
300.067
300.058
300.049
300.039
300.029
300.018
300.007
299.997
299.986
299.978
299.973
299.969
299.968
299.971
299.98
299.996
300.021
300.058
300.107
300.17
300.242
300.331
300.433
300.558
300.693
300.835
300.978
298.702
298.905
299.101
299.287
299.46
299.613
299.742
299.846
299.925
299.982
300.021
300.045
300.058
300.064
300.063
300.059
300.053
300.047
300.042
300.038
300.036
300.033
300.032
300.031
300.032
300.034
300.036
300.039
300.043
300.048
300.054
300.061
300.066
300.071
300.075
300.08
300.084
300.088
300.091
300.094
300.097
300.1
300.103
300.107
300.111
300.115
300.119
300.123
300.126
300.129
300.132
300.135
300.137
300.139
300.14
300.141
300.142
300.142
300.142
300.142
300.141
300.14
300.138
300.136
300.133
300.13
300.126
300.122
300.117
300.112
300.106
300.099
300.091
300.083
300.074
300.064
300.054
300.042
300.031
300.019
300.008
299.997
299.989
299.984
299.979
299.978
299.981
299.991
300.007
300.033
300.07
300.119
300.183
300.256
300.341
300.444
300.567
300.7
300.839
300.98
298.704
298.911
299.109
299.298
299.475
299.629
299.759
299.864
299.943
300.001
300.04
300.065
300.079
300.084
300.085
300.081
300.076
300.07
300.065
300.061
300.058
300.056
300.055
300.055
300.056
300.057
300.059
300.062
300.067
300.072
300.079
300.084
300.088
300.092
300.095
300.099
300.103
300.106
300.109
300.112
300.116
300.12
300.124
300.129
300.134
300.138
300.142
300.146
300.149
300.152
300.155
300.157
300.16
300.161
300.163
300.164
300.164
300.165
300.164
300.164
300.163
300.161
300.159
300.157
300.154
300.15
300.146
300.141
300.136
300.13
300.123
300.116
300.107
300.098
300.089
300.078
300.067
300.055
300.043
300.031
300.019
300.007
299.998
299.993
299.989
299.988
299.991
300.001
300.018
300.044
300.082
300.132
300.196
300.268
300.35
300.455
300.576
300.707
300.843
300.981
298.705
298.915
299.118
299.31
299.489
299.645
299.777
299.882
299.962
300.02
300.059
300.085
300.099
300.105
300.106
300.104
300.099
300.093
300.087
300.083
300.081
300.079
300.078
300.078
300.079
300.08
300.083
300.087
300.091
300.097
300.102
300.106
300.109
300.112
300.115
300.119
300.122
300.125
300.128
300.132
300.137
300.142
300.147
300.152
300.156
300.161
300.165
300.168
300.171
300.174
300.177
300.18
300.182
300.183
300.184
300.185
300.186
300.186
300.185
300.185
300.183
300.181
300.179
300.176
300.173
300.169
300.164
300.159
300.153
300.147
300.139
300.131
300.123
300.113
300.102
300.091
300.079
300.067
300.054
300.042
300.029
300.018
300.009
300.002
299.998
299.997
300.001
300.011
300.029
300.055
300.093
300.143
300.208
300.276
300.36
300.467
300.585
300.713
300.847
300.982
298.707
298.919
299.125
299.322
299.503
299.661
299.793
299.899
299.98
300.038
300.078
300.104
300.118
300.125
300.127
300.125
300.121
300.115
300.111
300.106
300.103
300.102
300.101
300.101
300.102
300.104
300.108
300.111
300.116
300.121
300.124
300.126
300.129
300.132
300.135
300.138
300.141
300.145
300.15
300.155
300.16
300.165
300.17
300.175
300.179
300.183
300.186
300.19
300.193
300.196
300.198
300.201
300.202
300.204
300.205
300.206
300.206
300.206
300.205
300.204
300.202
300.2
300.198
300.194
300.191
300.186
300.181
300.176
300.169
300.162
300.154
300.146
300.136
300.126
300.115
300.103
300.091
300.078
300.065
300.052
300.039
300.027
300.019
300.011
300.006
300.005
300.01
300.02
300.038
300.066
300.104
300.155
300.217
300.284
300.372
300.477
300.594
300.72
300.851
300.984
298.708
298.924
299.133
299.334
299.517
299.677
299.81
299.917
299.998
300.056
300.097
300.123
300.138
300.145
300.147
300.146
300.143
300.138
300.134
300.13
300.127
300.126
300.125
300.125
300.127
300.129
300.132
300.136
300.14
300.142
300.144
300.147
300.15
300.152
300.155
300.158
300.163
300.168
300.173
300.178
300.183
300.188
300.192
300.196
300.2
300.204
300.208
300.211
300.214
300.216
300.218
300.22
300.222
300.223
300.224
300.224
300.224
300.224
300.223
300.222
300.22
300.217
300.214
300.211
300.207
300.202
300.196
300.19
300.184
300.176
300.168
300.159
300.149
300.138
300.127
300.115
300.102
300.088
300.075
300.061
300.048
300.037
300.027
300.02
300.015
300.014
300.018
300.029
300.048
300.076
300.116
300.167
300.222
300.293
300.386
300.488
300.603
300.726
300.855
300.985
298.71
298.928
299.142
299.345
299.53
299.692
299.826
299.934
300.015
300.074
300.115
300.141
300.157
300.165
300.168
300.167
300.165
300.161
300.157
300.154
300.151
300.15
300.149
300.15
300.151
300.153
300.156
300.16
300.161
300.163
300.165
300.168
300.17
300.173
300.177
300.181
300.186
300.192
300.196
300.201
300.205
300.209
300.213
300.217
300.221
300.224
300.228
300.23
300.233
300.235
300.237
300.239
300.24
300.241
300.242
300.242
300.242
300.241
300.24
300.238
300.236
300.233
300.23
300.226
300.221
300.216
300.21
300.204
300.196
300.188
300.18
300.17
300.16
300.149
300.137
300.124
300.111
300.098
300.084
300.07
300.057
300.046
300.036
300.028
300.023
300.022
300.027
300.038
300.058
300.087
300.127
300.173
300.229
300.306
300.396
300.498
300.611
300.732
300.858
300.986
298.712
298.934
299.151
299.357
299.544
299.707
299.843
299.95
300.032
300.092
300.133
300.16
300.176
300.184
300.187
300.188
300.186
300.184
300.18
300.177
300.175
300.174
300.174
300.174
300.175
300.177
300.18
300.181
300.182
300.184
300.186
300.188
300.191
300.195
300.2
300.205
300.209
300.214
300.218
300.222
300.226
300.23
300.234
300.237
300.24
300.243
300.246
300.249
300.251
300.253
300.255
300.256
300.257
300.258
300.258
300.258
300.257
300.256
300.255
300.253
300.25
300.247
300.243
300.239
300.234
300.228
300.222
300.215
300.208
300.199
300.19
300.18
300.17
300.158
300.146
300.133
300.12
300.106
300.092
300.078
300.065
300.053
300.044
300.036
300.031
300.03
300.035
300.047
300.067
300.097
300.135
300.178
300.238
300.32
300.408
300.508
300.62
300.739
300.862
300.987
298.713
298.939
299.159
299.368
299.557
299.722
299.859
299.967
300.049
300.109
300.15
300.177
300.194
300.203
300.207
300.208
300.207
300.205
300.202
300.2
300.198
300.197
300.197
300.197
300.198
300.2
300.201
300.202
300.203
300.205
300.207
300.21
300.214
300.218
300.222
300.227
300.231
300.235
300.239
300.242
300.246
300.249
300.253
300.256
300.259
300.261
300.264
300.266
300.268
300.27
300.271
300.272
300.273
300.274
300.273
300.273
300.272
300.27
300.269
300.266
300.263
300.26
300.255
300.251
300.245
300.239
300.233
300.226
300.218
300.209
300.2
300.189
300.178
300.167
300.154
300.141
300.128
300.114
300.1
300.086
300.074
300.061
300.051
300.043
300.038
300.038
300.044
300.056
300.077
300.107
300.138
300.184
300.255
300.331
300.419
300.518
300.628
300.745
300.866
300.989
298.715
298.944
299.168
299.379
299.571
299.737
299.874
299.983
300.066
300.126
300.167
300.194
300.211
300.221
300.225
300.227
300.226
300.225
300.223
300.221
300.22
300.219
300.219
300.219
300.22
300.221
300.221
300.222
300.224
300.226
300.228
300.232
300.236
300.24
300.244
300.247
300.251
300.255
300.258
300.261
300.264
300.267
300.27
300.273
300.276
300.278
300.28
300.282
300.284
300.286
300.286
300.287
300.288
300.288
300.287
300.287
300.285
300.283
300.281
300.278
300.275
300.271
300.267
300.261
300.256
300.249
300.242
300.235
300.226
300.217
300.208
300.197
300.186
300.174
300.162
300.148
300.135
300.121
300.107
300.093
300.08
300.068
300.058
300.051
300.046
300.046
300.052
300.065
300.086
300.109
300.145
300.198
300.267
300.342
300.43
300.529
300.636
300.751
300.87
300.99
298.717
298.949
299.176
299.39
299.584
299.751
299.89
299.999
300.082
300.142
300.184
300.211
300.228
300.238
300.243
300.245
300.246
300.245
300.243
300.242
300.241
300.24
300.24
300.24
300.241
300.241
300.241
300.243
300.244
300.247
300.25
300.253
300.257
300.26
300.263
300.267
300.27
300.273
300.276
300.279
300.282
300.284
300.287
300.289
300.292
300.294
300.296
300.297
300.299
300.3
300.301
300.301
300.302
300.301
300.3
300.3
300.298
300.296
300.293
300.29
300.286
300.282
300.277
300.271
300.265
300.259
300.251
300.243
300.235
300.225
300.215
300.204
300.193
300.181
300.168
300.155
300.141
300.128
300.114
300.1
300.087
300.075
300.066
300.058
300.054
300.054
300.06
300.074
300.09
300.115
300.153
300.215
300.279
300.354
300.441
300.539
300.645
300.757
300.873
300.991
298.719
298.955
299.185
299.401
299.597
299.766
299.905
300.015
300.098
300.158
300.2
300.227
300.245
300.255
300.261
300.263
300.264
300.263
300.263
300.262
300.261
300.26
300.26
300.26
300.26
300.26
300.261
300.262
300.264
300.267
300.27
300.273
300.276
300.279
300.282
300.284
300.287
300.29
300.293
300.295
300.298
300.3
300.302
300.305
300.307
300.308
300.31
300.312
300.313
300.314
300.314
300.315
300.315
300.314
300.313
300.311
300.309
300.307
300.305
300.301
300.297
300.292
300.287
300.281
300.274
300.267
300.259
300.251
300.242
300.232
300.222
300.211
300.199
300.187
300.174
300.161
300.148
300.134
300.12
300.106
300.094
300.082
300.073
300.066
300.062
300.062
300.069
300.079
300.095
300.122
300.173
300.227
300.291
300.367
300.453
300.549
300.653
300.763
300.877
300.992
298.72
298.96
299.193
299.412
299.61
299.78
299.92
300.03
300.113
300.173
300.215
300.243
300.261
300.271
300.277
300.28
300.281
300.281
300.281
300.28
300.28
300.279
300.279
300.279
300.279
300.279
300.28
300.282
300.284
300.286
300.288
300.291
300.294
300.296
300.298
300.301
300.303
300.306
300.308
300.31
300.313
300.315
300.317
300.319
300.321
300.322
300.324
300.325
300.326
300.327
300.327
300.327
300.327
300.326
300.325
300.323
300.322
300.319
300.315
300.311
300.307
300.303
300.296
300.29
300.284
300.276
300.268
300.259
300.25
300.24
300.229
300.218
300.206
300.193
300.181
300.167
300.154
300.14
300.127
300.113
300.101
300.09
300.08
300.073
300.07
300.071
300.074
300.084
300.102
300.14
300.186
300.24
300.304
300.38
300.465
300.56
300.662
300.77
300.881
300.994
298.722
298.965
299.201
299.423
299.623
299.794
299.935
300.045
300.128
300.188
300.23
300.258
300.276
300.287
300.293
300.297
300.298
300.298
300.298
300.298
300.297
300.297
300.297
300.296
300.296
300.297
300.298
300.299
300.301
300.303
300.305
300.307
300.31
300.312
300.314
300.316
300.318
300.32
300.322
300.324
300.326
300.328
300.33
300.332
300.334
300.335
300.337
300.338
300.339
300.339
300.339
300.339
300.339
300.338
300.337
300.335
300.333
300.33
300.327
300.323
300.318
300.312
300.306
300.3
300.293
300.285
300.276
300.267
300.258
300.248
300.236
300.224
300.212
300.2
300.187
300.174
300.16
300.147
300.133
300.12
300.108
300.097
300.088
300.081
300.078
300.077
300.081
300.092
300.119
300.155
300.199
300.254
300.318
300.393
300.478
300.571
300.671
300.776
300.885
300.995
298.724
298.97
299.21
299.434
299.636
299.808
299.949
300.06
300.143
300.203
300.244
300.273
300.291
300.302
300.309
300.312
300.314
300.315
300.315
300.314
300.314
300.313
300.313
300.313
300.313
300.314
300.315
300.316
300.317
300.319
300.321
300.323
300.324
300.326
300.328
300.33
300.332
300.334
300.336
300.337
300.339
300.341
300.343
300.345
300.346
300.348
300.349
300.35
300.351
300.351
300.352
300.352
300.351
300.35
300.349
300.347
300.345
300.342
300.338
300.334
300.329
300.324
300.318
300.31
300.303
300.294
300.285
300.276
300.267
300.256
300.244
300.232
300.22
300.207
300.195
300.181
300.168
300.154
300.141
300.128
300.115
300.105
300.097
300.09
300.085
300.085
300.089
300.108
300.134
300.169
300.214
300.268
300.333
300.407
300.491
300.582
300.68
300.783
300.889
300.996
298.726
298.975
299.218
299.445
299.649
299.822
299.963
300.074
300.157
300.217
300.258
300.286
300.305
300.316
300.323
300.327
300.328
300.329
300.33
300.329
300.329
300.329
300.329
300.329
300.329
300.329
300.33
300.331
300.332
300.334
300.335
300.336
300.338
300.339
300.341
300.343
300.344
300.346
300.348
300.35
300.352
300.353
300.355
300.357
300.358
300.36
300.361
300.362
300.363
300.363
300.364
300.364
300.363
300.362
300.361
300.359
300.357
300.354
300.35
300.346
300.341
300.335
300.329
300.322
300.314
300.306
300.296
300.286
300.277
300.265
300.252
300.24
300.228
300.216
300.203
300.19
300.176
300.162
300.149
300.136
300.125
300.115
300.105
300.098
300.093
300.094
300.104
300.123
300.149
300.185
300.23
300.284
300.349
300.422
300.504
300.594
300.69
300.79
300.893
300.998
298.727
298.981
299.227
299.456
299.661
299.836
299.977
300.088
300.17
300.23
300.272
300.3
300.318
300.329
300.336
300.34
300.342
300.343
300.344
300.344
300.343
300.343
300.343
300.343
300.343
300.344
300.344
300.345
300.346
300.347
300.348
300.349
300.35
300.352
300.353
300.355
300.356
300.358
300.36
300.361
300.363
300.365
300.367
300.368
300.37
300.371
300.373
300.374
300.375
300.375
300.376
300.376
300.375
300.375
300.373
300.372
300.369
300.366
300.363
300.358
300.353
300.348
300.341
300.334
300.326
300.318
300.308
300.298
300.289
300.278
300.263
300.25
300.238
300.226
300.214
300.2
300.186
300.172
300.158
300.145
300.133
300.123
300.114
300.106
300.104
300.108
300.119
300.138
300.165
300.202
300.247
300.302
300.365
300.438
300.519
300.606
300.7
300.797
300.897
300.999
298.729
298.986
299.235
299.467
299.674
299.849
299.991
300.101
300.183
300.243
300.284
300.312
300.33
300.342
300.349
300.353
300.355
300.355
300.356
300.356
300.356
300.356
300.356
300.356
300.356
300.357
300.357
300.358
300.358
300.359
300.36
300.361
300.362
300.363
300.365
300.366
300.367
300.369
300.371
300.372
300.374
300.376
300.378
300.379
300.381
300.383
300.384
300.385
300.387
300.387
300.388
300.388
300.388
300.387
300.386
300.385
300.382
300.379
300.376
300.372
300.367
300.361
300.354
300.347
300.339
300.331
300.321
300.311
300.3
300.289
300.276
300.263
300.251
300.238
300.226
300.212
300.197
300.182
300.167
300.154
300.141
300.132
300.124
300.119
300.118
300.124
300.136
300.156
300.184
300.22
300.266
300.32
300.383
300.454
300.533
300.619
300.71
300.805
300.902
301.001
298.731
298.991
299.244
299.478
299.686
299.862
300.004
300.114
300.196
300.255
300.296
300.324
300.342
300.353
300.36
300.364
300.366
300.367
300.367
300.367
300.368
300.368
300.369
300.369
300.369
300.369
300.369
300.37
300.37
300.371
300.371
300.372
300.373
300.374
300.375
300.377
300.378
300.38
300.381
300.383
300.385
300.387
300.388
300.39
300.392
300.394
300.395
300.397
300.398
300.399
300.4
300.401
300.401
300.4
300.399
300.398
300.396
300.393
300.39
300.386
300.381
300.375
300.369
300.362
300.354
300.345
300.335
300.325
300.314
300.302
300.289
300.276
300.263
300.25
300.236
300.222
300.208
300.193
300.178
300.165
300.154
300.144
300.137
300.134
300.135
300.141
300.155
300.175
300.204
300.241
300.286
300.34
300.402
300.472
300.549
300.632
300.72
300.812
300.906
301.002
298.733
298.997
299.252
299.489
299.699
299.875
300.017
300.127
300.208
300.267
300.308
300.335
300.353
300.364
300.371
300.375
300.377
300.378
300.379
300.379
300.379
300.379
300.379
300.38
300.38
300.38
300.38
300.381
300.381
300.381
300.382
300.382
300.383
300.384
300.385
300.387
300.388
300.39
300.391
300.393
300.395
300.397
300.399
300.401
300.403
300.405
300.407
300.408
300.41
300.411
300.412
300.413
300.413
300.413
300.413
300.412
300.41
300.408
300.405
300.401
300.396
300.391
300.384
300.377
300.369
300.36
300.35
300.34
300.329
300.317
300.304
300.291
300.278
300.264
300.25
300.235
300.221
300.206
300.192
300.179
300.168
300.16
300.154
300.151
300.154
300.161
300.176
300.197
300.226
300.263
300.308
300.361
300.422
300.49
300.565
300.646
300.731
300.82
300.911
301.004
298.735
299.002
299.261
299.5
299.711
299.888
300.03
300.139
300.22
300.278
300.318
300.346
300.363
300.374
300.381
300.385
300.388
300.389
300.389
300.39
300.39
300.39
300.39
300.39
300.39
300.391
300.391
300.391
300.391
300.391
300.392
300.392
300.393
300.394
300.395
300.396
300.398
300.399
300.401
300.403
300.405
300.407
300.409
300.411
300.413
300.415
300.417
300.419
300.421
300.423
300.424
300.426
300.426
300.427
300.426
300.426
300.424
300.422
300.42
300.416
300.412
300.407
300.4
300.393
300.386
300.377
300.367
300.357
300.345
300.333
300.321
300.307
300.294
300.28
300.265
300.251
300.237
300.222
300.208
300.196
300.186
300.178
300.173
300.172
300.175
300.184
300.199
300.221
300.25
300.286
300.331
300.383
300.442
300.509
300.582
300.66
300.742
300.828
300.916
301.005
298.737
299.008
299.269
299.511
299.723
299.901
300.042
300.151
300.231
300.289
300.329
300.355
300.373
300.384
300.391
300.395
300.398
300.399
300.4
300.4
300.4
300.4
300.4
300.4
300.4
300.4
300.401
300.401
300.401
300.401
300.401
300.402
300.403
300.403
300.404
300.406
300.407
300.409
300.41
300.412
300.414
300.416
300.419
300.421
300.423
300.426
300.428
300.43
300.432
300.434
300.436
300.438
300.439
300.44
300.44
300.44
300.439
300.437
300.435
300.432
300.428
300.423
300.417
300.411
300.403
300.395
300.385
300.375
300.364
300.352
300.339
300.326
300.312
300.298
300.283
300.269
300.255
300.24
300.227
300.216
300.206
300.199
300.195
300.195
300.2
300.209
300.225
300.247
300.276
300.312
300.355
300.406
300.464
300.528
300.599
300.674
300.754
300.836
300.921
301.007
298.739
299.013
299.278
299.522
299.735
299.913
300.055
300.162
300.242
300.299
300.338
300.365
300.382
300.394
300.401
300.405
300.407
300.408
300.409
300.409
300.409
300.409
300.409
300.409
300.409
300.41
300.41
300.41
300.41
300.41
300.41
300.411
300.412
300.412
300.413
300.415
300.416
300.418
300.419
300.421
300.423
300.426
300.428
300.43
300.433
300.436
300.438
300.441
300.443
300.446
300.448
300.45
300.451
300.452
300.453
300.453
300.453
300.452
300.45
300.447
300.444
300.44
300.434
300.428
300.421
300.413
300.404
300.394
300.383
300.371
300.359
300.345
300.332
300.318
300.304
300.289
300.275
300.262
300.249
300.239
300.23
300.224
300.221
300.222
300.227
300.237
300.253
300.275
300.303
300.339
300.381
300.43
300.487
300.549
300.617
300.689
300.766
300.845
300.926
301.009
298.741
299.019
299.287
299.533
299.748
299.925
300.066
300.174
300.252
300.309
300.348
300.374
300.391
300.402
300.409
300.413
300.416
300.417
300.418
300.418
300.418
300.418
300.418
300.418
300.418
300.418
300.419
300.419
300.419
300.419
300.419
300.42
300.42
300.421
300.422
300.423
300.425
300.426
300.428
300.43
300.432
300.434
300.437
300.439
300.442
300.445
300.448
300.451
300.453
300.456
300.459
300.461
300.463
300.465
300.466
300.466
300.467
300.466
300.465
300.463
300.46
300.456
300.452
300.446
300.44
300.432
300.423
300.414
300.403
300.392
300.38
300.367
300.354
300.34
300.326
300.312
300.298
300.286
300.274
300.264
300.257
300.251
300.249
300.25
300.256
300.267
300.283
300.304
300.332
300.367
300.408
300.456
300.51
300.57
300.635
300.704
300.778
300.854
300.931
301.01
298.743
299.025
299.296
299.544
299.76
299.938
300.078
300.184
300.262
300.318
300.356
300.382
300.399
300.41
300.417
300.422
300.424
300.426
300.426
300.427
300.427
300.427
300.427
300.427
300.427
300.427
300.427
300.427
300.427
300.428
300.428
300.428
300.429
300.429
300.43
300.431
300.433
300.434
300.436
300.438
300.44
300.443
300.445
300.448
300.451
300.454
300.457
300.46
300.463
300.466
300.469
300.471
300.474
300.476
300.478
300.479
300.48
300.48
300.479
300.478
300.476
300.473
300.469
300.464
300.458
300.451
300.443
300.434
300.424
300.414
300.402
300.39
300.377
300.364
300.35
300.337
300.324
300.313
300.302
300.293
300.286
300.281
300.28
300.282
300.288
300.299
300.314
300.336
300.363
300.397
300.436
300.482
300.534
300.592
300.654
300.72
300.79
300.863
300.937
301.012
298.745
299.031
299.305
299.555
299.771
299.949
300.089
300.194
300.271
300.326
300.364
300.39
300.407
300.418
300.425
300.429
300.432
300.433
300.434
300.435
300.435
300.435
300.435
300.435
300.435
300.435
300.435
300.435
300.436
300.436
300.436
300.436
300.437
300.437
300.438
300.439
300.441
300.442
300.444
300.446
300.448
300.451
300.453
300.456
300.459
300.462
300.465
300.469
300.472
300.475
300.478
300.481
300.484
300.487
300.489
300.49
300.492
300.492
300.492
300.492
300.49
300.488
300.485
300.481
300.476
300.47
300.463
300.455
300.446
300.436
300.425
300.414
300.402
300.389
300.377
300.364
300.352
300.342
300.332
300.324
300.318
300.314
300.313
300.315
300.322
300.332
300.348
300.369
300.395
300.428
300.466
300.51
300.559
300.614
300.673
300.736
300.803
300.872
300.942
301.014
298.747
299.036
299.314
299.566
299.783
299.961
300.099
300.204
300.28
300.334
300.371
300.397
300.414
300.425
300.432
300.436
300.439
300.441
300.442
300.442
300.443
300.443
300.443
300.443
300.443
300.443
300.443
300.443
300.443
300.444
300.444
300.444
300.445
300.445
300.446
300.447
300.448
300.45
300.451
300.453
300.456
300.458
300.461
300.463
300.466
300.47
300.473
300.476
300.48
300.483
300.487
300.49
300.493
300.496
300.499
300.501
300.503
300.504
300.505
300.505
300.504
300.503
300.501
300.497
300.493
300.488
300.482
300.475
300.467
300.458
300.449
300.438
300.427
300.416
300.405
300.393
300.382
300.373
300.364
300.357
300.352
300.349
300.348
300.351
300.357
300.368
300.383
300.403
300.429
300.46
300.496
300.538
300.585
300.637
300.693
300.753
300.816
300.881
300.948
301.016
298.749
299.042
299.322
299.576
299.794
299.971
300.109
300.213
300.288
300.341
300.378
300.403
300.42
300.431
300.438
300.443
300.446
300.448
300.449
300.449
300.45
300.45
300.45
300.45
300.45
300.45
300.45
300.45
300.451
300.451
300.451
300.452
300.452
300.453
300.453
300.454
300.455
300.457
300.458
300.46
300.462
300.465
300.467
300.47
300.473
300.476
300.48
300.483
300.487
300.49
300.494
300.498
300.501
300.504
300.507
300.51
300.513
300.514
300.516
300.517
300.517
300.516
300.515
300.513
300.51
300.506
300.501
300.495
300.488
300.481
300.472
300.463
300.454
300.444
300.434
300.424
300.415
300.407
300.397
300.392
300.388
300.385
300.385
300.388
300.395
300.405
300.42
300.439
300.464
300.493
300.527
300.567
300.611
300.66
300.713
300.77
300.829
300.891
300.954
301.018
298.751
299.048
299.331
299.586
299.805
299.982
300.118
300.221
300.295
300.348
300.384
300.409
300.426
300.437
300.444
300.449
300.452
300.454
300.455
300.456
300.457
300.457
300.457
300.457
300.458
300.458
300.458
300.458
300.458
300.458
300.459
300.459
300.459
300.46
300.46
300.461
300.462
300.463
300.465
300.467
300.469
300.471
300.473
300.476
300.479
300.482
300.486
300.489
300.493
300.497
300.501
300.504
300.508
300.512
300.515
300.518
300.521
300.524
300.526
300.527
300.528
300.528
300.528
300.527
300.525
300.522
300.518
300.514
300.509
300.503
300.496
300.488
300.48
300.472
300.463
300.455
300.447
300.44
300.432
300.428
300.424
300.423
300.423
300.427
300.433
300.443
300.458
300.476
300.499
300.527
300.559
300.596
300.638
300.684
300.734
300.787
300.843
300.9
300.96
301.02
298.753
299.053
299.339
299.596
299.814
299.991
300.126
300.228
300.301
300.353
300.389
300.413
300.43
300.441
300.449
300.454
300.457
300.459
300.461
300.462
300.463
300.463
300.464
300.464
300.464
300.464
300.464
300.465
300.465
300.465
300.465
300.466
300.466
300.466
300.467
300.468
300.469
300.47
300.471
300.473
300.474
300.477
300.479
300.481
300.484
300.487
300.491
300.494
300.498
300.502
300.506
300.51
300.514
300.518
300.521
300.525
300.528
300.531
300.534
300.536
300.538
300.539
300.54
300.539
300.539
300.537
300.535
300.532
300.528
300.523
300.518
300.512
300.506
300.5
300.493
300.486
300.48
300.474
300.471
300.465
300.462
300.461
300.462
300.466
300.472
300.482
300.496
300.514
300.535
300.561
300.592
300.626
300.665
300.708
300.755
300.804
300.856
300.91
300.966
301.022
298.754
299.059
299.347
299.605
299.823
299.998
300.133
300.233
300.305
300.357
300.392
300.417
300.434
300.445
300.453
300.458
300.462
300.464
300.466
300.467
300.468
300.469
300.47
300.47
300.47
300.471
300.471
300.471
300.471
300.471
300.472
300.472
300.472
300.473
300.473
300.474
300.474
300.475
300.477
300.478
300.48
300.482
300.484
300.486
300.489
300.492
300.495
300.499
300.502
300.506
300.51
300.514
300.518
300.522
300.526
300.53
300.534
300.538
300.541
300.544
300.546
300.548
300.55
300.551
300.551
300.551
300.55
300.548
300.546
300.543
300.54
300.536
300.531
300.526
300.521
300.516
300.511
300.506
300.506
300.501
300.5
300.499
300.501
300.505
300.512
300.522
300.535
300.551
300.572
300.596
300.625
300.657
300.693
300.733
300.776
300.822
300.87
300.92
300.972
301.024
298.756
299.063
299.353
299.612
299.83
300.004
300.138
300.237
300.308
300.359
300.394
300.419
300.436
300.448
300.456
300.461
300.466
300.468
300.471
300.472
300.473
300.474
300.475
300.476
300.476
300.476
300.477
300.477
300.477
300.477
300.477
300.478
300.478
300.478
300.479
300.479
300.48
300.481
300.482
300.483
300.484
300.486
300.488
300.49
300.493
300.496
300.499
300.502
300.506
300.509
300.513
300.517
300.522
300.526
300.53
300.534
300.538
300.542
300.546
300.55
300.553
300.556
300.558
300.56
300.561
300.562
300.563
300.563
300.562
300.561
300.559
300.557
300.554
300.552
300.549
300.546
300.543
300.54
300.539
300.537
300.536
300.537
300.54
300.545
300.551
300.561
300.574
300.589
300.608
300.631
300.657
300.687
300.721
300.758
300.797
300.84
300.884
300.931
300.978
301.026
298.758
299.067
299.358
299.618
299.835
300.008
300.14
300.238
300.308
300.359
300.394
300.419
300.437
300.449
300.458
300.464
300.468
300.472
300.474
300.476
300.477
300.479
300.48
300.48
300.481
300.481
300.482
300.482
300.482
300.483
300.483
300.483
300.483
300.484
300.484
300.484
300.485
300.486
300.486
300.487
300.489
300.49
300.492
300.494
300.496
300.499
300.501
300.505
300.508
300.512
300.516
300.52
300.524
300.528
300.533
300.537
300.542
300.546
300.55
300.554
300.558
300.561
300.565
300.568
300.57
300.572
300.574
300.575
300.576
300.577
300.577
300.576
300.576
300.575
300.574
300.573
300.572
300.571
300.571
300.57
300.572
300.574
300.577
300.583
300.59
300.599
300.612
300.627
300.645
300.666
300.69
300.718
300.748
300.782
300.818
300.857
300.898
300.94
300.984
301.028
298.759
299.07
299.362
299.62
299.837
300.008
300.139
300.236
300.306
300.357
300.392
300.418
300.436
300.449
300.458
300.465
300.47
300.474
300.477
300.479
300.481
300.482
300.483
300.484
300.485
300.486
300.486
300.487
300.487
300.487
300.487
300.488
300.488
300.488
300.489
300.489
300.489
300.49
300.49
300.491
300.492
300.494
300.495
300.497
300.499
300.501
300.504
300.507
300.51
300.513
300.517
300.521
300.525
300.53
300.534
300.539
300.543
300.548
300.553
300.557
300.562
300.566
300.57
300.574
300.577
300.58
300.583
300.586
300.588
300.59
300.592
300.593
300.595
300.596
300.596
300.597
300.598
300.599
300.6
300.604
300.605
300.608
300.613
300.619
300.626
300.636
300.648
300.662
300.679
300.699
300.721
300.747
300.775
300.806
300.839
300.874
300.911
300.95
300.989
301.03
298.759
299.07
299.362
299.62
299.834
300.005
300.134
300.231
300.301
300.352
300.388
300.415
300.433
300.447
300.457
300.465
300.471
300.475
300.478
300.481
300.483
300.485
300.486
300.487
300.488
300.489
300.49
300.49
300.491
300.491
300.491
300.492
300.492
300.492
300.493
300.493
300.493
300.494
300.494
300.495
300.495
300.496
300.498
300.499
300.501
300.503
300.505
300.508
300.511
300.514
300.518
300.522
300.526
300.53
300.535
300.539
300.544
300.549
300.554
300.559
300.564
300.569
300.573
300.578
300.582
300.586
300.59
300.594
300.598
300.601
300.604
300.607
300.61
300.613
300.616
300.618
300.621
300.624
300.628
300.632
300.634
300.639
300.645
300.652
300.66
300.67
300.682
300.695
300.712
300.73
300.751
300.774
300.8
300.828
300.858
300.89
300.923
300.958
300.994
301.031
298.758
299.069
299.359
299.614
299.827
299.996
300.125
300.222
300.292
300.344
300.382
300.409
300.429
300.444
300.455
300.464
300.47
300.475
300.479
300.482
300.484
300.487
300.488
300.49
300.491
300.492
300.492
300.493
300.494
300.494
300.495
300.495
300.495
300.496
300.496
300.496
300.496
300.497
300.497
300.497
300.498
300.499
300.5
300.501
300.503
300.504
300.506
300.509
300.512
300.515
300.518
300.522
300.526
300.53
300.535
300.539
300.544
300.549
300.554
300.56
300.565
300.57
300.575
300.58
300.585
300.59
300.595
300.6
300.604
300.609
300.613
300.618
300.622
300.627
300.631
300.635
300.64
300.645
300.649
300.655
300.661
300.666
300.673
300.68
300.689
300.699
300.711
300.725
300.74
300.757
300.777
300.798
300.821
300.847
300.874
300.903
300.934
300.966
300.999
301.033
298.757
299.064
299.351
299.603
299.814
299.981
300.11
300.208
300.28
300.333
300.373
300.402
300.423
300.44
300.452
300.461
300.469
300.474
300.479
300.482
300.485
300.487
300.489
300.491
300.492
300.494
300.494
300.495
300.496
300.497
300.497
300.497
300.498
300.498
300.498
300.499
300.499
300.499
300.499
300.5
300.5
300.501
300.502
300.503
300.504
300.505
300.507
300.509
300.512
300.515
300.518
300.521
300.525
300.529
300.534
300.538
300.543
300.549
300.554
300.559
300.565
300.57
300.576
300.581
300.587
300.592
300.598
300.603
300.609
300.614
300.62
300.625
300.631
300.636
300.642
300.648
300.654
300.66
300.666
300.673
300.68
300.687
300.694
300.703
300.713
300.723
300.735
300.748
300.763
300.779
300.797
300.817
300.839
300.862
300.887
300.914
300.942
300.971
301.002
301.034
298.754
299.056
299.338
299.587
299.795
299.961
300.091
300.19
300.264
300.32
300.362
300.393
300.417
300.434
300.448
300.458
300.466
300.473
300.478
300.482
300.485
300.488
300.49
300.492
300.493
300.495
300.496
300.497
300.497
300.498
300.499
300.499
300.499
300.5
300.5
300.5
300.5
300.501
300.501
300.501
300.502
300.502
300.503
300.504
300.505
300.506
300.508
300.51
300.512
300.515
300.518
300.521
300.525
300.528
300.533
300.537
300.542
300.547
300.553
300.558
300.564
300.57
300.575
300.581
300.587
300.593
300.599
300.605
300.611
300.617
300.623
300.63
300.636
300.642
300.649
300.655
300.662
300.669
300.677
300.684
300.692
300.701
300.709
300.719
300.729
300.74
300.752
300.765
300.779
300.795
300.812
300.831
300.851
300.873
300.896
300.921
300.948
300.975
301.005
301.035
298.751
299.046
299.321
299.566
299.771
299.938
300.069
300.171
300.248
300.307
300.351
300.385
300.41
300.429
300.444
300.455
300.464
300.471
300.477
300.481
300.485
300.488
300.49
300.492
300.494
300.495
300.496
300.497
300.498
300.499
300.499
300.5
300.5
300.501
300.501
300.501
300.501
300.502
300.502
300.502
300.503
300.503
300.504
300.504
300.505
300.507
300.508
300.51
300.512
300.514
300.517
300.52
300.524
300.528
300.532
300.536
300.541
300.546
300.552
300.557
300.563
300.569
300.575
300.581
300.587
300.593
300.599
300.605
300.612
300.618
300.625
300.631
300.638
300.645
300.652
300.659
300.667
300.674
300.682
300.69
300.699
300.708
300.717
300.727
300.738
300.749
300.761
300.774
300.789
300.804
300.821
300.839
300.858
300.879
300.901
300.925
300.951
300.978
301.006
301.035
298.747
299.036
299.306
299.547
299.751
299.919
300.052
300.156
300.236
300.297
300.343
300.378
300.405
300.426
300.441
300.453
300.463
300.47
300.476
300.48
300.484
300.487
300.49
300.492
300.494
300.495
300.496
300.497
300.498
300.499
300.5
300.5
300.501
300.501
300.501
300.502
300.502
300.502
300.502
300.503
300.503
300.503
300.504
300.505
300.506
300.507
300.508
300.51
300.512
300.514
300.517
300.52
300.524
300.527
300.532
300.536
300.541
300.546
300.551
300.556
300.562
300.568
300.574
300.58
300.586
300.592
300.599
300.605
300.612
300.618
300.625
300.632
300.639
300.646
300.653
300.66
300.668
300.676
300.684
300.692
300.701
300.71
300.72
300.73
300.741
300.752
300.764
300.778
300.792
300.807
300.824
300.842
300.861
300.881
300.903
300.927
300.952
300.979
301.007
301.036
)
;

boundaryField
{
    Adiabatic_walls
    {
        type            calculated;
        value           nonuniform List<scalar> 
200
(
298.747
299.036
299.306
299.547
299.751
299.919
300.052
300.156
300.236
300.297
300.343
300.378
300.405
300.426
300.441
300.453
300.463
300.47
300.476
300.48
300.484
300.487
300.49
300.492
300.494
300.495
300.496
300.497
300.498
300.499
300.5
300.5
300.501
300.501
300.501
300.502
300.502
300.502
300.502
300.503
300.503
300.503
300.504
300.505
300.506
300.507
300.508
300.51
300.512
300.514
300.517
300.52
300.524
300.527
300.532
300.536
300.541
300.546
300.551
300.556
300.562
300.568
300.574
300.58
300.586
300.592
300.599
300.605
300.612
300.618
300.625
300.632
300.639
300.646
300.653
300.66
300.668
300.676
300.684
300.692
300.701
300.71
300.72
300.73
300.741
300.752
300.764
300.778
300.792
300.807
300.824
300.842
300.861
300.881
300.903
300.927
300.952
300.979
301.007
301.036
298.613
298.64
298.666
298.691
298.715
298.737
298.758
298.778
298.796
298.814
298.83
298.844
298.858
298.871
298.883
298.894
298.904
298.914
298.923
298.932
298.94
298.948
298.956
298.963
298.97
298.977
298.983
298.99
298.996
299.002
299.007
299.013
299.019
299.024
299.029
299.035
299.04
299.045
299.05
299.055
299.06
299.064
299.069
299.073
299.078
299.082
299.086
299.089
299.093
299.096
299.099
299.102
299.104
299.107
299.109
299.111
299.113
299.114
299.116
299.117
299.119
299.12
299.122
299.123
299.125
299.127
299.128
299.13
299.132
299.134
299.136
299.138
299.14
299.143
299.145
299.148
299.151
299.155
299.159
299.163
299.168
299.174
299.181
299.19
299.2
299.213
299.229
299.25
299.277
299.313
299.359
299.419
299.498
299.601
299.732
299.898
300.102
300.342
300.613
300.902
)
;
    }
    Left
    {
        type            calculated;
        value           uniform 298.6;
    }
    Right
    {
        type            calculated;
        value           uniform 301.05;
    }
    frontAndBack
    {
        type            empty;
    }
}

